GDC_Aliquot	Chromosome	Start	End	Copy_Number	Major_Copy_Number	Minor_Copy_Number
2519b562-f63d-599c-a4b0-b9bcd65e201e	chr1	62920	4492242	4	2	2
2519b562-f63d-599c-a4b0-b9bcd65e201e	chr1	4494031	4947175	3	2	1
2519b562-f63d-599c-a4b0-b9bcd65e201e	chr1	4947419	27001029	4	2	2
2519b562-f63d-599c-a4b0-b9bcd65e201e	chr1	27002080	27020298	3	3	0
2519b562-f63d-599c-a4b0-b9bcd65e201e	chr1	27022452	29451601	2	2	0
2519b562-f63d-599c-a4b0-b9bcd65e201e	chr1	29455711	30963709	3	2	1
2519b562-f63d-599c-a4b0-b9bcd65e201e	chr1	30965182	34250173	2	2	0
2519b562-f63d-599c-a4b0-b9bcd65e201e	chr1	34250298	50788934	3	2	1
2519b562-f63d-599c-a4b0-b9bcd65e201e	chr1	50793369	52108630	7	5	2
2519b562-f63d-599c-a4b0-b9bcd65e201e	chr1	52110752	57357195	3	2	1
2519b562-f63d-599c-a4b0-b9bcd65e201e	chr1	57360092	63261810	11	9	2
2519b562-f63d-599c-a4b0-b9bcd65e201e	chr1	63261871	63492673	19	17	2
2519b562-f63d-599c-a4b0-b9bcd65e201e	chr1	63497292	66077251	11	9	2
2519b562-f63d-599c-a4b0-b9bcd65e201e	chr1	66077594	67215319	8	6	2
2519b562-f63d-599c-a4b0-b9bcd65e201e	chr1	67219433	67509982	3	2	1
2519b562-f63d-599c-a4b0-b9bcd65e201e	chr1	67511414	70712792	10	8	2
2519b562-f63d-599c-a4b0-b9bcd65e201e	chr1	70714706	70909817	17	14	3
2519b562-f63d-599c-a4b0-b9bcd65e201e	chr1	70911967	72295173	11	9	2
2519b562-f63d-599c-a4b0-b9bcd65e201e	chr1	72296993	72345465	2	2	0
2519b562-f63d-599c-a4b0-b9bcd65e201e	chr1	72346221	73148843	11	9	2
2519b562-f63d-599c-a4b0-b9bcd65e201e	chr1	73150784	73705113	9	7	2
2519b562-f63d-599c-a4b0-b9bcd65e201e	chr1	73708274	74018113	12	10	2
2519b562-f63d-599c-a4b0-b9bcd65e201e	chr1	74018816	74971790	7	5	2
2519b562-f63d-599c-a4b0-b9bcd65e201e	chr1	74980901	76643573	10	8	2
2519b562-f63d-599c-a4b0-b9bcd65e201e	chr1	76643845	77241706	7	5	2
2519b562-f63d-599c-a4b0-b9bcd65e201e	chr1	77243000	77316206	15	15	0
2519b562-f63d-599c-a4b0-b9bcd65e201e	chr1	77316256	77320800	14	14	0
2519b562-f63d-599c-a4b0-b9bcd65e201e	chr1	77320832	77488214	13	9	4
2519b562-f63d-599c-a4b0-b9bcd65e201e	chr1	77493027	78555106	8	6	2
2519b562-f63d-599c-a4b0-b9bcd65e201e	chr1	78555395	78725221	13	11	2
2519b562-f63d-599c-a4b0-b9bcd65e201e	chr1	78730249	79422231	8	6	2
2519b562-f63d-599c-a4b0-b9bcd65e201e	chr1	79424100	81036484	11	9	2
2519b562-f63d-599c-a4b0-b9bcd65e201e	chr1	81037030	82226232	3	2	1
2519b562-f63d-599c-a4b0-b9bcd65e201e	chr1	82228239	84357804	10	8	2
2519b562-f63d-599c-a4b0-b9bcd65e201e	chr1	84365125	84709901	3	2	1
2519b562-f63d-599c-a4b0-b9bcd65e201e	chr1	84721064	88917343	10	8	2
2519b562-f63d-599c-a4b0-b9bcd65e201e	chr1	88922329	91327303	3	2	1
2519b562-f63d-599c-a4b0-b9bcd65e201e	chr1	91327317	92979860	10	8	2
2519b562-f63d-599c-a4b0-b9bcd65e201e	chr1	92979940	95274694	8	6	2
2519b562-f63d-599c-a4b0-b9bcd65e201e	chr1	95277772	98355795	3	2	1
2519b562-f63d-599c-a4b0-b9bcd65e201e	chr1	98356475	98463005	9	6	3
2519b562-f63d-599c-a4b0-b9bcd65e201e	chr1	98466273	99127010	9	7	2
2519b562-f63d-599c-a4b0-b9bcd65e201e	chr1	99131772	103515125	3	2	1
2519b562-f63d-599c-a4b0-b9bcd65e201e	chr1	103520520	108916674	8	6	2
2519b562-f63d-599c-a4b0-b9bcd65e201e	chr1	108917691	109809144	7	5	2
2519b562-f63d-599c-a4b0-b9bcd65e201e	chr1	109809345	110009772	10	8	2
2519b562-f63d-599c-a4b0-b9bcd65e201e	chr1	110012338	111699173	6	4	2
2519b562-f63d-599c-a4b0-b9bcd65e201e	chr1	111699330	112789435	5	3	2
2519b562-f63d-599c-a4b0-b9bcd65e201e	chr1	112790765	114581540	3	2	1
2519b562-f63d-599c-a4b0-b9bcd65e201e	chr1	114594150	116176228	8	6	2
2519b562-f63d-599c-a4b0-b9bcd65e201e	chr1	116177739	118973358	9	7	2
2519b562-f63d-599c-a4b0-b9bcd65e201e	chr1	118982248	121705338	3	2	1
2519b562-f63d-599c-a4b0-b9bcd65e201e	chr1	143541857	148359050	7	5	2
2519b562-f63d-599c-a4b0-b9bcd65e201e	chr1	149761178	152107026	11	9	2
2519b562-f63d-599c-a4b0-b9bcd65e201e	chr1	152116473	152546733	4	2	2
2519b562-f63d-599c-a4b0-b9bcd65e201e	chr1	152554167	152583230	1	1	0
2519b562-f63d-599c-a4b0-b9bcd65e201e	chr1	152583291	152614064	0	0	0
2519b562-f63d-599c-a4b0-b9bcd65e201e	chr1	152614100	153531659	4	2	2
2519b562-f63d-599c-a4b0-b9bcd65e201e	chr1	153535284	153730865	7	5	2
2519b562-f63d-599c-a4b0-b9bcd65e201e	chr1	153734223	154397907	4	2	2
2519b562-f63d-599c-a4b0-b9bcd65e201e	chr1	154398462	154856543	2	2	0
2519b562-f63d-599c-a4b0-b9bcd65e201e	chr1	154856627	158508468	6	4	2
2519b562-f63d-599c-a4b0-b9bcd65e201e	chr1	158513786	159162742	2	2	0
2519b562-f63d-599c-a4b0-b9bcd65e201e	chr1	159167063	191339774	4	2	2
2519b562-f63d-599c-a4b0-b9bcd65e201e	chr1	191342461	192617179	2	2	0
2519b562-f63d-599c-a4b0-b9bcd65e201e	chr1	192617239	192850094	1	1	0
2519b562-f63d-599c-a4b0-b9bcd65e201e	chr1	192850186	200192234	2	2	0
2519b562-f63d-599c-a4b0-b9bcd65e201e	chr1	200194726	201590976	4	2	2
2519b562-f63d-599c-a4b0-b9bcd65e201e	chr1	201592547	238816488	2	2	0
2519b562-f63d-599c-a4b0-b9bcd65e201e	chr1	238819469	238911671	4	4	0
2519b562-f63d-599c-a4b0-b9bcd65e201e	chr1	238917298	248930189	2	2	0
2519b562-f63d-599c-a4b0-b9bcd65e201e	chr2	12784	34466002	3	2	1
2519b562-f63d-599c-a4b0-b9bcd65e201e	chr2	34474248	34511990	0	0	0
2519b562-f63d-599c-a4b0-b9bcd65e201e	chr2	34512096	88829551	3	2	1
2519b562-f63d-599c-a4b0-b9bcd65e201e	chr2	88830496	102186390	4	2	2
2519b562-f63d-599c-a4b0-b9bcd65e201e	chr2	102186762	102238781	1	1	0
2519b562-f63d-599c-a4b0-b9bcd65e201e	chr2	102238838	120404962	4	2	2
2519b562-f63d-599c-a4b0-b9bcd65e201e	chr2	120406451	120483967	3	2	1
2519b562-f63d-599c-a4b0-b9bcd65e201e	chr2	120484331	146104517	4	2	2
2519b562-f63d-599c-a4b0-b9bcd65e201e	chr2	146106836	146109366	0	0	0
2519b562-f63d-599c-a4b0-b9bcd65e201e	chr2	146120238	172059707	4	2	2
2519b562-f63d-599c-a4b0-b9bcd65e201e	chr2	172070931	180601924	2	2	0
2519b562-f63d-599c-a4b0-b9bcd65e201e	chr2	180602391	181697972	1	1	0
2519b562-f63d-599c-a4b0-b9bcd65e201e	chr2	181704533	242147305	2	2	0
2519b562-f63d-599c-a4b0-b9bcd65e201e	chr3	20930	85691098	3	2	1
2519b562-f63d-599c-a4b0-b9bcd65e201e	chr3	85691284	86826061	4	2	2
2519b562-f63d-599c-a4b0-b9bcd65e201e	chr3	86826308	98054029	3	2	1
2519b562-f63d-599c-a4b0-b9bcd65e201e	chr3	98054083	98067882	2	1	1
2519b562-f63d-599c-a4b0-b9bcd65e201e	chr3	98068101	116833757	3	2	1
2519b562-f63d-599c-a4b0-b9bcd65e201e	chr3	116834824	116896296	1	1	0
2519b562-f63d-599c-a4b0-b9bcd65e201e	chr3	116896339	198169247	3	2	1
2519b562-f63d-599c-a4b0-b9bcd65e201e	chr4	68929	9374840	3	2	1
2519b562-f63d-599c-a4b0-b9bcd65e201e	chr4	9376553	9427585	6	4	2
2519b562-f63d-599c-a4b0-b9bcd65e201e	chr4	9428543	40504922	3	2	1
2519b562-f63d-599c-a4b0-b9bcd65e201e	chr4	40508099	190106768	4	2	2
2519b562-f63d-599c-a4b0-b9bcd65e201e	chr5	15532	2689785	4	2	2
2519b562-f63d-599c-a4b0-b9bcd65e201e	chr5	2690126	29176974	5	3	2
2519b562-f63d-599c-a4b0-b9bcd65e201e	chr5	29178295	29278471	6	4	2
2519b562-f63d-599c-a4b0-b9bcd65e201e	chr5	29279188	29351298	5	3	2
2519b562-f63d-599c-a4b0-b9bcd65e201e	chr5	29352087	30142033	6	4	2
2519b562-f63d-599c-a4b0-b9bcd65e201e	chr5	30143719	46251204	4	2	2
2519b562-f63d-599c-a4b0-b9bcd65e201e	chr5	46270906	60582059	3	2	1
2519b562-f63d-599c-a4b0-b9bcd65e201e	chr5	60583258	155985299	2	2	0
2519b562-f63d-599c-a4b0-b9bcd65e201e	chr5	155993994	156035401	3	3	0
2519b562-f63d-599c-a4b0-b9bcd65e201e	chr5	156035761	156134455	4	4	0
2519b562-f63d-599c-a4b0-b9bcd65e201e	chr5	156135368	181363319	2	2	0
2519b562-f63d-599c-a4b0-b9bcd65e201e	chr6	149661	24005142	4	2	2
2519b562-f63d-599c-a4b0-b9bcd65e201e	chr6	24009031	44559231	3	2	1
2519b562-f63d-599c-a4b0-b9bcd65e201e	chr6	44559365	44565574	6	5	1
2519b562-f63d-599c-a4b0-b9bcd65e201e	chr6	44568921	157574491	2	2	0
2519b562-f63d-599c-a4b0-b9bcd65e201e	chr6	157576940	157620251	3	3	0
2519b562-f63d-599c-a4b0-b9bcd65e201e	chr6	157620479	170741917	2	2	0
2519b562-f63d-599c-a4b0-b9bcd65e201e	chr7	43259	155133	4	2	2
2519b562-f63d-599c-a4b0-b9bcd65e201e	chr7	155194	8952743	3	2	1
2519b562-f63d-599c-a4b0-b9bcd65e201e	chr7	8952899	48829127	4	2	2
2519b562-f63d-599c-a4b0-b9bcd65e201e	chr7	48830349	50819601	3	2	1
2519b562-f63d-599c-a4b0-b9bcd65e201e	chr7	50820417	87522973	4	2	2
2519b562-f63d-599c-a4b0-b9bcd65e201e	chr7	87523764	87570684	3	2	1
2519b562-f63d-599c-a4b0-b9bcd65e201e	chr7	87571151	99197786	4	2	2
2519b562-f63d-599c-a4b0-b9bcd65e201e	chr7	99199397	107894647	3	2	1
2519b562-f63d-599c-a4b0-b9bcd65e201e	chr7	107895853	147115227	4	2	2
2519b562-f63d-599c-a4b0-b9bcd65e201e	chr7	147115581	147310134	1	1	0
2519b562-f63d-599c-a4b0-b9bcd65e201e	chr7	147310572	159334314	3	2	1
2519b562-f63d-599c-a4b0-b9bcd65e201e	chr8	81254	12693626	2	2	0
2519b562-f63d-599c-a4b0-b9bcd65e201e	chr8	12694109	12701420	3	3	0
2519b562-f63d-599c-a4b0-b9bcd65e201e	chr8	12702326	46012589	2	2	0
2519b562-f63d-599c-a4b0-b9bcd65e201e	chr8	46012735	145072769	3	2	1
2519b562-f63d-599c-a4b0-b9bcd65e201e	chr9	46587	9338146	2	2	0
2519b562-f63d-599c-a4b0-b9bcd65e201e	chr9	9338215	13333623	1	1	0
2519b562-f63d-599c-a4b0-b9bcd65e201e	chr9	13336005	35493487	2	2	0
2519b562-f63d-599c-a4b0-b9bcd65e201e	chr9	35496317	35544293	3	2	1
2519b562-f63d-599c-a4b0-b9bcd65e201e	chr9	35545620	41741113	2	2	0
2519b562-f63d-599c-a4b0-b9bcd65e201e	chr9	60863881	74597117	3	2	1
2519b562-f63d-599c-a4b0-b9bcd65e201e	chr9	74597167	75600442	4	3	1
2519b562-f63d-599c-a4b0-b9bcd65e201e	chr9	75600670	138200944	3	2	1
2519b562-f63d-599c-a4b0-b9bcd65e201e	chr10	45792	35661578	2	2	0
2519b562-f63d-599c-a4b0-b9bcd65e201e	chr10	35665823	36132277	4	2	2
2519b562-f63d-599c-a4b0-b9bcd65e201e	chr10	36132357	89322027	2	2	0
2519b562-f63d-599c-a4b0-b9bcd65e201e	chr10	89324972	89614187	4	3	1
2519b562-f63d-599c-a4b0-b9bcd65e201e	chr10	89617598	115396441	2	2	0
2519b562-f63d-599c-a4b0-b9bcd65e201e	chr10	115400903	115973353	1	1	0
2519b562-f63d-599c-a4b0-b9bcd65e201e	chr10	115973458	133654968	2	2	0
2519b562-f63d-599c-a4b0-b9bcd65e201e	chr11	198510	29443468	3	2	1
2519b562-f63d-599c-a4b0-b9bcd65e201e	chr11	29444995	33881782	4	2	2
2519b562-f63d-599c-a4b0-b9bcd65e201e	chr11	33882268	56249180	3	2	1
2519b562-f63d-599c-a4b0-b9bcd65e201e	chr11	56249220	57187617	2	2	0
2519b562-f63d-599c-a4b0-b9bcd65e201e	chr11	57189042	58488250	1	1	0
2519b562-f63d-599c-a4b0-b9bcd65e201e	chr11	58488290	96311735	3	2	1
2519b562-f63d-599c-a4b0-b9bcd65e201e	chr11	96311768	99761090	1	1	0
2519b562-f63d-599c-a4b0-b9bcd65e201e	chr11	99761142	127218070	2	2	0
2519b562-f63d-599c-a4b0-b9bcd65e201e	chr11	127218497	127570425	1	1	0
2519b562-f63d-599c-a4b0-b9bcd65e201e	chr11	127571091	127997501	5	5	0
2519b562-f63d-599c-a4b0-b9bcd65e201e	chr11	127997729	128743450	3	3	0
2519b562-f63d-599c-a4b0-b9bcd65e201e	chr11	128743993	129613467	4	4	0
2519b562-f63d-599c-a4b0-b9bcd65e201e	chr11	129613906	129652073	2	2	0
2519b562-f63d-599c-a4b0-b9bcd65e201e	chr11	129652089	134373155	1	1	0
2519b562-f63d-599c-a4b0-b9bcd65e201e	chr11	134373553	134856228	2	2	0
2519b562-f63d-599c-a4b0-b9bcd65e201e	chr11	134856831	135074876	1	1	0
2519b562-f63d-599c-a4b0-b9bcd65e201e	chr12	51460	11636098	3	2	1
2519b562-f63d-599c-a4b0-b9bcd65e201e	chr12	11638839	37924001	4	2	2
2519b562-f63d-599c-a4b0-b9bcd65e201e	chr12	37946424	38850359	5	3	2
2519b562-f63d-599c-a4b0-b9bcd65e201e	chr12	38851054	119686773	3	2	1
2519b562-f63d-599c-a4b0-b9bcd65e201e	chr12	119688814	119837758	1	1	0
2519b562-f63d-599c-a4b0-b9bcd65e201e	chr12	119839745	133108538	3	2	1
2519b562-f63d-599c-a4b0-b9bcd65e201e	chr12	133110544	133201603	1	1	0
2519b562-f63d-599c-a4b0-b9bcd65e201e	chr13	18452809	22399704	2	2	0
2519b562-f63d-599c-a4b0-b9bcd65e201e	chr13	22399883	22506130	1	1	0
2519b562-f63d-599c-a4b0-b9bcd65e201e	chr13	22506327	55268023	2	2	0
2519b562-f63d-599c-a4b0-b9bcd65e201e	chr13	55268456	55306388	1	1	0
2519b562-f63d-599c-a4b0-b9bcd65e201e	chr13	55306418	106769638	2	2	0
2519b562-f63d-599c-a4b0-b9bcd65e201e	chr13	106769814	106775303	3	3	0
2519b562-f63d-599c-a4b0-b9bcd65e201e	chr13	106775817	114342922	2	2	0
2519b562-f63d-599c-a4b0-b9bcd65e201e	chr14	18239283	20771664	3	2	1
2519b562-f63d-599c-a4b0-b9bcd65e201e	chr14	20772514	45271903	4	2	2
2519b562-f63d-599c-a4b0-b9bcd65e201e	chr14	45273484	103179140	3	2	1
2519b562-f63d-599c-a4b0-b9bcd65e201e	chr14	103184173	103259633	2	1	1
2519b562-f63d-599c-a4b0-b9bcd65e201e	chr14	103259797	106877229	3	2	1
2519b562-f63d-599c-a4b0-b9bcd65e201e	chr15	19811075	65772001	3	2	1
2519b562-f63d-599c-a4b0-b9bcd65e201e	chr15	65772083	76586021	4	2	2
2519b562-f63d-599c-a4b0-b9bcd65e201e	chr15	76598900	76603434	0	0	0
2519b562-f63d-599c-a4b0-b9bcd65e201e	chr15	76609838	77576979	4	2	2
2519b562-f63d-599c-a4b0-b9bcd65e201e	chr15	77577575	83778856	3	2	1
2519b562-f63d-599c-a4b0-b9bcd65e201e	chr15	83782016	85467114	4	2	2
2519b562-f63d-599c-a4b0-b9bcd65e201e	chr15	85469828	87866830	3	2	1
2519b562-f63d-599c-a4b0-b9bcd65e201e	chr15	87867759	88980833	4	2	2
2519b562-f63d-599c-a4b0-b9bcd65e201e	chr15	88983453	90467950	5	3	2
2519b562-f63d-599c-a4b0-b9bcd65e201e	chr15	90468030	92656848	4	2	2
2519b562-f63d-599c-a4b0-b9bcd65e201e	chr15	92657167	94867890	5	3	2
2519b562-f63d-599c-a4b0-b9bcd65e201e	chr15	94869550	95140161	4	2	2
2519b562-f63d-599c-a4b0-b9bcd65e201e	chr15	95140418	95470378	5	3	2
2519b562-f63d-599c-a4b0-b9bcd65e201e	chr15	95471854	101070115	4	2	2
2519b562-f63d-599c-a4b0-b9bcd65e201e	chr15	101070131	101928837	3	2	1
2519b562-f63d-599c-a4b0-b9bcd65e201e	chr16	10777	34200155	3	2	1
2519b562-f63d-599c-a4b0-b9bcd65e201e	chr16	34208816	57278997	2	2	0
2519b562-f63d-599c-a4b0-b9bcd65e201e	chr16	57279672	57320022	1	1	0
2519b562-f63d-599c-a4b0-b9bcd65e201e	chr16	57322046	90096867	2	2	0
2519b562-f63d-599c-a4b0-b9bcd65e201e	chr17	150733	3168091	3	2	1
2519b562-f63d-599c-a4b0-b9bcd65e201e	chr17	3168753	9917836	2	2	0
2519b562-f63d-599c-a4b0-b9bcd65e201e	chr17	9920314	16437002	4	2	2
2519b562-f63d-599c-a4b0-b9bcd65e201e	chr17	16437091	17892950	3	2	1
2519b562-f63d-599c-a4b0-b9bcd65e201e	chr17	17895319	27335248	4	2	2
2519b562-f63d-599c-a4b0-b9bcd65e201e	chr17	27335443	27854839	5	3	2
2519b562-f63d-599c-a4b0-b9bcd65e201e	chr17	27858801	41393899	2	2	0
2519b562-f63d-599c-a4b0-b9bcd65e201e	chr17	41401799	44210151	5	3	2
2519b562-f63d-599c-a4b0-b9bcd65e201e	chr17	44211293	78133261	3	2	1
2519b562-f63d-599c-a4b0-b9bcd65e201e	chr17	78134494	78902983	4	3	1
2519b562-f63d-599c-a4b0-b9bcd65e201e	chr17	78905383	83091923	3	2	1
2519b562-f63d-599c-a4b0-b9bcd65e201e	chr18	48133	15402409	2	1	1
2519b562-f63d-599c-a4b0-b9bcd65e201e	chr18	20949392	22061513	3	2	1
2519b562-f63d-599c-a4b0-b9bcd65e201e	chr18	22068485	32711033	2	1	1
2519b562-f63d-599c-a4b0-b9bcd65e201e	chr18	32712798	32724472	1	1	0
2519b562-f63d-599c-a4b0-b9bcd65e201e	chr18	32725877	58547154	2	1	1
2519b562-f63d-599c-a4b0-b9bcd65e201e	chr18	58547329	73376963	3	2	1
2519b562-f63d-599c-a4b0-b9bcd65e201e	chr18	73377006	76511929	8	6	2
2519b562-f63d-599c-a4b0-b9bcd65e201e	chr18	76515834	77297663	6	4	2
2519b562-f63d-599c-a4b0-b9bcd65e201e	chr18	77297981	77550241	5	3	2
2519b562-f63d-599c-a4b0-b9bcd65e201e	chr18	77550307	80257174	6	4	2
2519b562-f63d-599c-a4b0-b9bcd65e201e	chr19	90910	7415800	3	2	1
2519b562-f63d-599c-a4b0-b9bcd65e201e	chr19	7415815	7453398	4	2	2
2519b562-f63d-599c-a4b0-b9bcd65e201e	chr19	7455331	27260767	3	2	1
2519b562-f63d-599c-a4b0-b9bcd65e201e	chr19	27275080	28849867	2	1	1
2519b562-f63d-599c-a4b0-b9bcd65e201e	chr19	28850459	30428083	6	5	1
2519b562-f63d-599c-a4b0-b9bcd65e201e	chr19	30433481	33019136	4	3	1
2519b562-f63d-599c-a4b0-b9bcd65e201e	chr19	33025535	34456913	5	4	1
2519b562-f63d-599c-a4b0-b9bcd65e201e	chr19	34457630	43894788	4	3	1
2519b562-f63d-599c-a4b0-b9bcd65e201e	chr19	43894932	53274017	3	2	1
2519b562-f63d-599c-a4b0-b9bcd65e201e	chr19	53274077	58586487	2	1	1
2519b562-f63d-599c-a4b0-b9bcd65e201e	chr20	80664	1809458	3	2	1
2519b562-f63d-599c-a4b0-b9bcd65e201e	chr20	1811274	4438597	4	2	2
2519b562-f63d-599c-a4b0-b9bcd65e201e	chr20	4441893	7336014	3	2	1
2519b562-f63d-599c-a4b0-b9bcd65e201e	chr20	7336029	32147484	4	2	2
2519b562-f63d-599c-a4b0-b9bcd65e201e	chr20	32147681	64324800	3	2	1
2519b562-f63d-599c-a4b0-b9bcd65e201e	chr21	12973348	14758441	4	2	2
2519b562-f63d-599c-a4b0-b9bcd65e201e	chr21	14761882	23426895	5	3	2
2519b562-f63d-599c-a4b0-b9bcd65e201e	chr21	23429651	46677045	4	2	2
2519b562-f63d-599c-a4b0-b9bcd65e201e	chr22	16392123	19978797	3	2	1
2519b562-f63d-599c-a4b0-b9bcd65e201e	chr22	19984760	22920558	4	2	2
2519b562-f63d-599c-a4b0-b9bcd65e201e	chr22	22920663	27043581	3	2	1
2519b562-f63d-599c-a4b0-b9bcd65e201e	chr22	27043620	27050315	4	2	2
2519b562-f63d-599c-a4b0-b9bcd65e201e	chr22	27050906	33095867	3	2	1
2519b562-f63d-599c-a4b0-b9bcd65e201e	chr22	33097446	34590475	4	2	2
2519b562-f63d-599c-a4b0-b9bcd65e201e	chr22	34591546	50796027	3	2	1
2519b562-f63d-599c-a4b0-b9bcd65e201e	chrX	251810	76610400	4	2	2
2519b562-f63d-599c-a4b0-b9bcd65e201e	chrX	76613023	79723610	3	2	1
2519b562-f63d-599c-a4b0-b9bcd65e201e	chrX	79723721	127291742	4	2	2
2519b562-f63d-599c-a4b0-b9bcd65e201e	chrX	127291847	127295336	5	3	2
2519b562-f63d-599c-a4b0-b9bcd65e201e	chrX	127295792	151967039	4	2	2
2519b562-f63d-599c-a4b0-b9bcd65e201e	chrX	151969707	156004181	3	2	1
2519b562-f63d-599c-a4b0-b9bcd65e201e	chrY	2782397	26653788	0	0	0
2519b562-f63d-599c-a4b0-b9bcd65e201e	chrY	56872112	56872112	1	1	0
