GDC_Aliquot	Chromosome	Start	End	Copy_Number	Major_Copy_Number	Minor_Copy_Number
77e0620a-2d22-5d61-9651-ca39a4a4d7c1	chr1	62920	2092625	2	1	1
77e0620a-2d22-5d61-9651-ca39a4a4d7c1	chr1	2096462	7213514	1	1	0
77e0620a-2d22-5d61-9651-ca39a4a4d7c1	chr1	7215868	7324416	2	1	1
77e0620a-2d22-5d61-9651-ca39a4a4d7c1	chr1	7325190	7699004	3	2	1
77e0620a-2d22-5d61-9651-ca39a4a4d7c1	chr1	7710841	94811111	2	1	1
77e0620a-2d22-5d61-9651-ca39a4a4d7c1	chr1	94815341	94949198	1	1	0
77e0620a-2d22-5d61-9651-ca39a4a4d7c1	chr1	94951334	164285244	2	1	1
77e0620a-2d22-5d61-9651-ca39a4a4d7c1	chr1	164286761	164523967	4	3	1
77e0620a-2d22-5d61-9651-ca39a4a4d7c1	chr1	164524249	192001466	2	1	1
77e0620a-2d22-5d61-9651-ca39a4a4d7c1	chr1	192005459	248930189	1	1	0
77e0620a-2d22-5d61-9651-ca39a4a4d7c1	chr2	12784	61296735	2	1	1
77e0620a-2d22-5d61-9651-ca39a4a4d7c1	chr2	61300020	63986537	1	1	0
77e0620a-2d22-5d61-9651-ca39a4a4d7c1	chr2	63986643	66130772	2	1	1
77e0620a-2d22-5d61-9651-ca39a4a4d7c1	chr2	66133318	70655975	1	1	0
77e0620a-2d22-5d61-9651-ca39a4a4d7c1	chr2	70658660	70671870	0	0	0
77e0620a-2d22-5d61-9651-ca39a4a4d7c1	chr2	70674416	88385127	1	1	0
77e0620a-2d22-5d61-9651-ca39a4a4d7c1	chr2	88386462	94975239	3	2	1
77e0620a-2d22-5d61-9651-ca39a4a4d7c1	chr2	94978345	97807656	4	3	1
77e0620a-2d22-5d61-9651-ca39a4a4d7c1	chr2	97812151	125276318	2	1	1
77e0620a-2d22-5d61-9651-ca39a4a4d7c1	chr2	125276417	125421765	4	3	1
77e0620a-2d22-5d61-9651-ca39a4a4d7c1	chr2	125428867	134363922	2	1	1
77e0620a-2d22-5d61-9651-ca39a4a4d7c1	chr2	134366732	134403161	5	3	2
77e0620a-2d22-5d61-9651-ca39a4a4d7c1	chr2	134403184	146104517	2	1	1
77e0620a-2d22-5d61-9651-ca39a4a4d7c1	chr2	146106836	146109366	0	0	0
77e0620a-2d22-5d61-9651-ca39a4a4d7c1	chr2	146120238	152664886	2	1	1
77e0620a-2d22-5d61-9651-ca39a4a4d7c1	chr2	152666342	159214713	1	1	0
77e0620a-2d22-5d61-9651-ca39a4a4d7c1	chr2	159215182	159250291	0	0	0
77e0620a-2d22-5d61-9651-ca39a4a4d7c1	chr2	159250561	242147305	1	1	0
77e0620a-2d22-5d61-9651-ca39a4a4d7c1	chr3	20930	2447258	1	1	0
77e0620a-2d22-5d61-9651-ca39a4a4d7c1	chr3	2452247	2553709	0	0	0
77e0620a-2d22-5d61-9651-ca39a4a4d7c1	chr3	2554254	24771827	1	1	0
77e0620a-2d22-5d61-9651-ca39a4a4d7c1	chr3	24772123	25076774	2	2	0
77e0620a-2d22-5d61-9651-ca39a4a4d7c1	chr3	25076962	42509159	1	1	0
77e0620a-2d22-5d61-9651-ca39a4a4d7c1	chr3	42509881	42545937	2	2	0
77e0620a-2d22-5d61-9651-ca39a4a4d7c1	chr3	42546160	61868009	1	1	0
77e0620a-2d22-5d61-9651-ca39a4a4d7c1	chr3	61869012	62312404	0	0	0
77e0620a-2d22-5d61-9651-ca39a4a4d7c1	chr3	62312559	77498687	1	1	0
77e0620a-2d22-5d61-9651-ca39a4a4d7c1	chr3	77502176	77543118	0	0	0
77e0620a-2d22-5d61-9651-ca39a4a4d7c1	chr3	77546983	116183873	1	1	0
77e0620a-2d22-5d61-9651-ca39a4a4d7c1	chr3	116184054	116359543	0	0	0
77e0620a-2d22-5d61-9651-ca39a4a4d7c1	chr3	116366121	119441939	1	1	0
77e0620a-2d22-5d61-9651-ca39a4a4d7c1	chr3	119443135	173434969	2	1	1
77e0620a-2d22-5d61-9651-ca39a4a4d7c1	chr3	173434993	173571890	3	2	1
77e0620a-2d22-5d61-9651-ca39a4a4d7c1	chr3	173582403	174507864	2	1	1
77e0620a-2d22-5d61-9651-ca39a4a4d7c1	chr3	174511142	174664954	1	1	0
77e0620a-2d22-5d61-9651-ca39a4a4d7c1	chr3	174665287	175402159	2	1	1
77e0620a-2d22-5d61-9651-ca39a4a4d7c1	chr3	175403815	175814579	3	2	1
77e0620a-2d22-5d61-9651-ca39a4a4d7c1	chr3	175818030	198169247	2	1	1
77e0620a-2d22-5d61-9651-ca39a4a4d7c1	chr4	68929	5165605	1	1	0
77e0620a-2d22-5d61-9651-ca39a4a4d7c1	chr4	5165842	6111832	0	0	0
77e0620a-2d22-5d61-9651-ca39a4a4d7c1	chr4	6112142	7571947	2	2	0
77e0620a-2d22-5d61-9651-ca39a4a4d7c1	chr4	7574686	7626844	0	0	0
77e0620a-2d22-5d61-9651-ca39a4a4d7c1	chr4	7627524	13328471	2	2	0
77e0620a-2d22-5d61-9651-ca39a4a4d7c1	chr4	13329105	13798353	12	12	0
77e0620a-2d22-5d61-9651-ca39a4a4d7c1	chr4	13805969	22162019	2	2	0
77e0620a-2d22-5d61-9651-ca39a4a4d7c1	chr4	22162694	22237903	0	0	0
77e0620a-2d22-5d61-9651-ca39a4a4d7c1	chr4	22238223	34777432	2	2	0
77e0620a-2d22-5d61-9651-ca39a4a4d7c1	chr4	34784878	34822561	0	0	0
77e0620a-2d22-5d61-9651-ca39a4a4d7c1	chr4	34823103	38091878	2	2	0
77e0620a-2d22-5d61-9651-ca39a4a4d7c1	chr4	38095857	47635203	3	2	1
77e0620a-2d22-5d61-9651-ca39a4a4d7c1	chr4	47635439	58818681	2	1	1
77e0620a-2d22-5d61-9651-ca39a4a4d7c1	chr4	58820320	65230403	1	1	0
77e0620a-2d22-5d61-9651-ca39a4a4d7c1	chr4	65233788	65756797	2	1	1
77e0620a-2d22-5d61-9651-ca39a4a4d7c1	chr4	65760321	66204982	3	2	1
77e0620a-2d22-5d61-9651-ca39a4a4d7c1	chr4	66210220	96748768	2	1	1
77e0620a-2d22-5d61-9651-ca39a4a4d7c1	chr4	96757698	101829919	1	1	0
77e0620a-2d22-5d61-9651-ca39a4a4d7c1	chr4	101830586	128072491	2	1	1
77e0620a-2d22-5d61-9651-ca39a4a4d7c1	chr4	128074308	128103079	5	3	2
77e0620a-2d22-5d61-9651-ca39a4a4d7c1	chr4	128103118	140909968	2	1	1
77e0620a-2d22-5d61-9651-ca39a4a4d7c1	chr4	140910506	140991825	1	1	0
77e0620a-2d22-5d61-9651-ca39a4a4d7c1	chr4	140992129	184122226	2	1	1
77e0620a-2d22-5d61-9651-ca39a4a4d7c1	chr4	184125688	190106768	1	1	0
77e0620a-2d22-5d61-9651-ca39a4a4d7c1	chr5	15532	28367302	2	1	1
77e0620a-2d22-5d61-9651-ca39a4a4d7c1	chr5	28370828	28457262	3	2	1
77e0620a-2d22-5d61-9651-ca39a4a4d7c1	chr5	28459484	50151472	2	1	1
77e0620a-2d22-5d61-9651-ca39a4a4d7c1	chr5	50159802	95977811	1	1	0
77e0620a-2d22-5d61-9651-ca39a4a4d7c1	chr5	95978105	96204485	0	0	0
77e0620a-2d22-5d61-9651-ca39a4a4d7c1	chr5	96208607	166192793	1	1	0
77e0620a-2d22-5d61-9651-ca39a4a4d7c1	chr5	166203888	166359939	0	0	0
77e0620a-2d22-5d61-9651-ca39a4a4d7c1	chr5	166360378	181363319	1	1	0
77e0620a-2d22-5d61-9651-ca39a4a4d7c1	chr6	149661	15440752	2	1	1
77e0620a-2d22-5d61-9651-ca39a4a4d7c1	chr6	15441679	15557044	1	1	0
77e0620a-2d22-5d61-9651-ca39a4a4d7c1	chr6	15561660	22202653	2	1	1
77e0620a-2d22-5d61-9651-ca39a4a4d7c1	chr6	22203159	22340775	3	2	1
77e0620a-2d22-5d61-9651-ca39a4a4d7c1	chr6	22343089	29867877	2	1	1
77e0620a-2d22-5d61-9651-ca39a4a4d7c1	chr6	29868057	29947974	1	1	0
77e0620a-2d22-5d61-9651-ca39a4a4d7c1	chr6	29948591	44088024	2	1	1
77e0620a-2d22-5d61-9651-ca39a4a4d7c1	chr6	44088848	44158259	1	1	0
77e0620a-2d22-5d61-9651-ca39a4a4d7c1	chr6	44158607	45430794	2	1	1
77e0620a-2d22-5d61-9651-ca39a4a4d7c1	chr6	45436037	45556922	1	1	0
77e0620a-2d22-5d61-9651-ca39a4a4d7c1	chr6	45559205	45709196	2	2	0
77e0620a-2d22-5d61-9651-ca39a4a4d7c1	chr6	45709361	45918125	1	1	0
77e0620a-2d22-5d61-9651-ca39a4a4d7c1	chr6	45919684	45930577	2	2	0
77e0620a-2d22-5d61-9651-ca39a4a4d7c1	chr6	45931284	75068593	1	1	0
77e0620a-2d22-5d61-9651-ca39a4a4d7c1	chr6	75070474	75194431	2	2	0
77e0620a-2d22-5d61-9651-ca39a4a4d7c1	chr6	75194739	121385434	1	1	0
77e0620a-2d22-5d61-9651-ca39a4a4d7c1	chr6	121390437	122311713	2	2	0
77e0620a-2d22-5d61-9651-ca39a4a4d7c1	chr6	122314988	162481989	1	1	0
77e0620a-2d22-5d61-9651-ca39a4a4d7c1	chr6	162482149	162671835	0	0	0
77e0620a-2d22-5d61-9651-ca39a4a4d7c1	chr6	162672402	170741917	1	1	0
77e0620a-2d22-5d61-9651-ca39a4a4d7c1	chr7	43259	18779052	1	1	0
77e0620a-2d22-5d61-9651-ca39a4a4d7c1	chr7	18779183	18790841	3	2	1
77e0620a-2d22-5d61-9651-ca39a4a4d7c1	chr7	18790866	38021015	1	1	0
77e0620a-2d22-5d61-9651-ca39a4a4d7c1	chr7	38021183	38063737	0	0	0
77e0620a-2d22-5d61-9651-ca39a4a4d7c1	chr7	38064275	54347132	1	1	0
77e0620a-2d22-5d61-9651-ca39a4a4d7c1	chr7	54348774	54362442	0	0	0
77e0620a-2d22-5d61-9651-ca39a4a4d7c1	chr7	54363112	62316452	1	1	0
77e0620a-2d22-5d61-9651-ca39a4a4d7c1	chr7	62316913	68786877	2	1	1
77e0620a-2d22-5d61-9651-ca39a4a4d7c1	chr7	68788938	68791900	1	1	0
77e0620a-2d22-5d61-9651-ca39a4a4d7c1	chr7	68797739	70608778	2	1	1
77e0620a-2d22-5d61-9651-ca39a4a4d7c1	chr7	70610416	70779318	1	1	0
77e0620a-2d22-5d61-9651-ca39a4a4d7c1	chr7	70781926	75626315	2	1	1
77e0620a-2d22-5d61-9651-ca39a4a4d7c1	chr7	75626430	75659190	1	1	0
77e0620a-2d22-5d61-9651-ca39a4a4d7c1	chr7	75663839	78866597	2	1	1
77e0620a-2d22-5d61-9651-ca39a4a4d7c1	chr7	78874429	79271169	1	1	0
77e0620a-2d22-5d61-9651-ca39a4a4d7c1	chr7	79273268	90730304	2	1	1
77e0620a-2d22-5d61-9651-ca39a4a4d7c1	chr7	90736513	90856255	1	1	0
77e0620a-2d22-5d61-9651-ca39a4a4d7c1	chr7	90856416	91645235	2	1	1
77e0620a-2d22-5d61-9651-ca39a4a4d7c1	chr7	91646041	94597046	1	1	0
77e0620a-2d22-5d61-9651-ca39a4a4d7c1	chr7	94599367	102282046	2	1	1
77e0620a-2d22-5d61-9651-ca39a4a4d7c1	chr7	102297475	116907937	1	1	0
77e0620a-2d22-5d61-9651-ca39a4a4d7c1	chr7	116913571	119572962	2	1	1
77e0620a-2d22-5d61-9651-ca39a4a4d7c1	chr7	119573944	123458232	1	1	0
77e0620a-2d22-5d61-9651-ca39a4a4d7c1	chr7	123460146	159334314	2	1	1
77e0620a-2d22-5d61-9651-ca39a4a4d7c1	chr8	81254	29163477	1	1	0
77e0620a-2d22-5d61-9651-ca39a4a4d7c1	chr8	29165639	49105961	2	1	1
77e0620a-2d22-5d61-9651-ca39a4a4d7c1	chr8	49111022	49171785	1	1	0
77e0620a-2d22-5d61-9651-ca39a4a4d7c1	chr8	49172680	96546934	2	1	1
77e0620a-2d22-5d61-9651-ca39a4a4d7c1	chr8	96547437	97098679	1	1	0
77e0620a-2d22-5d61-9651-ca39a4a4d7c1	chr8	97102274	105114600	2	1	1
77e0620a-2d22-5d61-9651-ca39a4a4d7c1	chr8	105118306	105130105	4	2	2
77e0620a-2d22-5d61-9651-ca39a4a4d7c1	chr8	105130348	145072769	2	1	1
77e0620a-2d22-5d61-9651-ca39a4a4d7c1	chr9	46587	8538890	1	1	0
77e0620a-2d22-5d61-9651-ca39a4a4d7c1	chr9	8541910	8644711	0	0	0
77e0620a-2d22-5d61-9651-ca39a4a4d7c1	chr9	8646021	12362466	1	1	0
77e0620a-2d22-5d61-9651-ca39a4a4d7c1	chr9	12363091	12565520	0	0	0
77e0620a-2d22-5d61-9651-ca39a4a4d7c1	chr9	12566059	41741113	1	1	0
77e0620a-2d22-5d61-9651-ca39a4a4d7c1	chr9	60863881	89534156	2	1	1
77e0620a-2d22-5d61-9651-ca39a4a4d7c1	chr9	89535203	89610157	3	2	1
77e0620a-2d22-5d61-9651-ca39a4a4d7c1	chr9	89612434	138200944	2	1	1
77e0620a-2d22-5d61-9651-ca39a4a4d7c1	chr10	45792	45760920	1	1	0
77e0620a-2d22-5d61-9651-ca39a4a4d7c1	chr10	45761333	46254156	3	2	1
77e0620a-2d22-5d61-9651-ca39a4a4d7c1	chr10	46255943	46317503	3	3	0
77e0620a-2d22-5d61-9651-ca39a4a4d7c1	chr10	46317578	47680348	2	2	0
77e0620a-2d22-5d61-9651-ca39a4a4d7c1	chr10	47684886	133654968	1	1	0
77e0620a-2d22-5d61-9651-ca39a4a4d7c1	chr11	198510	87273832	1	1	0
77e0620a-2d22-5d61-9651-ca39a4a4d7c1	chr11	87274539	87281301	0	0	0
77e0620a-2d22-5d61-9651-ca39a4a4d7c1	chr11	87282034	113933604	1	1	0
77e0620a-2d22-5d61-9651-ca39a4a4d7c1	chr11	113934548	114180703	2	1	1
77e0620a-2d22-5d61-9651-ca39a4a4d7c1	chr11	114180803	114523430	1	1	0
77e0620a-2d22-5d61-9651-ca39a4a4d7c1	chr11	114525028	119720168	2	1	1
77e0620a-2d22-5d61-9651-ca39a4a4d7c1	chr11	119722279	120317262	1	1	0
77e0620a-2d22-5d61-9651-ca39a4a4d7c1	chr11	120319119	123786624	2	1	1
77e0620a-2d22-5d61-9651-ca39a4a4d7c1	chr11	123787945	124029527	1	1	0
77e0620a-2d22-5d61-9651-ca39a4a4d7c1	chr11	124031652	125777631	2	1	1
77e0620a-2d22-5d61-9651-ca39a4a4d7c1	chr11	125777817	127304557	1	1	0
77e0620a-2d22-5d61-9651-ca39a4a4d7c1	chr11	127308784	135074876	2	1	1
77e0620a-2d22-5d61-9651-ca39a4a4d7c1	chr12	51460	1369404	1	1	0
77e0620a-2d22-5d61-9651-ca39a4a4d7c1	chr12	1374069	1390826	0	0	0
77e0620a-2d22-5d61-9651-ca39a4a4d7c1	chr12	1390999	34701563	1	1	0
77e0620a-2d22-5d61-9651-ca39a4a4d7c1	chr12	37463949	133201603	2	1	1
77e0620a-2d22-5d61-9651-ca39a4a4d7c1	chr13	18452809	48441967	1	1	0
77e0620a-2d22-5d61-9651-ca39a4a4d7c1	chr13	48442154	114342922	2	2	0
77e0620a-2d22-5d61-9651-ca39a4a4d7c1	chr14	18239283	31822558	2	1	1
77e0620a-2d22-5d61-9651-ca39a4a4d7c1	chr14	31823254	31875407	1	1	0
77e0620a-2d22-5d61-9651-ca39a4a4d7c1	chr14	31878147	106877229	2	1	1
77e0620a-2d22-5d61-9651-ca39a4a4d7c1	chr15	19811075	24424598	1	1	0
77e0620a-2d22-5d61-9651-ca39a4a4d7c1	chr15	24429604	24469711	0	0	0
77e0620a-2d22-5d61-9651-ca39a4a4d7c1	chr15	24472373	101928837	1	1	0
77e0620a-2d22-5d61-9651-ca39a4a4d7c1	chr16	10777	72593895	1	1	0
77e0620a-2d22-5d61-9651-ca39a4a4d7c1	chr16	72596099	89780579	3	2	1
77e0620a-2d22-5d61-9651-ca39a4a4d7c1	chr16	89791292	90096867	2	1	1
77e0620a-2d22-5d61-9651-ca39a4a4d7c1	chr17	150733	77196743	2	1	1
77e0620a-2d22-5d61-9651-ca39a4a4d7c1	chr17	77196907	83091923	1	1	0
77e0620a-2d22-5d61-9651-ca39a4a4d7c1	chr18	48133	15402409	1	1	0
77e0620a-2d22-5d61-9651-ca39a4a4d7c1	chr18	20949392	32222031	2	1	1
77e0620a-2d22-5d61-9651-ca39a4a4d7c1	chr18	32227449	32531480	1	1	0
77e0620a-2d22-5d61-9651-ca39a4a4d7c1	chr18	32534415	80257174	2	1	1
77e0620a-2d22-5d61-9651-ca39a4a4d7c1	chr19	90910	1728502	1	1	0
77e0620a-2d22-5d61-9651-ca39a4a4d7c1	chr19	1731832	30453029	2	1	1
77e0620a-2d22-5d61-9651-ca39a4a4d7c1	chr19	30453509	33266685	1	1	0
77e0620a-2d22-5d61-9651-ca39a4a4d7c1	chr19	33271351	33278637	4	3	1
77e0620a-2d22-5d61-9651-ca39a4a4d7c1	chr19	33284962	40713344	1	1	0
77e0620a-2d22-5d61-9651-ca39a4a4d7c1	chr19	40720510	42786621	2	1	1
77e0620a-2d22-5d61-9651-ca39a4a4d7c1	chr19	42790238	43038679	0	0	0
77e0620a-2d22-5d61-9651-ca39a4a4d7c1	chr19	43044862	58586487	2	1	1
77e0620a-2d22-5d61-9651-ca39a4a4d7c1	chr20	80664	26324855	1	1	0
77e0620a-2d22-5d61-9651-ca39a4a4d7c1	chr20	26324943	48898978	2	1	1
77e0620a-2d22-5d61-9651-ca39a4a4d7c1	chr20	48901515	51256722	1	1	0
77e0620a-2d22-5d61-9651-ca39a4a4d7c1	chr20	51260317	51263677	0	0	0
77e0620a-2d22-5d61-9651-ca39a4a4d7c1	chr20	51267557	63191806	1	1	0
77e0620a-2d22-5d61-9651-ca39a4a4d7c1	chr20	63197035	64324800	2	2	0
77e0620a-2d22-5d61-9651-ca39a4a4d7c1	chr21	12973348	46677045	2	1	1
77e0620a-2d22-5d61-9651-ca39a4a4d7c1	chr22	16392123	50796027	1	1	0
77e0620a-2d22-5d61-9651-ca39a4a4d7c1	chrX	251810	156004181	1	1	0
77e0620a-2d22-5d61-9651-ca39a4a4d7c1	chrY	2782397	26653788	0	0	0
77e0620a-2d22-5d61-9651-ca39a4a4d7c1	chrY	56872112	56872112	1	1	0
