GDC_Aliquot	Chromosome	Start	End	Copy_Number	Major_Copy_Number	Minor_Copy_Number
3cb1ff4f-3324-52a6-82fa-2f61a2f8c7ed	chr1	62920	6542886	3	2	1
3cb1ff4f-3324-52a6-82fa-2f61a2f8c7ed	chr1	6546548	67646091	4	2	2
3cb1ff4f-3324-52a6-82fa-2f61a2f8c7ed	chr1	67649091	67672089	3	2	1
3cb1ff4f-3324-52a6-82fa-2f61a2f8c7ed	chr1	67672180	86451817	5	3	2
3cb1ff4f-3324-52a6-82fa-2f61a2f8c7ed	chr1	86452261	121705338	4	2	2
3cb1ff4f-3324-52a6-82fa-2f61a2f8c7ed	chr1	143541857	247970532	2	2	0
3cb1ff4f-3324-52a6-82fa-2f61a2f8c7ed	chr1	247970987	248683943	3	2	1
3cb1ff4f-3324-52a6-82fa-2f61a2f8c7ed	chr1	248684068	248930189	2	2	0
3cb1ff4f-3324-52a6-82fa-2f61a2f8c7ed	chr2	12784	54090	2	2	0
3cb1ff4f-3324-52a6-82fa-2f61a2f8c7ed	chr2	55692	506817	6	4	2
3cb1ff4f-3324-52a6-82fa-2f61a2f8c7ed	chr2	508487	794078	4	4	0
3cb1ff4f-3324-52a6-82fa-2f61a2f8c7ed	chr2	795331	1571104	5	4	1
3cb1ff4f-3324-52a6-82fa-2f61a2f8c7ed	chr2	1571771	4670511	6	4	2
3cb1ff4f-3324-52a6-82fa-2f61a2f8c7ed	chr2	4673057	7353717	5	4	1
3cb1ff4f-3324-52a6-82fa-2f61a2f8c7ed	chr2	7354108	7435302	6	4	2
3cb1ff4f-3324-52a6-82fa-2f61a2f8c7ed	chr2	7435772	10421921	4	4	0
3cb1ff4f-3324-52a6-82fa-2f61a2f8c7ed	chr2	10423048	10706229	3	3	0
3cb1ff4f-3324-52a6-82fa-2f61a2f8c7ed	chr2	10712211	23203802	4	4	0
3cb1ff4f-3324-52a6-82fa-2f61a2f8c7ed	chr2	23205590	23606401	5	5	0
3cb1ff4f-3324-52a6-82fa-2f61a2f8c7ed	chr2	23606934	28135085	4	4	0
3cb1ff4f-3324-52a6-82fa-2f61a2f8c7ed	chr2	28135467	28136629	6	6	0
3cb1ff4f-3324-52a6-82fa-2f61a2f8c7ed	chr2	28140730	30092056	4	4	0
3cb1ff4f-3324-52a6-82fa-2f61a2f8c7ed	chr2	30104592	34227541	3	3	0
3cb1ff4f-3324-52a6-82fa-2f61a2f8c7ed	chr2	34227565	34241419	4	4	0
3cb1ff4f-3324-52a6-82fa-2f61a2f8c7ed	chr2	34241440	38266643	2	2	0
3cb1ff4f-3324-52a6-82fa-2f61a2f8c7ed	chr2	38268139	40188022	3	3	0
3cb1ff4f-3324-52a6-82fa-2f61a2f8c7ed	chr2	40188167	42868848	2	2	0
3cb1ff4f-3324-52a6-82fa-2f61a2f8c7ed	chr2	42868996	57187057	4	4	0
3cb1ff4f-3324-52a6-82fa-2f61a2f8c7ed	chr2	57187070	65234697	3	3	0
3cb1ff4f-3324-52a6-82fa-2f61a2f8c7ed	chr2	65237098	65486904	4	4	0
3cb1ff4f-3324-52a6-82fa-2f61a2f8c7ed	chr2	65487741	66227014	2	2	0
3cb1ff4f-3324-52a6-82fa-2f61a2f8c7ed	chr2	66227346	67914091	1	1	0
3cb1ff4f-3324-52a6-82fa-2f61a2f8c7ed	chr2	67914130	68010446	2	2	0
3cb1ff4f-3324-52a6-82fa-2f61a2f8c7ed	chr2	68013406	68647657	1	1	0
3cb1ff4f-3324-52a6-82fa-2f61a2f8c7ed	chr2	68650322	68779630	2	2	0
3cb1ff4f-3324-52a6-82fa-2f61a2f8c7ed	chr2	68779976	75891081	3	3	0
3cb1ff4f-3324-52a6-82fa-2f61a2f8c7ed	chr2	75893478	76402137	1	1	0
3cb1ff4f-3324-52a6-82fa-2f61a2f8c7ed	chr2	76402173	76581735	2	2	0
3cb1ff4f-3324-52a6-82fa-2f61a2f8c7ed	chr2	76585707	76633086	1	1	0
3cb1ff4f-3324-52a6-82fa-2f61a2f8c7ed	chr2	76638459	77714790	2	2	0
3cb1ff4f-3324-52a6-82fa-2f61a2f8c7ed	chr2	77715693	78663886	3	3	0
3cb1ff4f-3324-52a6-82fa-2f61a2f8c7ed	chr2	78664437	80218868	1	1	0
3cb1ff4f-3324-52a6-82fa-2f61a2f8c7ed	chr2	80221501	88130440	2	2	0
3cb1ff4f-3324-52a6-82fa-2f61a2f8c7ed	chr2	88132559	88229277	5	3	2
3cb1ff4f-3324-52a6-82fa-2f61a2f8c7ed	chr2	88233167	88291483	2	2	0
3cb1ff4f-3324-52a6-82fa-2f61a2f8c7ed	chr2	88293403	94703691	7	4	3
3cb1ff4f-3324-52a6-82fa-2f61a2f8c7ed	chr2	94706535	95889574	3	2	1
3cb1ff4f-3324-52a6-82fa-2f61a2f8c7ed	chr2	95892526	96192238	2	2	0
3cb1ff4f-3324-52a6-82fa-2f61a2f8c7ed	chr2	96200957	96200957	5	5	0
3cb1ff4f-3324-52a6-82fa-2f61a2f8c7ed	chr2	96201263	96577568	8	6	2
3cb1ff4f-3324-52a6-82fa-2f61a2f8c7ed	chr2	96577795	98230499	4	2	2
3cb1ff4f-3324-52a6-82fa-2f61a2f8c7ed	chr2	98231195	101645134	7	5	2
3cb1ff4f-3324-52a6-82fa-2f61a2f8c7ed	chr2	101645716	102119152	9	7	2
3cb1ff4f-3324-52a6-82fa-2f61a2f8c7ed	chr2	102119246	102788254	8	6	2
3cb1ff4f-3324-52a6-82fa-2f61a2f8c7ed	chr2	102788451	103722937	6	4	2
3cb1ff4f-3324-52a6-82fa-2f61a2f8c7ed	chr2	103723789	104132646	4	2	2
3cb1ff4f-3324-52a6-82fa-2f61a2f8c7ed	chr2	104133200	158833597	2	2	0
3cb1ff4f-3324-52a6-82fa-2f61a2f8c7ed	chr2	158836723	159434079	5	3	2
3cb1ff4f-3324-52a6-82fa-2f61a2f8c7ed	chr2	159441989	213892691	2	2	0
3cb1ff4f-3324-52a6-82fa-2f61a2f8c7ed	chr2	213898616	213985061	3	3	0
3cb1ff4f-3324-52a6-82fa-2f61a2f8c7ed	chr2	213985136	221077499	2	2	0
3cb1ff4f-3324-52a6-82fa-2f61a2f8c7ed	chr2	221079456	221675788	1	1	0
3cb1ff4f-3324-52a6-82fa-2f61a2f8c7ed	chr2	221678941	221782179	2	2	0
3cb1ff4f-3324-52a6-82fa-2f61a2f8c7ed	chr2	221783522	222519717	1	1	0
3cb1ff4f-3324-52a6-82fa-2f61a2f8c7ed	chr2	222519796	235236287	3	3	0
3cb1ff4f-3324-52a6-82fa-2f61a2f8c7ed	chr2	235236506	235646603	1	1	0
3cb1ff4f-3324-52a6-82fa-2f61a2f8c7ed	chr2	235646859	242147305	2	2	0
3cb1ff4f-3324-52a6-82fa-2f61a2f8c7ed	chr3	20930	99545	0	0	0
3cb1ff4f-3324-52a6-82fa-2f61a2f8c7ed	chr3	100367	5482954	2	2	0
3cb1ff4f-3324-52a6-82fa-2f61a2f8c7ed	chr3	5487197	5565795	0	0	0
3cb1ff4f-3324-52a6-82fa-2f61a2f8c7ed	chr3	5565994	8914447	2	2	0
3cb1ff4f-3324-52a6-82fa-2f61a2f8c7ed	chr3	8914462	8930343	1	1	0
3cb1ff4f-3324-52a6-82fa-2f61a2f8c7ed	chr3	8930538	52695944	2	2	0
3cb1ff4f-3324-52a6-82fa-2f61a2f8c7ed	chr3	52697507	53409730	4	2	2
3cb1ff4f-3324-52a6-82fa-2f61a2f8c7ed	chr3	53411930	72617030	2	2	0
3cb1ff4f-3324-52a6-82fa-2f61a2f8c7ed	chr3	72617624	72639714	3	3	0
3cb1ff4f-3324-52a6-82fa-2f61a2f8c7ed	chr3	72641335	76755670	2	2	0
3cb1ff4f-3324-52a6-82fa-2f61a2f8c7ed	chr3	76756777	76864096	0	0	0
3cb1ff4f-3324-52a6-82fa-2f61a2f8c7ed	chr3	76865642	80071983	2	2	0
3cb1ff4f-3324-52a6-82fa-2f61a2f8c7ed	chr3	80072800	80106987	6	4	2
3cb1ff4f-3324-52a6-82fa-2f61a2f8c7ed	chr3	80107010	116573772	2	2	0
3cb1ff4f-3324-52a6-82fa-2f61a2f8c7ed	chr3	116578307	117033609	0	0	0
3cb1ff4f-3324-52a6-82fa-2f61a2f8c7ed	chr3	117033809	143300207	2	2	0
3cb1ff4f-3324-52a6-82fa-2f61a2f8c7ed	chr3	143300907	143321113	3	3	0
3cb1ff4f-3324-52a6-82fa-2f61a2f8c7ed	chr3	143321196	174970712	2	2	0
3cb1ff4f-3324-52a6-82fa-2f61a2f8c7ed	chr3	174972130	175244112	0	0	0
3cb1ff4f-3324-52a6-82fa-2f61a2f8c7ed	chr3	175250689	182617866	2	2	0
3cb1ff4f-3324-52a6-82fa-2f61a2f8c7ed	chr3	182618634	198169247	3	3	0
3cb1ff4f-3324-52a6-82fa-2f61a2f8c7ed	chr4	68929	2743781	3	2	1
3cb1ff4f-3324-52a6-82fa-2f61a2f8c7ed	chr4	2744007	2953596	4	2	2
3cb1ff4f-3324-52a6-82fa-2f61a2f8c7ed	chr4	2956099	10221792	3	2	1
3cb1ff4f-3324-52a6-82fa-2f61a2f8c7ed	chr4	10222004	10233542	10	10	0
3cb1ff4f-3324-52a6-82fa-2f61a2f8c7ed	chr4	10233558	30196410	4	2	2
3cb1ff4f-3324-52a6-82fa-2f61a2f8c7ed	chr4	30199371	31306168	5	3	2
3cb1ff4f-3324-52a6-82fa-2f61a2f8c7ed	chr4	31306319	48998625	4	2	2
3cb1ff4f-3324-52a6-82fa-2f61a2f8c7ed	chr4	48998833	55180328	5	3	2
3cb1ff4f-3324-52a6-82fa-2f61a2f8c7ed	chr4	55180492	94061286	4	2	2
3cb1ff4f-3324-52a6-82fa-2f61a2f8c7ed	chr4	94062014	96036590	5	3	2
3cb1ff4f-3324-52a6-82fa-2f61a2f8c7ed	chr4	96037584	135705549	4	2	2
3cb1ff4f-3324-52a6-82fa-2f61a2f8c7ed	chr4	135711685	135759492	2	1	1
3cb1ff4f-3324-52a6-82fa-2f61a2f8c7ed	chr4	135760686	165084811	4	2	2
3cb1ff4f-3324-52a6-82fa-2f61a2f8c7ed	chr4	165087782	178094468	2	2	0
3cb1ff4f-3324-52a6-82fa-2f61a2f8c7ed	chr4	178097010	178112519	1	1	0
3cb1ff4f-3324-52a6-82fa-2f61a2f8c7ed	chr4	178113532	190106768	2	2	0
3cb1ff4f-3324-52a6-82fa-2f61a2f8c7ed	chr5	15532	1798129	4	4	0
3cb1ff4f-3324-52a6-82fa-2f61a2f8c7ed	chr5	1798198	16394861	5	5	0
3cb1ff4f-3324-52a6-82fa-2f61a2f8c7ed	chr5	16402966	16973660	2	2	0
3cb1ff4f-3324-52a6-82fa-2f61a2f8c7ed	chr5	16980083	17742235	3	3	0
3cb1ff4f-3324-52a6-82fa-2f61a2f8c7ed	chr5	17744476	18364343	2	2	0
3cb1ff4f-3324-52a6-82fa-2f61a2f8c7ed	chr5	18365351	20144486	3	3	0
3cb1ff4f-3324-52a6-82fa-2f61a2f8c7ed	chr5	20145223	20687610	2	2	0
3cb1ff4f-3324-52a6-82fa-2f61a2f8c7ed	chr5	20687824	21016995	3	3	0
3cb1ff4f-3324-52a6-82fa-2f61a2f8c7ed	chr5	21017093	28819971	4	4	0
3cb1ff4f-3324-52a6-82fa-2f61a2f8c7ed	chr5	28822754	30450945	2	2	0
3cb1ff4f-3324-52a6-82fa-2f61a2f8c7ed	chr5	30451307	31763138	4	4	0
3cb1ff4f-3324-52a6-82fa-2f61a2f8c7ed	chr5	31765303	33042179	5	4	1
3cb1ff4f-3324-52a6-82fa-2f61a2f8c7ed	chr5	33042500	34873385	4	3	1
3cb1ff4f-3324-52a6-82fa-2f61a2f8c7ed	chr5	34880461	35699620	5	4	1
3cb1ff4f-3324-52a6-82fa-2f61a2f8c7ed	chr5	35701793	35715912	3	2	1
3cb1ff4f-3324-52a6-82fa-2f61a2f8c7ed	chr5	35717093	37364294	5	4	1
3cb1ff4f-3324-52a6-82fa-2f61a2f8c7ed	chr5	37364591	38210792	6	4	2
3cb1ff4f-3324-52a6-82fa-2f61a2f8c7ed	chr5	38210958	40402431	6	3	3
3cb1ff4f-3324-52a6-82fa-2f61a2f8c7ed	chr5	40402792	54426373	4	3	1
3cb1ff4f-3324-52a6-82fa-2f61a2f8c7ed	chr5	54429677	84717919	3	2	1
3cb1ff4f-3324-52a6-82fa-2f61a2f8c7ed	chr5	84720478	84741553	2	1	1
3cb1ff4f-3324-52a6-82fa-2f61a2f8c7ed	chr5	84747242	93413932	3	2	1
3cb1ff4f-3324-52a6-82fa-2f61a2f8c7ed	chr5	93414473	101268607	5	4	1
3cb1ff4f-3324-52a6-82fa-2f61a2f8c7ed	chr5	101271990	111427911	6	5	1
3cb1ff4f-3324-52a6-82fa-2f61a2f8c7ed	chr5	111428348	111445807	4	3	1
3cb1ff4f-3324-52a6-82fa-2f61a2f8c7ed	chr5	111445839	114580374	5	4	1
3cb1ff4f-3324-52a6-82fa-2f61a2f8c7ed	chr5	114580461	165485461	4	4	0
3cb1ff4f-3324-52a6-82fa-2f61a2f8c7ed	chr5	165486506	165610403	2	2	0
3cb1ff4f-3324-52a6-82fa-2f61a2f8c7ed	chr5	165613618	165680617	5	5	0
3cb1ff4f-3324-52a6-82fa-2f61a2f8c7ed	chr5	165682463	166592743	0	0	0
3cb1ff4f-3324-52a6-82fa-2f61a2f8c7ed	chr5	166595027	170387359	4	4	0
3cb1ff4f-3324-52a6-82fa-2f61a2f8c7ed	chr5	170388480	181363319	3	3	0
3cb1ff4f-3324-52a6-82fa-2f61a2f8c7ed	chr6	149661	36623837	2	2	0
3cb1ff4f-3324-52a6-82fa-2f61a2f8c7ed	chr6	36625858	39461315	13	11	2
3cb1ff4f-3324-52a6-82fa-2f61a2f8c7ed	chr6	39461808	39733864	16	14	2
3cb1ff4f-3324-52a6-82fa-2f61a2f8c7ed	chr6	39734198	41910686	12	10	2
3cb1ff4f-3324-52a6-82fa-2f61a2f8c7ed	chr6	41914385	44068965	14	13	1
3cb1ff4f-3324-52a6-82fa-2f61a2f8c7ed	chr6	44071085	44267476	9	7	2
3cb1ff4f-3324-52a6-82fa-2f61a2f8c7ed	chr6	44268632	44669710	16	14	2
3cb1ff4f-3324-52a6-82fa-2f61a2f8c7ed	chr6	44670072	44964947	13	11	2
3cb1ff4f-3324-52a6-82fa-2f61a2f8c7ed	chr6	44965085	45203585	18	16	2
3cb1ff4f-3324-52a6-82fa-2f61a2f8c7ed	chr6	45203625	45659859	13	11	2
3cb1ff4f-3324-52a6-82fa-2f61a2f8c7ed	chr6	45661725	46799908	4	2	2
3cb1ff4f-3324-52a6-82fa-2f61a2f8c7ed	chr6	46799951	46837249	6	4	2
3cb1ff4f-3324-52a6-82fa-2f61a2f8c7ed	chr6	46839202	48762450	4	2	2
3cb1ff4f-3324-52a6-82fa-2f61a2f8c7ed	chr6	48764652	49166004	5	3	2
3cb1ff4f-3324-52a6-82fa-2f61a2f8c7ed	chr6	49170500	73223858	2	2	0
3cb1ff4f-3324-52a6-82fa-2f61a2f8c7ed	chr6	73227827	75797422	3	2	1
3cb1ff4f-3324-52a6-82fa-2f61a2f8c7ed	chr6	75801639	101243260	2	2	0
3cb1ff4f-3324-52a6-82fa-2f61a2f8c7ed	chr6	101249642	101372279	0	0	0
3cb1ff4f-3324-52a6-82fa-2f61a2f8c7ed	chr6	101372502	170741917	2	2	0
3cb1ff4f-3324-52a6-82fa-2f61a2f8c7ed	chr7	43259	6016899	4	2	2
3cb1ff4f-3324-52a6-82fa-2f61a2f8c7ed	chr7	6016988	11635653	5	3	2
3cb1ff4f-3324-52a6-82fa-2f61a2f8c7ed	chr7	11635871	15360047	6	3	3
3cb1ff4f-3324-52a6-82fa-2f61a2f8c7ed	chr7	15360454	15449953	2	1	1
3cb1ff4f-3324-52a6-82fa-2f61a2f8c7ed	chr7	15454319	15463242	5	3	2
3cb1ff4f-3324-52a6-82fa-2f61a2f8c7ed	chr7	15463508	19619216	6	3	3
3cb1ff4f-3324-52a6-82fa-2f61a2f8c7ed	chr7	19619410	80046937	5	3	2
3cb1ff4f-3324-52a6-82fa-2f61a2f8c7ed	chr7	80049377	97092029	6	3	3
3cb1ff4f-3324-52a6-82fa-2f61a2f8c7ed	chr7	97092633	108600647	5	3	2
3cb1ff4f-3324-52a6-82fa-2f61a2f8c7ed	chr7	108601183	124866046	6	3	3
3cb1ff4f-3324-52a6-82fa-2f61a2f8c7ed	chr7	124881163	134100981	5	3	2
3cb1ff4f-3324-52a6-82fa-2f61a2f8c7ed	chr7	134100986	134113805	0	0	0
3cb1ff4f-3324-52a6-82fa-2f61a2f8c7ed	chr7	134114093	147295566	5	3	2
3cb1ff4f-3324-52a6-82fa-2f61a2f8c7ed	chr7	147296321	147371622	2	2	0
3cb1ff4f-3324-52a6-82fa-2f61a2f8c7ed	chr7	147376271	159334314	5	3	2
3cb1ff4f-3324-52a6-82fa-2f61a2f8c7ed	chr8	81254	20245098	2	2	0
3cb1ff4f-3324-52a6-82fa-2f61a2f8c7ed	chr8	20248485	20276866	3	3	0
3cb1ff4f-3324-52a6-82fa-2f61a2f8c7ed	chr8	20278756	33575564	2	2	0
3cb1ff4f-3324-52a6-82fa-2f61a2f8c7ed	chr8	33585558	36398910	16	14	2
3cb1ff4f-3324-52a6-82fa-2f61a2f8c7ed	chr8	36399766	36528936	2	2	0
3cb1ff4f-3324-52a6-82fa-2f61a2f8c7ed	chr8	36533712	36582891	18	14	4
3cb1ff4f-3324-52a6-82fa-2f61a2f8c7ed	chr8	36584631	43931659	2	2	0
3cb1ff4f-3324-52a6-82fa-2f61a2f8c7ed	chr8	45951913	54879183	8	6	2
3cb1ff4f-3324-52a6-82fa-2f61a2f8c7ed	chr8	54882748	57126072	7	5	2
3cb1ff4f-3324-52a6-82fa-2f61a2f8c7ed	chr8	57129294	65166322	8	6	2
3cb1ff4f-3324-52a6-82fa-2f61a2f8c7ed	chr8	65167993	66280163	7	5	2
3cb1ff4f-3324-52a6-82fa-2f61a2f8c7ed	chr8	66280233	137492314	8	6	2
3cb1ff4f-3324-52a6-82fa-2f61a2f8c7ed	chr8	137492826	141230075	7	5	2
3cb1ff4f-3324-52a6-82fa-2f61a2f8c7ed	chr8	141230457	145072769	5	4	1
3cb1ff4f-3324-52a6-82fa-2f61a2f8c7ed	chr9	46587	2305636	2	2	0
3cb1ff4f-3324-52a6-82fa-2f61a2f8c7ed	chr9	2305679	6246144	3	3	0
3cb1ff4f-3324-52a6-82fa-2f61a2f8c7ed	chr9	6251012	12160198	2	2	0
3cb1ff4f-3324-52a6-82fa-2f61a2f8c7ed	chr9	12160469	14384603	3	3	0
3cb1ff4f-3324-52a6-82fa-2f61a2f8c7ed	chr9	14386477	15768542	2	2	0
3cb1ff4f-3324-52a6-82fa-2f61a2f8c7ed	chr9	15768862	21899356	3	3	0
3cb1ff4f-3324-52a6-82fa-2f61a2f8c7ed	chr9	21900125	21977195	0	0	0
3cb1ff4f-3324-52a6-82fa-2f61a2f8c7ed	chr9	21978444	33909524	2	2	0
3cb1ff4f-3324-52a6-82fa-2f61a2f8c7ed	chr9	33916381	35335146	6	6	0
3cb1ff4f-3324-52a6-82fa-2f61a2f8c7ed	chr9	35340568	37060588	7	6	1
3cb1ff4f-3324-52a6-82fa-2f61a2f8c7ed	chr9	37062080	41741113	11	6	5
3cb1ff4f-3324-52a6-82fa-2f61a2f8c7ed	chr9	60863881	79801657	3	2	1
3cb1ff4f-3324-52a6-82fa-2f61a2f8c7ed	chr9	79802208	79822280	6	5	1
3cb1ff4f-3324-52a6-82fa-2f61a2f8c7ed	chr9	79822667	138200944	3	2	1
3cb1ff4f-3324-52a6-82fa-2f61a2f8c7ed	chr10	45792	11719811	1	1	0
3cb1ff4f-3324-52a6-82fa-2f61a2f8c7ed	chr10	11719899	38770504	2	2	0
3cb1ff4f-3324-52a6-82fa-2f61a2f8c7ed	chr10	38770824	51539541	3	2	1
3cb1ff4f-3324-52a6-82fa-2f61a2f8c7ed	chr10	51539657	57133426	1	1	0
3cb1ff4f-3324-52a6-82fa-2f61a2f8c7ed	chr10	57142410	57177149	0	0	0
3cb1ff4f-3324-52a6-82fa-2f61a2f8c7ed	chr10	57178792	69603425	1	1	0
3cb1ff4f-3324-52a6-82fa-2f61a2f8c7ed	chr10	69606809	70180990	0	0	0
3cb1ff4f-3324-52a6-82fa-2f61a2f8c7ed	chr10	70181497	73724413	1	1	0
3cb1ff4f-3324-52a6-82fa-2f61a2f8c7ed	chr10	73724874	76516995	3	3	0
3cb1ff4f-3324-52a6-82fa-2f61a2f8c7ed	chr10	76517116	76834798	2	2	0
3cb1ff4f-3324-52a6-82fa-2f61a2f8c7ed	chr10	76838082	78261150	4	4	0
3cb1ff4f-3324-52a6-82fa-2f61a2f8c7ed	chr10	78261512	78497068	2	2	0
3cb1ff4f-3324-52a6-82fa-2f61a2f8c7ed	chr10	78500536	78929352	3	3	0
3cb1ff4f-3324-52a6-82fa-2f61a2f8c7ed	chr10	78933459	80046510	5	5	0
3cb1ff4f-3324-52a6-82fa-2f61a2f8c7ed	chr10	80049286	80109281	2	2	0
3cb1ff4f-3324-52a6-82fa-2f61a2f8c7ed	chr10	80113425	81385763	1	1	0
3cb1ff4f-3324-52a6-82fa-2f61a2f8c7ed	chr10	81387712	86464567	2	2	0
3cb1ff4f-3324-52a6-82fa-2f61a2f8c7ed	chr10	86472327	87817989	1	1	0
3cb1ff4f-3324-52a6-82fa-2f61a2f8c7ed	chr10	87819842	88123627	0	0	0
3cb1ff4f-3324-52a6-82fa-2f61a2f8c7ed	chr10	88124274	133515159	2	2	0
3cb1ff4f-3324-52a6-82fa-2f61a2f8c7ed	chr10	133515200	133654968	3	3	0
3cb1ff4f-3324-52a6-82fa-2f61a2f8c7ed	chr11	198510	37956414	2	2	0
3cb1ff4f-3324-52a6-82fa-2f61a2f8c7ed	chr11	37961011	38013806	14	14	0
3cb1ff4f-3324-52a6-82fa-2f61a2f8c7ed	chr11	38016931	38107340	2	2	0
3cb1ff4f-3324-52a6-82fa-2f61a2f8c7ed	chr11	38109352	40115187	19	17	2
3cb1ff4f-3324-52a6-82fa-2f61a2f8c7ed	chr11	40115993	40558535	14	12	2
3cb1ff4f-3324-52a6-82fa-2f61a2f8c7ed	chr11	40559757	40599541	2	2	0
3cb1ff4f-3324-52a6-82fa-2f61a2f8c7ed	chr11	40599665	40817430	14	12	2
3cb1ff4f-3324-52a6-82fa-2f61a2f8c7ed	chr11	40824000	40867817	2	2	0
3cb1ff4f-3324-52a6-82fa-2f61a2f8c7ed	chr11	40869611	41321635	15	13	2
3cb1ff4f-3324-52a6-82fa-2f61a2f8c7ed	chr11	41322892	41559692	19	17	2
3cb1ff4f-3324-52a6-82fa-2f61a2f8c7ed	chr11	41559900	41575959	17	13	4
3cb1ff4f-3324-52a6-82fa-2f61a2f8c7ed	chr11	41580840	41600261	16	13	3
3cb1ff4f-3324-52a6-82fa-2f61a2f8c7ed	chr11	41605648	42446479	11	9	2
3cb1ff4f-3324-52a6-82fa-2f61a2f8c7ed	chr11	42446735	43527194	10	8	2
3cb1ff4f-3324-52a6-82fa-2f61a2f8c7ed	chr11	43529866	45697835	7	5	2
3cb1ff4f-3324-52a6-82fa-2f61a2f8c7ed	chr11	45698099	49144052	6	4	2
3cb1ff4f-3324-52a6-82fa-2f61a2f8c7ed	chr11	49144118	49456156	7	5	2
3cb1ff4f-3324-52a6-82fa-2f61a2f8c7ed	chr11	49458363	78035023	3	2	1
3cb1ff4f-3324-52a6-82fa-2f61a2f8c7ed	chr11	78035072	78050030	1	1	0
3cb1ff4f-3324-52a6-82fa-2f61a2f8c7ed	chr11	78050139	135074876	3	2	1
3cb1ff4f-3324-52a6-82fa-2f61a2f8c7ed	chr12	51460	3476612	4	2	2
3cb1ff4f-3324-52a6-82fa-2f61a2f8c7ed	chr12	3480963	7811433	3	2	1
3cb1ff4f-3324-52a6-82fa-2f61a2f8c7ed	chr12	7818125	7990042	5	3	2
3cb1ff4f-3324-52a6-82fa-2f61a2f8c7ed	chr12	7990870	23540680	3	2	1
3cb1ff4f-3324-52a6-82fa-2f61a2f8c7ed	chr12	23541097	133201603	4	2	2
3cb1ff4f-3324-52a6-82fa-2f61a2f8c7ed	chr13	18452809	29783912	2	2	0
3cb1ff4f-3324-52a6-82fa-2f61a2f8c7ed	chr13	29791646	31087527	3	2	1
3cb1ff4f-3324-52a6-82fa-2f61a2f8c7ed	chr13	31087688	32255105	5	3	2
3cb1ff4f-3324-52a6-82fa-2f61a2f8c7ed	chr13	32262496	114342922	2	2	0
3cb1ff4f-3324-52a6-82fa-2f61a2f8c7ed	chr14	18239283	21630331	5	3	2
3cb1ff4f-3324-52a6-82fa-2f61a2f8c7ed	chr14	21630851	76455372	4	2	2
3cb1ff4f-3324-52a6-82fa-2f61a2f8c7ed	chr14	76462387	76572750	5	3	2
3cb1ff4f-3324-52a6-82fa-2f61a2f8c7ed	chr14	76572948	78940905	4	2	2
3cb1ff4f-3324-52a6-82fa-2f61a2f8c7ed	chr14	78943079	79012021	2	1	1
3cb1ff4f-3324-52a6-82fa-2f61a2f8c7ed	chr14	79012307	102799294	4	2	2
3cb1ff4f-3324-52a6-82fa-2f61a2f8c7ed	chr14	102799329	105757523	3	2	1
3cb1ff4f-3324-52a6-82fa-2f61a2f8c7ed	chr14	105758017	106462169	7	7	0
3cb1ff4f-3324-52a6-82fa-2f61a2f8c7ed	chr14	106462183	106877229	3	2	1
3cb1ff4f-3324-52a6-82fa-2f61a2f8c7ed	chr15	19811075	23504898	4	3	1
3cb1ff4f-3324-52a6-82fa-2f61a2f8c7ed	chr15	23505225	36080080	4	2	2
3cb1ff4f-3324-52a6-82fa-2f61a2f8c7ed	chr15	36080692	67600428	3	2	1
3cb1ff4f-3324-52a6-82fa-2f61a2f8c7ed	chr15	67600454	68693076	4	2	2
3cb1ff4f-3324-52a6-82fa-2f61a2f8c7ed	chr15	68695730	68812894	6	4	2
3cb1ff4f-3324-52a6-82fa-2f61a2f8c7ed	chr15	68815658	72222509	4	2	2
3cb1ff4f-3324-52a6-82fa-2f61a2f8c7ed	chr15	72228924	73330255	5	3	2
3cb1ff4f-3324-52a6-82fa-2f61a2f8c7ed	chr15	73331939	73685996	7	5	2
3cb1ff4f-3324-52a6-82fa-2f61a2f8c7ed	chr15	73689360	76681920	4	2	2
3cb1ff4f-3324-52a6-82fa-2f61a2f8c7ed	chr15	76683920	79844472	3	2	1
3cb1ff4f-3324-52a6-82fa-2f61a2f8c7ed	chr15	79845218	81689609	4	3	1
3cb1ff4f-3324-52a6-82fa-2f61a2f8c7ed	chr15	81691262	82181252	3	2	1
3cb1ff4f-3324-52a6-82fa-2f61a2f8c7ed	chr15	82196339	86176001	4	3	1
3cb1ff4f-3324-52a6-82fa-2f61a2f8c7ed	chr15	86176133	92376661	6	5	1
3cb1ff4f-3324-52a6-82fa-2f61a2f8c7ed	chr15	92377691	97573812	7	6	1
3cb1ff4f-3324-52a6-82fa-2f61a2f8c7ed	chr15	97573826	100225180	6	5	1
3cb1ff4f-3324-52a6-82fa-2f61a2f8c7ed	chr15	100236456	100447727	8	7	1
3cb1ff4f-3324-52a6-82fa-2f61a2f8c7ed	chr15	100448062	101049132	7	6	1
3cb1ff4f-3324-52a6-82fa-2f61a2f8c7ed	chr15	101055424	101928837	2	1	1
3cb1ff4f-3324-52a6-82fa-2f61a2f8c7ed	chr16	10777	5715073	3	2	1
3cb1ff4f-3324-52a6-82fa-2f61a2f8c7ed	chr16	5715239	5739201	5	3	2
3cb1ff4f-3324-52a6-82fa-2f61a2f8c7ed	chr16	5743162	21689639	3	2	1
3cb1ff4f-3324-52a6-82fa-2f61a2f8c7ed	chr16	21690648	22145357	2	2	0
3cb1ff4f-3324-52a6-82fa-2f61a2f8c7ed	chr16	22150542	22576144	4	4	0
3cb1ff4f-3324-52a6-82fa-2f61a2f8c7ed	chr16	22576696	22615026	1	1	0
3cb1ff4f-3324-52a6-82fa-2f61a2f8c7ed	chr16	22615121	23814945	2	2	0
3cb1ff4f-3324-52a6-82fa-2f61a2f8c7ed	chr16	23815096	36048855	3	2	1
3cb1ff4f-3324-52a6-82fa-2f61a2f8c7ed	chr16	46441986	66805335	2	2	0
3cb1ff4f-3324-52a6-82fa-2f61a2f8c7ed	chr16	66812392	73379572	3	2	1
3cb1ff4f-3324-52a6-82fa-2f61a2f8c7ed	chr16	73380034	73391873	5	3	2
3cb1ff4f-3324-52a6-82fa-2f61a2f8c7ed	chr16	73396557	80375486	4	2	2
3cb1ff4f-3324-52a6-82fa-2f61a2f8c7ed	chr16	80375938	83517902	3	2	1
3cb1ff4f-3324-52a6-82fa-2f61a2f8c7ed	chr16	83519193	83617345	4	2	2
3cb1ff4f-3324-52a6-82fa-2f61a2f8c7ed	chr16	83618052	90096867	3	2	1
3cb1ff4f-3324-52a6-82fa-2f61a2f8c7ed	chr17	150733	379187	3	3	0
3cb1ff4f-3324-52a6-82fa-2f61a2f8c7ed	chr17	379432	7679616	2	2	0
3cb1ff4f-3324-52a6-82fa-2f61a2f8c7ed	chr17	7679695	10268374	9	9	0
3cb1ff4f-3324-52a6-82fa-2f61a2f8c7ed	chr17	10268792	12265833	12	12	0
3cb1ff4f-3324-52a6-82fa-2f61a2f8c7ed	chr17	12267878	14205608	13	13	0
3cb1ff4f-3324-52a6-82fa-2f61a2f8c7ed	chr17	14205732	14262806	8	8	0
3cb1ff4f-3324-52a6-82fa-2f61a2f8c7ed	chr17	14264492	14490283	15	15	0
3cb1ff4f-3324-52a6-82fa-2f61a2f8c7ed	chr17	14490298	14916619	18	18	0
3cb1ff4f-3324-52a6-82fa-2f61a2f8c7ed	chr17	14918527	15206653	15	15	0
3cb1ff4f-3324-52a6-82fa-2f61a2f8c7ed	chr17	15207127	15599753	19	17	2
3cb1ff4f-3324-52a6-82fa-2f61a2f8c7ed	chr17	15600682	16500933	16	13	3
3cb1ff4f-3324-52a6-82fa-2f61a2f8c7ed	chr17	16505301	17165320	10	8	2
3cb1ff4f-3324-52a6-82fa-2f61a2f8c7ed	chr17	17167542	17476068	8	5	3
3cb1ff4f-3324-52a6-82fa-2f61a2f8c7ed	chr17	17476148	17631101	9	7	2
3cb1ff4f-3324-52a6-82fa-2f61a2f8c7ed	chr17	17631415	18273775	8	5	3
3cb1ff4f-3324-52a6-82fa-2f61a2f8c7ed	chr17	18274264	19464091	5	3	2
3cb1ff4f-3324-52a6-82fa-2f61a2f8c7ed	chr17	19467255	20874339	8	5	3
3cb1ff4f-3324-52a6-82fa-2f61a2f8c7ed	chr17	20875016	34267523	3	3	0
3cb1ff4f-3324-52a6-82fa-2f61a2f8c7ed	chr17	34267644	34289542	2	2	0
3cb1ff4f-3324-52a6-82fa-2f61a2f8c7ed	chr17	34291962	35047412	5	3	2
3cb1ff4f-3324-52a6-82fa-2f61a2f8c7ed	chr17	35051099	37834004	2	2	0
3cb1ff4f-3324-52a6-82fa-2f61a2f8c7ed	chr17	37834613	69830435	3	3	0
3cb1ff4f-3324-52a6-82fa-2f61a2f8c7ed	chr17	69831994	70327058	4	4	0
3cb1ff4f-3324-52a6-82fa-2f61a2f8c7ed	chr17	70327692	72989143	3	3	0
3cb1ff4f-3324-52a6-82fa-2f61a2f8c7ed	chr17	72989952	83091923	2	2	0
3cb1ff4f-3324-52a6-82fa-2f61a2f8c7ed	chr18	48133	15402409	2	2	0
3cb1ff4f-3324-52a6-82fa-2f61a2f8c7ed	chr18	20949392	24387401	4	2	2
3cb1ff4f-3324-52a6-82fa-2f61a2f8c7ed	chr18	24390091	25924253	2	2	0
3cb1ff4f-3324-52a6-82fa-2f61a2f8c7ed	chr18	25924796	26265972	3	3	0
3cb1ff4f-3324-52a6-82fa-2f61a2f8c7ed	chr18	26272239	45281832	2	2	0
3cb1ff4f-3324-52a6-82fa-2f61a2f8c7ed	chr18	45285802	45350353	5	5	0
3cb1ff4f-3324-52a6-82fa-2f61a2f8c7ed	chr18	45352149	49655298	2	2	0
3cb1ff4f-3324-52a6-82fa-2f61a2f8c7ed	chr18	49658314	51943239	5	5	0
3cb1ff4f-3324-52a6-82fa-2f61a2f8c7ed	chr18	51947154	53365793	4	4	0
3cb1ff4f-3324-52a6-82fa-2f61a2f8c7ed	chr18	53366852	55831042	2	2	0
3cb1ff4f-3324-52a6-82fa-2f61a2f8c7ed	chr18	55834668	57209888	4	4	0
3cb1ff4f-3324-52a6-82fa-2f61a2f8c7ed	chr18	57214802	61259293	2	2	0
3cb1ff4f-3324-52a6-82fa-2f61a2f8c7ed	chr18	61259322	62937660	4	4	0
3cb1ff4f-3324-52a6-82fa-2f61a2f8c7ed	chr18	62947164	66849378	6	6	0
3cb1ff4f-3324-52a6-82fa-2f61a2f8c7ed	chr18	66849838	68273660	7	7	0
3cb1ff4f-3324-52a6-82fa-2f61a2f8c7ed	chr18	68275534	69609946	4	4	0
3cb1ff4f-3324-52a6-82fa-2f61a2f8c7ed	chr18	69612488	80257174	2	2	0
3cb1ff4f-3324-52a6-82fa-2f61a2f8c7ed	chr19	90910	2186196	1	1	0
3cb1ff4f-3324-52a6-82fa-2f61a2f8c7ed	chr19	2186238	9099395	3	3	0
3cb1ff4f-3324-52a6-82fa-2f61a2f8c7ed	chr19	9101755	19935234	4	4	0
3cb1ff4f-3324-52a6-82fa-2f61a2f8c7ed	chr19	19935293	21189208	1	1	0
3cb1ff4f-3324-52a6-82fa-2f61a2f8c7ed	chr19	21189505	24324365	2	2	0
3cb1ff4f-3324-52a6-82fa-2f61a2f8c7ed	chr19	24324370	56331093	3	2	1
3cb1ff4f-3324-52a6-82fa-2f61a2f8c7ed	chr19	56333801	56783295	4	3	1
3cb1ff4f-3324-52a6-82fa-2f61a2f8c7ed	chr19	56783736	57841154	3	3	0
3cb1ff4f-3324-52a6-82fa-2f61a2f8c7ed	chr19	57841789	58586487	2	2	0
3cb1ff4f-3324-52a6-82fa-2f61a2f8c7ed	chr20	80664	22184570	3	2	1
3cb1ff4f-3324-52a6-82fa-2f61a2f8c7ed	chr20	22184789	26324855	1	1	0
3cb1ff4f-3324-52a6-82fa-2f61a2f8c7ed	chr20	26324943	45826537	3	2	1
3cb1ff4f-3324-52a6-82fa-2f61a2f8c7ed	chr20	45830544	46609826	5	3	2
3cb1ff4f-3324-52a6-82fa-2f61a2f8c7ed	chr20	46610230	47083872	3	2	1
3cb1ff4f-3324-52a6-82fa-2f61a2f8c7ed	chr20	47085292	57145659	5	3	2
3cb1ff4f-3324-52a6-82fa-2f61a2f8c7ed	chr20	57145699	57414752	4	2	2
3cb1ff4f-3324-52a6-82fa-2f61a2f8c7ed	chr20	57416639	60695482	5	3	2
3cb1ff4f-3324-52a6-82fa-2f61a2f8c7ed	chr20	60695971	62917845	4	2	2
3cb1ff4f-3324-52a6-82fa-2f61a2f8c7ed	chr20	62917850	63828310	3	2	1
3cb1ff4f-3324-52a6-82fa-2f61a2f8c7ed	chr20	63845206	64324800	1	1	0
3cb1ff4f-3324-52a6-82fa-2f61a2f8c7ed	chr21	12973348	29299692	2	2	0
3cb1ff4f-3324-52a6-82fa-2f61a2f8c7ed	chr21	29300794	39400592	4	2	2
3cb1ff4f-3324-52a6-82fa-2f61a2f8c7ed	chr21	39401516	46677045	3	2	1
3cb1ff4f-3324-52a6-82fa-2f61a2f8c7ed	chr22	16392123	19046950	8	6	2
3cb1ff4f-3324-52a6-82fa-2f61a2f8c7ed	chr22	19047597	23378397	7	5	2
3cb1ff4f-3324-52a6-82fa-2f61a2f8c7ed	chr22	23378474	24099123	5	4	1
3cb1ff4f-3324-52a6-82fa-2f61a2f8c7ed	chr22	24101555	29899962	6	5	1
3cb1ff4f-3324-52a6-82fa-2f61a2f8c7ed	chr22	29901401	31658525	7	5	2
3cb1ff4f-3324-52a6-82fa-2f61a2f8c7ed	chr22	31659457	32841601	6	5	1
3cb1ff4f-3324-52a6-82fa-2f61a2f8c7ed	chr22	32841732	41622252	5	4	1
3cb1ff4f-3324-52a6-82fa-2f61a2f8c7ed	chr22	41625284	44106993	1	1	0
3cb1ff4f-3324-52a6-82fa-2f61a2f8c7ed	chr22	44109048	45647099	2	2	0
3cb1ff4f-3324-52a6-82fa-2f61a2f8c7ed	chr22	45647322	50796027	1	1	0
3cb1ff4f-3324-52a6-82fa-2f61a2f8c7ed	chrX	251810	18747395	2	2	0
3cb1ff4f-3324-52a6-82fa-2f61a2f8c7ed	chrX	18755969	18790067	3	3	0
3cb1ff4f-3324-52a6-82fa-2f61a2f8c7ed	chrX	18793649	38531403	2	2	0
3cb1ff4f-3324-52a6-82fa-2f61a2f8c7ed	chrX	38531520	38538064	3	3	0
3cb1ff4f-3324-52a6-82fa-2f61a2f8c7ed	chrX	38539778	156004181	2	2	0
3cb1ff4f-3324-52a6-82fa-2f61a2f8c7ed	chrY	2782397	26653788	0	0	0
3cb1ff4f-3324-52a6-82fa-2f61a2f8c7ed	chrY	56872112	56872112	3	3	0
