GDC_Aliquot	Chromosome	Start	End	Copy_Number	Major_Copy_Number	Minor_Copy_Number
5dc28930-5e83-521f-bc10-e01d8ffd3893	chr1	62920	20365370	3	2	1
5dc28930-5e83-521f-bc10-e01d8ffd3893	chr1	20369706	21970933	6	4	2
5dc28930-5e83-521f-bc10-e01d8ffd3893	chr1	21971792	23063482	8	4	4
5dc28930-5e83-521f-bc10-e01d8ffd3893	chr1	23068669	23633123	6	5	1
5dc28930-5e83-521f-bc10-e01d8ffd3893	chr1	23634378	25256850	9	5	4
5dc28930-5e83-521f-bc10-e01d8ffd3893	chr1	25266637	25320455	0	0	0
5dc28930-5e83-521f-bc10-e01d8ffd3893	chr1	25336819	25434631	9	5	4
5dc28930-5e83-521f-bc10-e01d8ffd3893	chr1	25435599	27943535	7	5	2
5dc28930-5e83-521f-bc10-e01d8ffd3893	chr1	27944226	28894107	8	5	3
5dc28930-5e83-521f-bc10-e01d8ffd3893	chr1	28894290	29425113	10	5	5
5dc28930-5e83-521f-bc10-e01d8ffd3893	chr1	29425197	30778204	8	4	4
5dc28930-5e83-521f-bc10-e01d8ffd3893	chr1	30778417	30923323	6	4	2
5dc28930-5e83-521f-bc10-e01d8ffd3893	chr1	30927053	32860571	6	5	1
5dc28930-5e83-521f-bc10-e01d8ffd3893	chr1	32861080	33593794	8	7	1
5dc28930-5e83-521f-bc10-e01d8ffd3893	chr1	33596298	34516453	6	5	1
5dc28930-5e83-521f-bc10-e01d8ffd3893	chr1	34516626	35731266	5	4	1
5dc28930-5e83-521f-bc10-e01d8ffd3893	chr1	35734789	57171751	3	2	1
5dc28930-5e83-521f-bc10-e01d8ffd3893	chr1	57179846	58156463	6	5	1
5dc28930-5e83-521f-bc10-e01d8ffd3893	chr1	58156857	59017276	7	6	1
5dc28930-5e83-521f-bc10-e01d8ffd3893	chr1	59017419	60368054	6	5	1
5dc28930-5e83-521f-bc10-e01d8ffd3893	chr1	60370382	60916948	3	2	1
5dc28930-5e83-521f-bc10-e01d8ffd3893	chr1	60917007	61396079	6	5	1
5dc28930-5e83-521f-bc10-e01d8ffd3893	chr1	61397990	62057402	4	4	0
5dc28930-5e83-521f-bc10-e01d8ffd3893	chr1	62057551	66814365	6	6	0
5dc28930-5e83-521f-bc10-e01d8ffd3893	chr1	66817756	72296993	8	6	2
5dc28930-5e83-521f-bc10-e01d8ffd3893	chr1	72297687	72345450	2	2	0
5dc28930-5e83-521f-bc10-e01d8ffd3893	chr1	72345465	72620518	8	6	2
5dc28930-5e83-521f-bc10-e01d8ffd3893	chr1	72622475	72918969	6	6	0
5dc28930-5e83-521f-bc10-e01d8ffd3893	chr1	72920271	75772201	8	6	2
5dc28930-5e83-521f-bc10-e01d8ffd3893	chr1	75772225	77069587	7	5	2
5dc28930-5e83-521f-bc10-e01d8ffd3893	chr1	77079058	78771829	8	5	3
5dc28930-5e83-521f-bc10-e01d8ffd3893	chr1	78772330	81521476	8	6	2
5dc28930-5e83-521f-bc10-e01d8ffd3893	chr1	81522502	82247270	9	6	3
5dc28930-5e83-521f-bc10-e01d8ffd3893	chr1	82247295	82418585	10	5	5
5dc28930-5e83-521f-bc10-e01d8ffd3893	chr1	82419337	82941174	13	8	5
5dc28930-5e83-521f-bc10-e01d8ffd3893	chr1	82941413	83233793	14	10	4
5dc28930-5e83-521f-bc10-e01d8ffd3893	chr1	83237529	85055186	5	5	0
5dc28930-5e83-521f-bc10-e01d8ffd3893	chr1	85057702	85245375	7	5	2
5dc28930-5e83-521f-bc10-e01d8ffd3893	chr1	85245404	86325788	12	6	6
5dc28930-5e83-521f-bc10-e01d8ffd3893	chr1	86329156	86510433	11	11	0
5dc28930-5e83-521f-bc10-e01d8ffd3893	chr1	86517298	99136011	5	5	0
5dc28930-5e83-521f-bc10-e01d8ffd3893	chr1	99136053	102047317	4	4	0
5dc28930-5e83-521f-bc10-e01d8ffd3893	chr1	102047589	108014481	5	5	0
5dc28930-5e83-521f-bc10-e01d8ffd3893	chr1	108015083	121705338	4	4	0
5dc28930-5e83-521f-bc10-e01d8ffd3893	chr1	143541857	152736143	3	2	1
5dc28930-5e83-521f-bc10-e01d8ffd3893	chr1	152740271	152804279	4	3	1
5dc28930-5e83-521f-bc10-e01d8ffd3893	chr1	152805967	170890046	3	2	1
5dc28930-5e83-521f-bc10-e01d8ffd3893	chr1	170893351	171441908	4	2	2
5dc28930-5e83-521f-bc10-e01d8ffd3893	chr1	171444072	246807871	3	2	1
5dc28930-5e83-521f-bc10-e01d8ffd3893	chr1	246808465	246864403	2	2	0
5dc28930-5e83-521f-bc10-e01d8ffd3893	chr1	246864477	248930189	3	2	1
5dc28930-5e83-521f-bc10-e01d8ffd3893	chr2	12784	777471	3	3	0
5dc28930-5e83-521f-bc10-e01d8ffd3893	chr2	778704	1817522	2	2	0
5dc28930-5e83-521f-bc10-e01d8ffd3893	chr2	1817796	3446047	1	1	0
5dc28930-5e83-521f-bc10-e01d8ffd3893	chr2	3451447	3685683	3	3	0
5dc28930-5e83-521f-bc10-e01d8ffd3893	chr2	3688948	9629392	1	1	0
5dc28930-5e83-521f-bc10-e01d8ffd3893	chr2	9629921	15786100	2	2	0
5dc28930-5e83-521f-bc10-e01d8ffd3893	chr2	15786246	19749431	3	3	0
5dc28930-5e83-521f-bc10-e01d8ffd3893	chr2	19751198	19753458	6	6	0
5dc28930-5e83-521f-bc10-e01d8ffd3893	chr2	19754052	21575499	3	3	0
5dc28930-5e83-521f-bc10-e01d8ffd3893	chr2	21575546	23323225	2	2	0
5dc28930-5e83-521f-bc10-e01d8ffd3893	chr2	23325743	28135467	3	3	0
5dc28930-5e83-521f-bc10-e01d8ffd3893	chr2	28135612	28141006	5	5	0
5dc28930-5e83-521f-bc10-e01d8ffd3893	chr2	28144219	34228228	3	3	0
5dc28930-5e83-521f-bc10-e01d8ffd3893	chr2	34228655	34235474	5	5	0
5dc28930-5e83-521f-bc10-e01d8ffd3893	chr2	34236339	67974774	3	3	0
5dc28930-5e83-521f-bc10-e01d8ffd3893	chr2	67978479	68282491	2	2	0
5dc28930-5e83-521f-bc10-e01d8ffd3893	chr2	68282616	80297731	3	3	0
5dc28930-5e83-521f-bc10-e01d8ffd3893	chr2	80306296	80577031	5	4	1
5dc28930-5e83-521f-bc10-e01d8ffd3893	chr2	80577660	83709615	3	3	0
5dc28930-5e83-521f-bc10-e01d8ffd3893	chr2	83710756	84000699	5	3	2
5dc28930-5e83-521f-bc10-e01d8ffd3893	chr2	84001083	86608846	4	3	1
5dc28930-5e83-521f-bc10-e01d8ffd3893	chr2	86612407	88066681	5	3	2
5dc28930-5e83-521f-bc10-e01d8ffd3893	chr2	88067427	96663475	6	3	3
5dc28930-5e83-521f-bc10-e01d8ffd3893	chr2	96667149	97914992	6	4	2
5dc28930-5e83-521f-bc10-e01d8ffd3893	chr2	97917602	98759563	5	3	2
5dc28930-5e83-521f-bc10-e01d8ffd3893	chr2	98760935	102685878	6	3	3
5dc28930-5e83-521f-bc10-e01d8ffd3893	chr2	102685908	102703017	7	5	2
5dc28930-5e83-521f-bc10-e01d8ffd3893	chr2	102703387	103560566	10	7	3
5dc28930-5e83-521f-bc10-e01d8ffd3893	chr2	103560627	104698512	8	5	3
5dc28930-5e83-521f-bc10-e01d8ffd3893	chr2	104698571	105800155	5	3	2
5dc28930-5e83-521f-bc10-e01d8ffd3893	chr2	105800375	106369464	7	4	3
5dc28930-5e83-521f-bc10-e01d8ffd3893	chr2	106369809	108247194	5	3	2
5dc28930-5e83-521f-bc10-e01d8ffd3893	chr2	108247515	149567238	3	3	0
5dc28930-5e83-521f-bc10-e01d8ffd3893	chr2	149568947	150556126	4	4	0
5dc28930-5e83-521f-bc10-e01d8ffd3893	chr2	150556656	154159235	3	3	0
5dc28930-5e83-521f-bc10-e01d8ffd3893	chr2	154159806	156000368	8	5	3
5dc28930-5e83-521f-bc10-e01d8ffd3893	chr2	156003495	157280491	3	3	0
5dc28930-5e83-521f-bc10-e01d8ffd3893	chr2	157280808	158417715	6	4	2
5dc28930-5e83-521f-bc10-e01d8ffd3893	chr2	158417937	189526042	3	3	0
5dc28930-5e83-521f-bc10-e01d8ffd3893	chr2	189528625	191594021	2	2	0
5dc28930-5e83-521f-bc10-e01d8ffd3893	chr2	191595128	223476879	3	3	0
5dc28930-5e83-521f-bc10-e01d8ffd3893	chr2	223478176	223571208	7	5	2
5dc28930-5e83-521f-bc10-e01d8ffd3893	chr2	223576549	242147305	3	3	0
5dc28930-5e83-521f-bc10-e01d8ffd3893	chr3	20930	1398868	2	1	1
5dc28930-5e83-521f-bc10-e01d8ffd3893	chr3	1400523	1739730	3	2	1
5dc28930-5e83-521f-bc10-e01d8ffd3893	chr3	1739753	8692260	2	1	1
5dc28930-5e83-521f-bc10-e01d8ffd3893	chr3	8694576	8753808	4	3	1
5dc28930-5e83-521f-bc10-e01d8ffd3893	chr3	8754861	8772326	2	1	1
5dc28930-5e83-521f-bc10-e01d8ffd3893	chr3	8774151	9056793	4	3	1
5dc28930-5e83-521f-bc10-e01d8ffd3893	chr3	9057381	9168011	3	2	1
5dc28930-5e83-521f-bc10-e01d8ffd3893	chr3	9169476	9187525	6	4	2
5dc28930-5e83-521f-bc10-e01d8ffd3893	chr3	9187811	10666265	3	2	1
5dc28930-5e83-521f-bc10-e01d8ffd3893	chr3	10670017	60406004	2	1	1
5dc28930-5e83-521f-bc10-e01d8ffd3893	chr3	60411891	60431422	1	1	0
5dc28930-5e83-521f-bc10-e01d8ffd3893	chr3	60431606	79981182	2	1	1
5dc28930-5e83-521f-bc10-e01d8ffd3893	chr3	79983501	82132359	1	1	0
5dc28930-5e83-521f-bc10-e01d8ffd3893	chr3	82132581	93829655	2	1	1
5dc28930-5e83-521f-bc10-e01d8ffd3893	chr3	93832701	142473453	3	2	1
5dc28930-5e83-521f-bc10-e01d8ffd3893	chr3	142486645	145116176	4	3	1
5dc28930-5e83-521f-bc10-e01d8ffd3893	chr3	145122975	147451440	5	3	2
5dc28930-5e83-521f-bc10-e01d8ffd3893	chr3	147453565	168554483	4	3	1
5dc28930-5e83-521f-bc10-e01d8ffd3893	chr3	168554747	174937884	3	2	1
5dc28930-5e83-521f-bc10-e01d8ffd3893	chr3	174938382	175227200	1	1	0
5dc28930-5e83-521f-bc10-e01d8ffd3893	chr3	175227225	176032059	3	2	1
5dc28930-5e83-521f-bc10-e01d8ffd3893	chr3	176038415	182299701	2	1	1
5dc28930-5e83-521f-bc10-e01d8ffd3893	chr3	182302154	182677588	3	2	1
5dc28930-5e83-521f-bc10-e01d8ffd3893	chr3	182678080	183066010	4	2	2
5dc28930-5e83-521f-bc10-e01d8ffd3893	chr3	183069894	186732215	3	2	1
5dc28930-5e83-521f-bc10-e01d8ffd3893	chr3	186732280	187728943	2	1	1
5dc28930-5e83-521f-bc10-e01d8ffd3893	chr3	187729244	187925904	3	2	1
5dc28930-5e83-521f-bc10-e01d8ffd3893	chr3	187933119	188605805	2	1	1
5dc28930-5e83-521f-bc10-e01d8ffd3893	chr3	188608081	198169247	3	2	1
5dc28930-5e83-521f-bc10-e01d8ffd3893	chr4	68929	46332319	2	2	0
5dc28930-5e83-521f-bc10-e01d8ffd3893	chr4	46332477	54105044	6	4	2
5dc28930-5e83-521f-bc10-e01d8ffd3893	chr4	54105699	54498057	8	6	2
5dc28930-5e83-521f-bc10-e01d8ffd3893	chr4	54498409	56132126	6	4	2
5dc28930-5e83-521f-bc10-e01d8ffd3893	chr4	56135891	63741144	5	3	2
5dc28930-5e83-521f-bc10-e01d8ffd3893	chr4	63742980	64881460	4	2	2
5dc28930-5e83-521f-bc10-e01d8ffd3893	chr4	64882297	64890377	8	4	4
5dc28930-5e83-521f-bc10-e01d8ffd3893	chr4	64891221	67578229	4	2	2
5dc28930-5e83-521f-bc10-e01d8ffd3893	chr4	67578384	68478894	3	2	1
5dc28930-5e83-521f-bc10-e01d8ffd3893	chr4	68494770	68591984	7	7	0
5dc28930-5e83-521f-bc10-e01d8ffd3893	chr4	68592087	121624274	3	2	1
5dc28930-5e83-521f-bc10-e01d8ffd3893	chr4	121626759	122627791	4	3	1
5dc28930-5e83-521f-bc10-e01d8ffd3893	chr4	122629543	127456905	3	2	1
5dc28930-5e83-521f-bc10-e01d8ffd3893	chr4	127457397	190106768	4	3	1
5dc28930-5e83-521f-bc10-e01d8ffd3893	chr5	15532	22761700	5	3	2
5dc28930-5e83-521f-bc10-e01d8ffd3893	chr5	22762530	26358066	4	2	2
5dc28930-5e83-521f-bc10-e01d8ffd3893	chr5	26363296	43696959	5	3	2
5dc28930-5e83-521f-bc10-e01d8ffd3893	chr5	43697972	51119965	3	2	1
5dc28930-5e83-521f-bc10-e01d8ffd3893	chr5	51120021	73823109	4	3	1
5dc28930-5e83-521f-bc10-e01d8ffd3893	chr5	73830965	74780924	5	4	1
5dc28930-5e83-521f-bc10-e01d8ffd3893	chr5	74787016	99257506	4	3	1
5dc28930-5e83-521f-bc10-e01d8ffd3893	chr5	99257749	99287123	6	3	3
5dc28930-5e83-521f-bc10-e01d8ffd3893	chr5	99288654	121593650	4	3	1
5dc28930-5e83-521f-bc10-e01d8ffd3893	chr5	121593665	121990852	3	3	0
5dc28930-5e83-521f-bc10-e01d8ffd3893	chr5	121992635	122435865	9	7	2
5dc28930-5e83-521f-bc10-e01d8ffd3893	chr5	122437228	122551751	13	10	3
5dc28930-5e83-521f-bc10-e01d8ffd3893	chr5	122551842	139675679	3	3	0
5dc28930-5e83-521f-bc10-e01d8ffd3893	chr5	139676898	139861955	7	6	1
5dc28930-5e83-521f-bc10-e01d8ffd3893	chr5	139862705	181363319	3	3	0
5dc28930-5e83-521f-bc10-e01d8ffd3893	chr6	149661	2412408	6	3	3
5dc28930-5e83-521f-bc10-e01d8ffd3893	chr6	2413558	2526530	3	2	1
5dc28930-5e83-521f-bc10-e01d8ffd3893	chr6	2528994	2871563	6	3	3
5dc28930-5e83-521f-bc10-e01d8ffd3893	chr6	2878134	4241043	5	3	2
5dc28930-5e83-521f-bc10-e01d8ffd3893	chr6	4241701	6094127	6	3	3
5dc28930-5e83-521f-bc10-e01d8ffd3893	chr6	6094174	6733188	3	3	0
5dc28930-5e83-521f-bc10-e01d8ffd3893	chr6	6733496	8364200	4	3	1
5dc28930-5e83-521f-bc10-e01d8ffd3893	chr6	8369446	8925113	5	4	1
5dc28930-5e83-521f-bc10-e01d8ffd3893	chr6	8927278	11852418	4	3	1
5dc28930-5e83-521f-bc10-e01d8ffd3893	chr6	11852605	14808715	3	3	0
5dc28930-5e83-521f-bc10-e01d8ffd3893	chr6	14809188	24680062	4	3	1
5dc28930-5e83-521f-bc10-e01d8ffd3893	chr6	24689773	24931059	7	4	3
5dc28930-5e83-521f-bc10-e01d8ffd3893	chr6	24931944	26571135	6	3	3
5dc28930-5e83-521f-bc10-e01d8ffd3893	chr6	26578719	27071870	3	2	1
5dc28930-5e83-521f-bc10-e01d8ffd3893	chr6	27072247	27390507	4	2	2
5dc28930-5e83-521f-bc10-e01d8ffd3893	chr6	27390613	49619514	3	3	0
5dc28930-5e83-521f-bc10-e01d8ffd3893	chr6	49624520	55201166	4	3	1
5dc28930-5e83-521f-bc10-e01d8ffd3893	chr6	55204196	61115204	6	3	3
5dc28930-5e83-521f-bc10-e01d8ffd3893	chr6	61496363	61636449	4	3	1
5dc28930-5e83-521f-bc10-e01d8ffd3893	chr6	61636840	62203089	3	3	0
5dc28930-5e83-521f-bc10-e01d8ffd3893	chr6	62208079	63897886	4	3	1
5dc28930-5e83-521f-bc10-e01d8ffd3893	chr6	63898892	82144662	3	3	0
5dc28930-5e83-521f-bc10-e01d8ffd3893	chr6	82147762	87330681	2	2	0
5dc28930-5e83-521f-bc10-e01d8ffd3893	chr6	87333654	87352119	1	1	0
5dc28930-5e83-521f-bc10-e01d8ffd3893	chr6	87352271	103286954	2	2	0
5dc28930-5e83-521f-bc10-e01d8ffd3893	chr6	103290101	103314186	6	6	0
5dc28930-5e83-521f-bc10-e01d8ffd3893	chr6	103317795	104218862	2	2	0
5dc28930-5e83-521f-bc10-e01d8ffd3893	chr6	104219625	104408229	3	3	0
5dc28930-5e83-521f-bc10-e01d8ffd3893	chr6	104408295	170741917	2	2	0
5dc28930-5e83-521f-bc10-e01d8ffd3893	chr7	43259	38910338	4	2	2
5dc28930-5e83-521f-bc10-e01d8ffd3893	chr7	38919360	39409412	6	4	2
5dc28930-5e83-521f-bc10-e01d8ffd3893	chr7	39410384	49843393	4	2	2
5dc28930-5e83-521f-bc10-e01d8ffd3893	chr7	49844153	51764124	3	2	1
5dc28930-5e83-521f-bc10-e01d8ffd3893	chr7	51764465	76305726	4	2	2
5dc28930-5e83-521f-bc10-e01d8ffd3893	chr7	76305739	78653459	3	2	1
5dc28930-5e83-521f-bc10-e01d8ffd3893	chr7	78659547	78949871	2	2	0
5dc28930-5e83-521f-bc10-e01d8ffd3893	chr7	78949973	109260977	3	2	1
5dc28930-5e83-521f-bc10-e01d8ffd3893	chr7	109261427	109282948	4	3	1
5dc28930-5e83-521f-bc10-e01d8ffd3893	chr7	109283947	159334314	3	2	1
5dc28930-5e83-521f-bc10-e01d8ffd3893	chr8	81254	2005319	1	1	0
5dc28930-5e83-521f-bc10-e01d8ffd3893	chr8	2008662	4903261	4	3	1
5dc28930-5e83-521f-bc10-e01d8ffd3893	chr8	4903437	5730639	1	1	0
5dc28930-5e83-521f-bc10-e01d8ffd3893	chr8	5730675	5812706	2	1	1
5dc28930-5e83-521f-bc10-e01d8ffd3893	chr8	5814936	6205036	4	3	1
5dc28930-5e83-521f-bc10-e01d8ffd3893	chr8	6205279	6219174	1	1	0
5dc28930-5e83-521f-bc10-e01d8ffd3893	chr8	6219549	6598799	4	3	1
5dc28930-5e83-521f-bc10-e01d8ffd3893	chr8	6598909	27813084	1	1	0
5dc28930-5e83-521f-bc10-e01d8ffd3893	chr8	27815887	29440001	2	2	0
5dc28930-5e83-521f-bc10-e01d8ffd3893	chr8	29440379	37629558	5	3	2
5dc28930-5e83-521f-bc10-e01d8ffd3893	chr8	37629587	46000692	6	4	2
5dc28930-5e83-521f-bc10-e01d8ffd3893	chr8	46007651	102543876	4	2	2
5dc28930-5e83-521f-bc10-e01d8ffd3893	chr8	102548128	103524747	6	4	2
5dc28930-5e83-521f-bc10-e01d8ffd3893	chr8	103525168	145072769	4	2	2
5dc28930-5e83-521f-bc10-e01d8ffd3893	chr9	46587	4384038	1	1	0
5dc28930-5e83-521f-bc10-e01d8ffd3893	chr9	4386288	16699196	2	1	1
5dc28930-5e83-521f-bc10-e01d8ffd3893	chr9	16702396	17471589	3	2	1
5dc28930-5e83-521f-bc10-e01d8ffd3893	chr9	17471770	27959887	2	1	1
5dc28930-5e83-521f-bc10-e01d8ffd3893	chr9	27960367	27973996	5	3	2
5dc28930-5e83-521f-bc10-e01d8ffd3893	chr9	27974090	28193032	4	3	1
5dc28930-5e83-521f-bc10-e01d8ffd3893	chr9	28193254	32637768	2	1	1
5dc28930-5e83-521f-bc10-e01d8ffd3893	chr9	32638448	32959427	4	3	1
5dc28930-5e83-521f-bc10-e01d8ffd3893	chr9	32967269	69289554	3	2	1
5dc28930-5e83-521f-bc10-e01d8ffd3893	chr9	69292953	73116121	4	2	2
5dc28930-5e83-521f-bc10-e01d8ffd3893	chr9	73120202	74044999	5	3	2
5dc28930-5e83-521f-bc10-e01d8ffd3893	chr9	74046224	80156748	4	2	2
5dc28930-5e83-521f-bc10-e01d8ffd3893	chr9	80157119	82792150	5	3	2
5dc28930-5e83-521f-bc10-e01d8ffd3893	chr9	82795175	95722539	4	2	2
5dc28930-5e83-521f-bc10-e01d8ffd3893	chr9	95730682	96124809	2	2	0
5dc28930-5e83-521f-bc10-e01d8ffd3893	chr9	96126346	113105143	4	2	2
5dc28930-5e83-521f-bc10-e01d8ffd3893	chr9	113105244	113196075	6	4	2
5dc28930-5e83-521f-bc10-e01d8ffd3893	chr9	113197701	121668188	4	2	2
5dc28930-5e83-521f-bc10-e01d8ffd3893	chr9	121668734	138200944	2	2	0
5dc28930-5e83-521f-bc10-e01d8ffd3893	chr10	45792	30962753	2	1	1
5dc28930-5e83-521f-bc10-e01d8ffd3893	chr10	30962785	33132620	3	2	1
5dc28930-5e83-521f-bc10-e01d8ffd3893	chr10	33132927	38675121	2	1	1
5dc28930-5e83-521f-bc10-e01d8ffd3893	chr10	38675153	85581490	3	2	1
5dc28930-5e83-521f-bc10-e01d8ffd3893	chr10	85583730	86085324	2	1	1
5dc28930-5e83-521f-bc10-e01d8ffd3893	chr10	86085449	133654968	3	2	1
5dc28930-5e83-521f-bc10-e01d8ffd3893	chr11	198510	11469217	4	2	2
5dc28930-5e83-521f-bc10-e01d8ffd3893	chr11	11469985	11568164	3	2	1
5dc28930-5e83-521f-bc10-e01d8ffd3893	chr11	11568354	36261164	4	2	2
5dc28930-5e83-521f-bc10-e01d8ffd3893	chr11	36262095	36388276	5	3	2
5dc28930-5e83-521f-bc10-e01d8ffd3893	chr11	36388568	36953177	6	4	2
5dc28930-5e83-521f-bc10-e01d8ffd3893	chr11	36953879	55497932	4	2	2
5dc28930-5e83-521f-bc10-e01d8ffd3893	chr11	55498116	60640801	2	2	0
5dc28930-5e83-521f-bc10-e01d8ffd3893	chr11	60646586	63070684	3	2	1
5dc28930-5e83-521f-bc10-e01d8ffd3893	chr11	63079689	63341981	1	1	0
5dc28930-5e83-521f-bc10-e01d8ffd3893	chr11	63350740	68708125	3	2	1
5dc28930-5e83-521f-bc10-e01d8ffd3893	chr11	68708543	87273832	2	2	0
5dc28930-5e83-521f-bc10-e01d8ffd3893	chr11	87274539	87282188	1	1	0
5dc28930-5e83-521f-bc10-e01d8ffd3893	chr11	87282777	99641525	2	2	0
5dc28930-5e83-521f-bc10-e01d8ffd3893	chr11	99641580	99684082	1	1	0
5dc28930-5e83-521f-bc10-e01d8ffd3893	chr11	99684662	112976081	2	2	0
5dc28930-5e83-521f-bc10-e01d8ffd3893	chr11	112976484	113146439	3	3	0
5dc28930-5e83-521f-bc10-e01d8ffd3893	chr11	113146469	119215492	2	2	0
5dc28930-5e83-521f-bc10-e01d8ffd3893	chr11	119215919	131804093	5	3	2
5dc28930-5e83-521f-bc10-e01d8ffd3893	chr11	131804157	135074876	3	2	1
5dc28930-5e83-521f-bc10-e01d8ffd3893	chr12	51460	9477960	5	3	2
5dc28930-5e83-521f-bc10-e01d8ffd3893	chr12	9481274	9582374	0	0	0
5dc28930-5e83-521f-bc10-e01d8ffd3893	chr12	9583090	30230089	5	3	2
5dc28930-5e83-521f-bc10-e01d8ffd3893	chr12	30231662	30246492	7	4	3
5dc28930-5e83-521f-bc10-e01d8ffd3893	chr12	30246516	48009261	5	3	2
5dc28930-5e83-521f-bc10-e01d8ffd3893	chr12	48009446	53663559	4	2	2
5dc28930-5e83-521f-bc10-e01d8ffd3893	chr12	53669481	111567718	3	2	1
5dc28930-5e83-521f-bc10-e01d8ffd3893	chr12	111569952	115292043	2	2	0
5dc28930-5e83-521f-bc10-e01d8ffd3893	chr12	115292357	115370004	5	3	2
5dc28930-5e83-521f-bc10-e01d8ffd3893	chr12	115375508	133201603	3	2	1
5dc28930-5e83-521f-bc10-e01d8ffd3893	chr13	18452809	73348916	3	2	1
5dc28930-5e83-521f-bc10-e01d8ffd3893	chr13	73354206	93885967	2	1	1
5dc28930-5e83-521f-bc10-e01d8ffd3893	chr13	93886539	94094482	1	1	0
5dc28930-5e83-521f-bc10-e01d8ffd3893	chr13	94095045	112084708	2	1	1
5dc28930-5e83-521f-bc10-e01d8ffd3893	chr13	112084751	114342922	3	2	1
5dc28930-5e83-521f-bc10-e01d8ffd3893	chr14	18239283	21036014	4	3	1
5dc28930-5e83-521f-bc10-e01d8ffd3893	chr14	21037469	21950479	5	4	1
5dc28930-5e83-521f-bc10-e01d8ffd3893	chr14	21952246	23298781	4	3	1
5dc28930-5e83-521f-bc10-e01d8ffd3893	chr14	23304982	26526331	5	4	1
5dc28930-5e83-521f-bc10-e01d8ffd3893	chr14	26527028	43417264	3	2	1
5dc28930-5e83-521f-bc10-e01d8ffd3893	chr14	43429205	44324907	4	3	1
5dc28930-5e83-521f-bc10-e01d8ffd3893	chr14	44325421	45204754	5	4	1
5dc28930-5e83-521f-bc10-e01d8ffd3893	chr14	45209925	46538981	3	2	1
5dc28930-5e83-521f-bc10-e01d8ffd3893	chr14	46539113	47822883	5	4	1
5dc28930-5e83-521f-bc10-e01d8ffd3893	chr14	47823251	48349484	8	7	1
5dc28930-5e83-521f-bc10-e01d8ffd3893	chr14	48351694	50095849	4	2	2
5dc28930-5e83-521f-bc10-e01d8ffd3893	chr14	50096343	105779965	3	2	1
5dc28930-5e83-521f-bc10-e01d8ffd3893	chr14	105780462	106340102	7	7	0
5dc28930-5e83-521f-bc10-e01d8ffd3893	chr14	106340305	106877229	3	2	1
5dc28930-5e83-521f-bc10-e01d8ffd3893	chr15	19811075	30442554	3	2	1
5dc28930-5e83-521f-bc10-e01d8ffd3893	chr15	30483791	61071090	2	2	0
5dc28930-5e83-521f-bc10-e01d8ffd3893	chr15	61073184	61077286	3	3	0
5dc28930-5e83-521f-bc10-e01d8ffd3893	chr15	61077609	61472868	5	3	2
5dc28930-5e83-521f-bc10-e01d8ffd3893	chr15	61473903	64608514	4	2	2
5dc28930-5e83-521f-bc10-e01d8ffd3893	chr15	64610862	64828598	3	2	1
5dc28930-5e83-521f-bc10-e01d8ffd3893	chr15	64828761	69444545	4	2	2
5dc28930-5e83-521f-bc10-e01d8ffd3893	chr15	69444850	77707094	3	2	1
5dc28930-5e83-521f-bc10-e01d8ffd3893	chr15	77714912	79237970	7	5	2
5dc28930-5e83-521f-bc10-e01d8ffd3893	chr15	79238504	79543200	9	7	2
5dc28930-5e83-521f-bc10-e01d8ffd3893	chr15	79544391	80250239	8	6	2
5dc28930-5e83-521f-bc10-e01d8ffd3893	chr15	80253542	80361351	6	4	2
5dc28930-5e83-521f-bc10-e01d8ffd3893	chr15	80361386	93360203	7	5	2
5dc28930-5e83-521f-bc10-e01d8ffd3893	chr15	93362152	101928837	8	6	2
5dc28930-5e83-521f-bc10-e01d8ffd3893	chr16	10777	21352084	2	2	0
5dc28930-5e83-521f-bc10-e01d8ffd3893	chr16	21352501	21565495	3	3	0
5dc28930-5e83-521f-bc10-e01d8ffd3893	chr16	21569910	36048855	4	2	2
5dc28930-5e83-521f-bc10-e01d8ffd3893	chr16	46441986	77197927	3	2	1
5dc28930-5e83-521f-bc10-e01d8ffd3893	chr16	77199271	77286805	5	4	1
5dc28930-5e83-521f-bc10-e01d8ffd3893	chr16	77288049	77351318	4	3	1
5dc28930-5e83-521f-bc10-e01d8ffd3893	chr16	77351621	77555171	5	3	2
5dc28930-5e83-521f-bc10-e01d8ffd3893	chr16	77555696	77637427	7	5	2
5dc28930-5e83-521f-bc10-e01d8ffd3893	chr16	77637739	77807815	5	5	0
5dc28930-5e83-521f-bc10-e01d8ffd3893	chr16	77807832	78117135	2	2	0
5dc28930-5e83-521f-bc10-e01d8ffd3893	chr16	78122191	84860675	1	1	0
5dc28930-5e83-521f-bc10-e01d8ffd3893	chr16	84860707	85337769	2	2	0
5dc28930-5e83-521f-bc10-e01d8ffd3893	chr16	85338814	90096867	1	1	0
5dc28930-5e83-521f-bc10-e01d8ffd3893	chr17	150733	15518221	2	2	0
5dc28930-5e83-521f-bc10-e01d8ffd3893	chr17	15519021	15586786	13	11	2
5dc28930-5e83-521f-bc10-e01d8ffd3893	chr17	15586837	15586837	29	29	0
5dc28930-5e83-521f-bc10-e01d8ffd3893	chr17	15587808	17520567	21	20	1
5dc28930-5e83-521f-bc10-e01d8ffd3893	chr17	17521246	18940868	18	17	1
5dc28930-5e83-521f-bc10-e01d8ffd3893	chr17	18942756	20125857	14	13	1
5dc28930-5e83-521f-bc10-e01d8ffd3893	chr17	20126588	21504194	2	2	0
5dc28930-5e83-521f-bc10-e01d8ffd3893	chr17	21504469	22717613	3	2	1
5dc28930-5e83-521f-bc10-e01d8ffd3893	chr17	22718075	27921504	4	2	2
5dc28930-5e83-521f-bc10-e01d8ffd3893	chr17	27927923	60563757	3	2	1
5dc28930-5e83-521f-bc10-e01d8ffd3893	chr17	60564763	61315556	4	2	2
5dc28930-5e83-521f-bc10-e01d8ffd3893	chr17	61315624	76438793	3	2	1
5dc28930-5e83-521f-bc10-e01d8ffd3893	chr17	76439277	77089572	4	2	2
5dc28930-5e83-521f-bc10-e01d8ffd3893	chr17	77091639	82183906	3	2	1
5dc28930-5e83-521f-bc10-e01d8ffd3893	chr17	82186596	82726217	4	2	2
5dc28930-5e83-521f-bc10-e01d8ffd3893	chr17	82726459	83091923	3	3	0
5dc28930-5e83-521f-bc10-e01d8ffd3893	chr18	48133	44763382	3	2	1
5dc28930-5e83-521f-bc10-e01d8ffd3893	chr18	44765127	45156023	4	2	2
5dc28930-5e83-521f-bc10-e01d8ffd3893	chr18	45156509	45905054	3	2	1
5dc28930-5e83-521f-bc10-e01d8ffd3893	chr18	45905920	57978411	4	2	2
5dc28930-5e83-521f-bc10-e01d8ffd3893	chr18	57978494	58784264	6	4	2
5dc28930-5e83-521f-bc10-e01d8ffd3893	chr18	58784627	65978535	4	2	2
5dc28930-5e83-521f-bc10-e01d8ffd3893	chr18	65989127	67500872	3	2	1
5dc28930-5e83-521f-bc10-e01d8ffd3893	chr18	67505597	79856508	4	2	2
5dc28930-5e83-521f-bc10-e01d8ffd3893	chr18	79858757	80257174	2	2	0
5dc28930-5e83-521f-bc10-e01d8ffd3893	chr19	90910	865374	1	1	0
5dc28930-5e83-521f-bc10-e01d8ffd3893	chr19	865406	1135486	6	5	1
5dc28930-5e83-521f-bc10-e01d8ffd3893	chr19	1156398	1709258	2	2	0
5dc28930-5e83-521f-bc10-e01d8ffd3893	chr19	1709554	1973733	4	4	0
5dc28930-5e83-521f-bc10-e01d8ffd3893	chr19	1973768	2242830	2	2	0
5dc28930-5e83-521f-bc10-e01d8ffd3893	chr19	2244073	2519449	4	4	0
5dc28930-5e83-521f-bc10-e01d8ffd3893	chr19	2519855	13836478	2	2	0
5dc28930-5e83-521f-bc10-e01d8ffd3893	chr19	13843522	23376693	1	1	0
5dc28930-5e83-521f-bc10-e01d8ffd3893	chr19	23377812	24413948	3	2	1
5dc28930-5e83-521f-bc10-e01d8ffd3893	chr19	27257085	28447696	17	15	2
5dc28930-5e83-521f-bc10-e01d8ffd3893	chr19	28448319	30176783	23	21	2
5dc28930-5e83-521f-bc10-e01d8ffd3893	chr19	30176872	32814621	27	25	2
5dc28930-5e83-521f-bc10-e01d8ffd3893	chr19	32816401	33558522	19	17	2
5dc28930-5e83-521f-bc10-e01d8ffd3893	chr19	33558956	34136414	17	14	3
5dc28930-5e83-521f-bc10-e01d8ffd3893	chr19	34142208	34361976	14	13	1
5dc28930-5e83-521f-bc10-e01d8ffd3893	chr19	34367669	53401002	2	1	1
5dc28930-5e83-521f-bc10-e01d8ffd3893	chr19	53401199	54929544	3	2	1
5dc28930-5e83-521f-bc10-e01d8ffd3893	chr19	54929700	57033234	4	3	1
5dc28930-5e83-521f-bc10-e01d8ffd3893	chr19	57034022	58586487	3	2	1
5dc28930-5e83-521f-bc10-e01d8ffd3893	chr20	80664	51256722	5	3	2
5dc28930-5e83-521f-bc10-e01d8ffd3893	chr20	51260317	51263677	3	2	1
5dc28930-5e83-521f-bc10-e01d8ffd3893	chr20	51267557	55575102	5	3	2
5dc28930-5e83-521f-bc10-e01d8ffd3893	chr20	55576130	55772378	6	4	2
5dc28930-5e83-521f-bc10-e01d8ffd3893	chr20	55775565	61523505	5	3	2
5dc28930-5e83-521f-bc10-e01d8ffd3893	chr20	61524043	64324800	3	2	1
5dc28930-5e83-521f-bc10-e01d8ffd3893	chr21	12973348	16805983	3	2	1
5dc28930-5e83-521f-bc10-e01d8ffd3893	chr21	16810269	17119977	2	1	1
5dc28930-5e83-521f-bc10-e01d8ffd3893	chr21	17124614	17980778	1	1	0
5dc28930-5e83-521f-bc10-e01d8ffd3893	chr21	17982041	36446773	2	1	1
5dc28930-5e83-521f-bc10-e01d8ffd3893	chr21	36447260	38180098	3	2	1
5dc28930-5e83-521f-bc10-e01d8ffd3893	chr21	38183716	38455516	8	7	1
5dc28930-5e83-521f-bc10-e01d8ffd3893	chr21	38455947	38496818	5	4	1
5dc28930-5e83-521f-bc10-e01d8ffd3893	chr21	38496882	38674307	3	2	1
5dc28930-5e83-521f-bc10-e01d8ffd3893	chr21	38681155	40238585	4	3	1
5dc28930-5e83-521f-bc10-e01d8ffd3893	chr21	40238869	40291557	2	2	0
5dc28930-5e83-521f-bc10-e01d8ffd3893	chr21	40292306	43032758	2	1	1
5dc28930-5e83-521f-bc10-e01d8ffd3893	chr21	43032838	46451081	3	2	1
5dc28930-5e83-521f-bc10-e01d8ffd3893	chr21	46453497	46677045	2	1	1
5dc28930-5e83-521f-bc10-e01d8ffd3893	chr22	16392123	24022005	5	3	2
5dc28930-5e83-521f-bc10-e01d8ffd3893	chr22	24026280	24510664	7	4	3
5dc28930-5e83-521f-bc10-e01d8ffd3893	chr22	24510916	46014622	5	3	2
5dc28930-5e83-521f-bc10-e01d8ffd3893	chr22	46027225	50796027	4	2	2
5dc28930-5e83-521f-bc10-e01d8ffd3893	chrX	251810	2776199	5	3	2
5dc28930-5e83-521f-bc10-e01d8ffd3893	chrX	2785350	32490810	1	1	0
5dc28930-5e83-521f-bc10-e01d8ffd3893	chrX	32490872	33537094	0	0	0
5dc28930-5e83-521f-bc10-e01d8ffd3893	chrX	33538928	48772834	1	1	0
5dc28930-5e83-521f-bc10-e01d8ffd3893	chrX	48773670	50639183	2	2	0
5dc28930-5e83-521f-bc10-e01d8ffd3893	chrX	50640584	155734427	1	1	0
5dc28930-5e83-521f-bc10-e01d8ffd3893	chrX	155736972	156004181	3	2	1
5dc28930-5e83-521f-bc10-e01d8ffd3893	chrY	2782397	26653788	5	5	0
5dc28930-5e83-521f-bc10-e01d8ffd3893	chrY	56872112	56872112	1	1	0
