GDC_Aliquot	Chromosome	Start	End	Copy_Number	Major_Copy_Number	Minor_Copy_Number
e0e08dca-bc2d-519d-a6b9-ca37868561a1	chr1	62920	16018169	4	2	2
e0e08dca-bc2d-519d-a6b9-ca37868561a1	chr1	16018332	16193697	5	3	2
e0e08dca-bc2d-519d-a6b9-ca37868561a1	chr1	16199054	22704958	4	2	2
e0e08dca-bc2d-519d-a6b9-ca37868561a1	chr1	22705401	22841000	8	5	3
e0e08dca-bc2d-519d-a6b9-ca37868561a1	chr1	22842468	121705338	4	2	2
e0e08dca-bc2d-519d-a6b9-ca37868561a1	chr1	143541857	148329947	5	3	2
e0e08dca-bc2d-519d-a6b9-ca37868561a1	chr1	148330152	150522687	7	4	3
e0e08dca-bc2d-519d-a6b9-ca37868561a1	chr1	150524380	150957211	9	7	2
e0e08dca-bc2d-519d-a6b9-ca37868561a1	chr1	150958822	152187003	6	4	2
e0e08dca-bc2d-519d-a6b9-ca37868561a1	chr1	152187297	154877003	4	2	2
e0e08dca-bc2d-519d-a6b9-ca37868561a1	chr1	154877114	155900727	5	3	2
e0e08dca-bc2d-519d-a6b9-ca37868561a1	chr1	155903523	168212867	4	2	2
e0e08dca-bc2d-519d-a6b9-ca37868561a1	chr1	168213205	171072865	5	3	2
e0e08dca-bc2d-519d-a6b9-ca37868561a1	chr1	171076176	172500331	6	4	2
e0e08dca-bc2d-519d-a6b9-ca37868561a1	chr1	172500567	179180609	5	3	2
e0e08dca-bc2d-519d-a6b9-ca37868561a1	chr1	179181102	183978749	4	2	2
e0e08dca-bc2d-519d-a6b9-ca37868561a1	chr1	183979507	206457564	5	3	2
e0e08dca-bc2d-519d-a6b9-ca37868561a1	chr1	206459909	248930189	4	2	2
e0e08dca-bc2d-519d-a6b9-ca37868561a1	chr2	12784	20416664	4	2	2
e0e08dca-bc2d-519d-a6b9-ca37868561a1	chr2	20418255	20652054	5	3	2
e0e08dca-bc2d-519d-a6b9-ca37868561a1	chr2	20653325	50963168	4	2	2
e0e08dca-bc2d-519d-a6b9-ca37868561a1	chr2	50964106	51341497	3	2	1
e0e08dca-bc2d-519d-a6b9-ca37868561a1	chr2	51341904	69186808	4	2	2
e0e08dca-bc2d-519d-a6b9-ca37868561a1	chr2	69187201	69262684	2	1	1
e0e08dca-bc2d-519d-a6b9-ca37868561a1	chr2	69264831	132505839	4	2	2
e0e08dca-bc2d-519d-a6b9-ca37868561a1	chr2	132505897	132717603	5	3	2
e0e08dca-bc2d-519d-a6b9-ca37868561a1	chr2	132718742	140926701	4	2	2
e0e08dca-bc2d-519d-a6b9-ca37868561a1	chr2	140930355	141386454	3	2	1
e0e08dca-bc2d-519d-a6b9-ca37868561a1	chr2	141389453	167074156	4	2	2
e0e08dca-bc2d-519d-a6b9-ca37868561a1	chr2	167088442	167110383	2	1	1
e0e08dca-bc2d-519d-a6b9-ca37868561a1	chr2	167110885	198251842	4	2	2
e0e08dca-bc2d-519d-a6b9-ca37868561a1	chr2	198257208	198466406	8	5	3
e0e08dca-bc2d-519d-a6b9-ca37868561a1	chr2	198478515	199038867	5	3	2
e0e08dca-bc2d-519d-a6b9-ca37868561a1	chr2	199040204	199143236	7	4	3
e0e08dca-bc2d-519d-a6b9-ca37868561a1	chr2	199144084	199689484	5	3	2
e0e08dca-bc2d-519d-a6b9-ca37868561a1	chr2	199689608	242147305	4	2	2
e0e08dca-bc2d-519d-a6b9-ca37868561a1	chr3	20930	24675177	4	2	2
e0e08dca-bc2d-519d-a6b9-ca37868561a1	chr3	24676948	25714062	5	3	2
e0e08dca-bc2d-519d-a6b9-ca37868561a1	chr3	25714222	37945392	4	2	2
e0e08dca-bc2d-519d-a6b9-ca37868561a1	chr3	37945437	40398545	6	4	2
e0e08dca-bc2d-519d-a6b9-ca37868561a1	chr3	40399378	41384385	7	5	2
e0e08dca-bc2d-519d-a6b9-ca37868561a1	chr3	41386178	58205515	6	4	2
e0e08dca-bc2d-519d-a6b9-ca37868561a1	chr3	58205706	77275899	4	2	2
e0e08dca-bc2d-519d-a6b9-ca37868561a1	chr3	77276004	77491403	3	2	1
e0e08dca-bc2d-519d-a6b9-ca37868561a1	chr3	77493321	186682728	4	2	2
e0e08dca-bc2d-519d-a6b9-ca37868561a1	chr3	186682990	186741032	3	2	1
e0e08dca-bc2d-519d-a6b9-ca37868561a1	chr3	186741438	198169247	4	2	2
e0e08dca-bc2d-519d-a6b9-ca37868561a1	chr4	68929	7458506	4	2	2
e0e08dca-bc2d-519d-a6b9-ca37868561a1	chr4	7458620	7464739	7	4	3
e0e08dca-bc2d-519d-a6b9-ca37868561a1	chr4	7465253	87273051	4	2	2
e0e08dca-bc2d-519d-a6b9-ca37868561a1	chr4	87273895	88041265	5	3	2
e0e08dca-bc2d-519d-a6b9-ca37868561a1	chr4	88043561	107681131	4	2	2
e0e08dca-bc2d-519d-a6b9-ca37868561a1	chr4	107683940	108740178	5	3	2
e0e08dca-bc2d-519d-a6b9-ca37868561a1	chr4	108740590	146152700	4	2	2
e0e08dca-bc2d-519d-a6b9-ca37868561a1	chr4	146152950	146180290	2	1	1
e0e08dca-bc2d-519d-a6b9-ca37868561a1	chr4	146180807	176191401	4	2	2
e0e08dca-bc2d-519d-a6b9-ca37868561a1	chr4	176191933	176313795	5	3	2
e0e08dca-bc2d-519d-a6b9-ca37868561a1	chr4	176313886	190106768	4	2	2
e0e08dca-bc2d-519d-a6b9-ca37868561a1	chr5	15532	12540804	4	2	2
e0e08dca-bc2d-519d-a6b9-ca37868561a1	chr5	12543258	12589299	6	4	2
e0e08dca-bc2d-519d-a6b9-ca37868561a1	chr5	12589832	41594136	4	2	2
e0e08dca-bc2d-519d-a6b9-ca37868561a1	chr5	41594447	41621591	3	2	1
e0e08dca-bc2d-519d-a6b9-ca37868561a1	chr5	41624877	53305536	4	2	2
e0e08dca-bc2d-519d-a6b9-ca37868561a1	chr5	53309947	53669927	7	5	2
e0e08dca-bc2d-519d-a6b9-ca37868561a1	chr5	53670172	61219530	4	2	2
e0e08dca-bc2d-519d-a6b9-ca37868561a1	chr5	61219967	61280715	5	3	2
e0e08dca-bc2d-519d-a6b9-ca37868561a1	chr5	61280804	120908139	4	2	2
e0e08dca-bc2d-519d-a6b9-ca37868561a1	chr5	120909296	121073343	6	4	2
e0e08dca-bc2d-519d-a6b9-ca37868561a1	chr5	121073464	172347728	4	2	2
e0e08dca-bc2d-519d-a6b9-ca37868561a1	chr5	172349529	176127712	2	2	0
e0e08dca-bc2d-519d-a6b9-ca37868561a1	chr5	176131551	176223481	5	4	1
e0e08dca-bc2d-519d-a6b9-ca37868561a1	chr5	176234121	181363319	2	2	0
e0e08dca-bc2d-519d-a6b9-ca37868561a1	chr6	149661	2311411	2	2	0
e0e08dca-bc2d-519d-a6b9-ca37868561a1	chr6	2311682	44430511	4	2	2
e0e08dca-bc2d-519d-a6b9-ca37868561a1	chr6	44434093	45125991	6	4	2
e0e08dca-bc2d-519d-a6b9-ca37868561a1	chr6	45130464	45968295	5	3	2
e0e08dca-bc2d-519d-a6b9-ca37868561a1	chr6	45968347	138144624	4	2	2
e0e08dca-bc2d-519d-a6b9-ca37868561a1	chr6	138145359	138210367	2	1	1
e0e08dca-bc2d-519d-a6b9-ca37868561a1	chr6	138210440	170741917	4	2	2
e0e08dca-bc2d-519d-a6b9-ca37868561a1	chr7	43259	24921474	4	2	2
e0e08dca-bc2d-519d-a6b9-ca37868561a1	chr7	24923132	24934381	2	1	1
e0e08dca-bc2d-519d-a6b9-ca37868561a1	chr7	24934756	159334314	4	2	2
e0e08dca-bc2d-519d-a6b9-ca37868561a1	chr8	81254	10387953	6	5	1
e0e08dca-bc2d-519d-a6b9-ca37868561a1	chr8	10388278	11449609	5	4	1
e0e08dca-bc2d-519d-a6b9-ca37868561a1	chr8	11450063	18682914	6	5	1
e0e08dca-bc2d-519d-a6b9-ca37868561a1	chr8	18684970	43781896	3	2	1
e0e08dca-bc2d-519d-a6b9-ca37868561a1	chr8	43800087	73831373	4	2	2
e0e08dca-bc2d-519d-a6b9-ca37868561a1	chr8	73831436	74291694	52	48	4
e0e08dca-bc2d-519d-a6b9-ca37868561a1	chr8	74295418	75041542	64	61	3
e0e08dca-bc2d-519d-a6b9-ca37868561a1	chr8	75045357	75717081	42	39	3
e0e08dca-bc2d-519d-a6b9-ca37868561a1	chr8	75717101	75973811	40	39	1
e0e08dca-bc2d-519d-a6b9-ca37868561a1	chr8	75974578	76074111	40	36	4
e0e08dca-bc2d-519d-a6b9-ca37868561a1	chr8	76078469	78854264	4	2	2
e0e08dca-bc2d-519d-a6b9-ca37868561a1	chr8	78855028	79494690	48	44	4
e0e08dca-bc2d-519d-a6b9-ca37868561a1	chr8	79501101	81130756	4	2	2
e0e08dca-bc2d-519d-a6b9-ca37868561a1	chr8	81134980	81792848	39	36	3
e0e08dca-bc2d-519d-a6b9-ca37868561a1	chr8	81793229	82745228	26	24	2
e0e08dca-bc2d-519d-a6b9-ca37868561a1	chr8	82748328	84339430	4	2	2
e0e08dca-bc2d-519d-a6b9-ca37868561a1	chr8	84339806	84527907	3	2	1
e0e08dca-bc2d-519d-a6b9-ca37868561a1	chr8	84528190	85640913	26	24	2
e0e08dca-bc2d-519d-a6b9-ca37868561a1	chr8	85645184	89996055	8	6	2
e0e08dca-bc2d-519d-a6b9-ca37868561a1	chr8	89998958	90673411	12	10	2
e0e08dca-bc2d-519d-a6b9-ca37868561a1	chr8	90675342	91285794	16	14	2
e0e08dca-bc2d-519d-a6b9-ca37868561a1	chr8	91286264	92253592	9	7	2
e0e08dca-bc2d-519d-a6b9-ca37868561a1	chr8	92255151	94922874	17	15	2
e0e08dca-bc2d-519d-a6b9-ca37868561a1	chr8	94922936	95616604	10	8	2
e0e08dca-bc2d-519d-a6b9-ca37868561a1	chr8	95618404	97230111	13	11	2
e0e08dca-bc2d-519d-a6b9-ca37868561a1	chr8	97230293	97481886	20	18	2
e0e08dca-bc2d-519d-a6b9-ca37868561a1	chr8	97482357	98489139	30	27	3
e0e08dca-bc2d-519d-a6b9-ca37868561a1	chr8	98497379	99635890	37	34	3
e0e08dca-bc2d-519d-a6b9-ca37868561a1	chr8	99636052	100560586	28	26	2
e0e08dca-bc2d-519d-a6b9-ca37868561a1	chr8	100564089	102707368	11	9	2
e0e08dca-bc2d-519d-a6b9-ca37868561a1	chr8	102707957	103660139	9	7	2
e0e08dca-bc2d-519d-a6b9-ca37868561a1	chr8	103660584	106497409	12	10	2
e0e08dca-bc2d-519d-a6b9-ca37868561a1	chr8	106497851	106945756	15	13	2
e0e08dca-bc2d-519d-a6b9-ca37868561a1	chr8	106946490	111077243	2	2	0
e0e08dca-bc2d-519d-a6b9-ca37868561a1	chr8	111078648	111269132	10	8	2
e0e08dca-bc2d-519d-a6b9-ca37868561a1	chr8	111269714	111932887	12	10	2
e0e08dca-bc2d-519d-a6b9-ca37868561a1	chr8	111934862	113341420	9	7	2
e0e08dca-bc2d-519d-a6b9-ca37868561a1	chr8	113344734	115264954	2	2	0
e0e08dca-bc2d-519d-a6b9-ca37868561a1	chr8	115268602	115458243	11	9	2
e0e08dca-bc2d-519d-a6b9-ca37868561a1	chr8	115459395	115949755	24	22	2
e0e08dca-bc2d-519d-a6b9-ca37868561a1	chr8	115949917	116283747	18	15	3
e0e08dca-bc2d-519d-a6b9-ca37868561a1	chr8	116286109	116433676	4	3	1
e0e08dca-bc2d-519d-a6b9-ca37868561a1	chr8	116434305	116555141	13	11	2
e0e08dca-bc2d-519d-a6b9-ca37868561a1	chr8	116559396	116707872	23	21	2
e0e08dca-bc2d-519d-a6b9-ca37868561a1	chr8	116715565	118171585	12	10	2
e0e08dca-bc2d-519d-a6b9-ca37868561a1	chr8	118173125	121757235	4	2	2
e0e08dca-bc2d-519d-a6b9-ca37868561a1	chr8	121760990	122394173	15	13	2
e0e08dca-bc2d-519d-a6b9-ca37868561a1	chr8	122395149	123888688	14	12	2
e0e08dca-bc2d-519d-a6b9-ca37868561a1	chr8	123895380	123955316	17	16	1
e0e08dca-bc2d-519d-a6b9-ca37868561a1	chr8	123955753	124406614	22	19	3
e0e08dca-bc2d-519d-a6b9-ca37868561a1	chr8	124407510	124426434	28	26	2
e0e08dca-bc2d-519d-a6b9-ca37868561a1	chr8	124427474	127328427	41	38	3
e0e08dca-bc2d-519d-a6b9-ca37868561a1	chr8	127328663	127591818	14	12	2
e0e08dca-bc2d-519d-a6b9-ca37868561a1	chr8	127592169	128606627	41	38	3
e0e08dca-bc2d-519d-a6b9-ca37868561a1	chr8	128606990	129288884	58	54	4
e0e08dca-bc2d-519d-a6b9-ca37868561a1	chr8	129290068	132972547	10	8	2
e0e08dca-bc2d-519d-a6b9-ca37868561a1	chr8	132972774	133621038	11	9	2
e0e08dca-bc2d-519d-a6b9-ca37868561a1	chr8	133621097	134816112	14	12	2
e0e08dca-bc2d-519d-a6b9-ca37868561a1	chr8	134816607	135677222	10	8	2
e0e08dca-bc2d-519d-a6b9-ca37868561a1	chr8	135679391	139554027	11	9	2
e0e08dca-bc2d-519d-a6b9-ca37868561a1	chr8	139554379	140421101	10	8	2
e0e08dca-bc2d-519d-a6b9-ca37868561a1	chr8	140423488	145072769	4	2	2
e0e08dca-bc2d-519d-a6b9-ca37868561a1	chr9	46587	113472538	4	2	2
e0e08dca-bc2d-519d-a6b9-ca37868561a1	chr9	113474675	114383329	5	3	2
e0e08dca-bc2d-519d-a6b9-ca37868561a1	chr9	114383971	138200944	4	2	2
e0e08dca-bc2d-519d-a6b9-ca37868561a1	chr10	45792	3681518	3	2	1
e0e08dca-bc2d-519d-a6b9-ca37868561a1	chr10	3682560	5489967	4	2	2
e0e08dca-bc2d-519d-a6b9-ca37868561a1	chr10	5494627	6003041	5	3	2
e0e08dca-bc2d-519d-a6b9-ca37868561a1	chr10	6004046	6598582	4	2	2
e0e08dca-bc2d-519d-a6b9-ca37868561a1	chr10	6601765	7982104	5	3	2
e0e08dca-bc2d-519d-a6b9-ca37868561a1	chr10	7983431	9945069	6	4	2
e0e08dca-bc2d-519d-a6b9-ca37868561a1	chr10	9945167	10508495	5	3	2
e0e08dca-bc2d-519d-a6b9-ca37868561a1	chr10	10511832	11452667	4	2	2
e0e08dca-bc2d-519d-a6b9-ca37868561a1	chr10	11453920	12448787	5	3	2
e0e08dca-bc2d-519d-a6b9-ca37868561a1	chr10	12448819	12700727	3	2	1
e0e08dca-bc2d-519d-a6b9-ca37868561a1	chr10	12701643	28730006	4	2	2
e0e08dca-bc2d-519d-a6b9-ca37868561a1	chr10	28734824	29253071	5	3	2
e0e08dca-bc2d-519d-a6b9-ca37868561a1	chr10	29253324	30370847	4	2	2
e0e08dca-bc2d-519d-a6b9-ca37868561a1	chr10	30371157	35565772	5	3	2
e0e08dca-bc2d-519d-a6b9-ca37868561a1	chr10	35570698	38178353	3	2	1
e0e08dca-bc2d-519d-a6b9-ca37868561a1	chr10	38178804	52214034	4	2	2
e0e08dca-bc2d-519d-a6b9-ca37868561a1	chr10	52214302	53074826	5	3	2
e0e08dca-bc2d-519d-a6b9-ca37868561a1	chr10	53075092	76544537	4	2	2
e0e08dca-bc2d-519d-a6b9-ca37868561a1	chr10	76550388	77813755	11	9	2
e0e08dca-bc2d-519d-a6b9-ca37868561a1	chr10	77813843	78187771	13	11	2
e0e08dca-bc2d-519d-a6b9-ca37868561a1	chr10	78189646	78864339	11	9	2
e0e08dca-bc2d-519d-a6b9-ca37868561a1	chr10	78869209	85553790	15	13	2
e0e08dca-bc2d-519d-a6b9-ca37868561a1	chr10	85555824	86473940	13	11	2
e0e08dca-bc2d-519d-a6b9-ca37868561a1	chr10	86479594	97638806	4	2	2
e0e08dca-bc2d-519d-a6b9-ca37868561a1	chr10	97644746	108980897	3	2	1
e0e08dca-bc2d-519d-a6b9-ca37868561a1	chr10	108981429	112231639	4	2	2
e0e08dca-bc2d-519d-a6b9-ca37868561a1	chr10	112233103	117786812	5	3	2
e0e08dca-bc2d-519d-a6b9-ca37868561a1	chr10	117787468	120594130	3	2	1
e0e08dca-bc2d-519d-a6b9-ca37868561a1	chr10	120594204	127404766	2	2	0
e0e08dca-bc2d-519d-a6b9-ca37868561a1	chr10	127405589	129082216	3	2	1
e0e08dca-bc2d-519d-a6b9-ca37868561a1	chr10	129082520	133654968	2	2	0
e0e08dca-bc2d-519d-a6b9-ca37868561a1	chr11	198510	21116392	2	2	0
e0e08dca-bc2d-519d-a6b9-ca37868561a1	chr11	21120006	21416505	4	4	0
e0e08dca-bc2d-519d-a6b9-ca37868561a1	chr11	21416912	25992922	2	2	0
e0e08dca-bc2d-519d-a6b9-ca37868561a1	chr11	25993586	26018090	3	3	0
e0e08dca-bc2d-519d-a6b9-ca37868561a1	chr11	26018147	48184536	2	2	0
e0e08dca-bc2d-519d-a6b9-ca37868561a1	chr11	48185956	50521697	3	2	1
e0e08dca-bc2d-519d-a6b9-ca37868561a1	chr11	50542675	91506674	4	2	2
e0e08dca-bc2d-519d-a6b9-ca37868561a1	chr11	91506829	92329302	5	3	2
e0e08dca-bc2d-519d-a6b9-ca37868561a1	chr11	92333601	92710759	3	2	1
e0e08dca-bc2d-519d-a6b9-ca37868561a1	chr11	92710820	93965035	5	3	2
e0e08dca-bc2d-519d-a6b9-ca37868561a1	chr11	93965221	124068754	4	2	2
e0e08dca-bc2d-519d-a6b9-ca37868561a1	chr11	124068780	124807783	5	3	2
e0e08dca-bc2d-519d-a6b9-ca37868561a1	chr11	124809252	135074876	4	2	2
e0e08dca-bc2d-519d-a6b9-ca37868561a1	chr12	51460	6479559	4	2	2
e0e08dca-bc2d-519d-a6b9-ca37868561a1	chr12	6480185	33921922	2	2	0
e0e08dca-bc2d-519d-a6b9-ca37868561a1	chr12	33925640	34597782	3	3	0
e0e08dca-bc2d-519d-a6b9-ca37868561a1	chr12	34599838	50498293	3	2	1
e0e08dca-bc2d-519d-a6b9-ca37868561a1	chr12	50501005	106008838	5	3	2
e0e08dca-bc2d-519d-a6b9-ca37868561a1	chr12	106014790	106078423	3	2	1
e0e08dca-bc2d-519d-a6b9-ca37868561a1	chr12	106080573	114994370	5	3	2
e0e08dca-bc2d-519d-a6b9-ca37868561a1	chr12	114996089	116848074	6	3	3
e0e08dca-bc2d-519d-a6b9-ca37868561a1	chr12	116849176	126660070	5	3	2
e0e08dca-bc2d-519d-a6b9-ca37868561a1	chr12	126660439	126702623	6	4	2
e0e08dca-bc2d-519d-a6b9-ca37868561a1	chr12	126702997	133201603	5	3	2
e0e08dca-bc2d-519d-a6b9-ca37868561a1	chr13	18452809	24516109	4	2	2
e0e08dca-bc2d-519d-a6b9-ca37868561a1	chr13	24516410	24546315	2	1	1
e0e08dca-bc2d-519d-a6b9-ca37868561a1	chr13	24546791	48141104	3	2	1
e0e08dca-bc2d-519d-a6b9-ca37868561a1	chr13	48141553	78091517	4	2	2
e0e08dca-bc2d-519d-a6b9-ca37868561a1	chr13	78091603	93216254	3	2	1
e0e08dca-bc2d-519d-a6b9-ca37868561a1	chr13	93216691	114342922	4	2	2
e0e08dca-bc2d-519d-a6b9-ca37868561a1	chr14	18239283	106877229	4	2	2
e0e08dca-bc2d-519d-a6b9-ca37868561a1	chr15	19811075	25288183	3	2	1
e0e08dca-bc2d-519d-a6b9-ca37868561a1	chr15	25288278	26271071	2	2	0
e0e08dca-bc2d-519d-a6b9-ca37868561a1	chr15	26277695	27774171	13	11	2
e0e08dca-bc2d-519d-a6b9-ca37868561a1	chr15	27774501	28924365	11	9	2
e0e08dca-bc2d-519d-a6b9-ca37868561a1	chr15	28926517	38257799	2	2	0
e0e08dca-bc2d-519d-a6b9-ca37868561a1	chr15	38257914	39547326	3	2	1
e0e08dca-bc2d-519d-a6b9-ca37868561a1	chr15	39550128	47165005	2	2	0
e0e08dca-bc2d-519d-a6b9-ca37868561a1	chr15	47171630	47703134	3	2	1
e0e08dca-bc2d-519d-a6b9-ca37868561a1	chr15	47703221	47849144	12	9	3
e0e08dca-bc2d-519d-a6b9-ca37868561a1	chr15	47849191	48704648	8	6	2
e0e08dca-bc2d-519d-a6b9-ca37868561a1	chr15	48708284	48913557	5	3	2
e0e08dca-bc2d-519d-a6b9-ca37868561a1	chr15	48916540	65419121	2	2	0
e0e08dca-bc2d-519d-a6b9-ca37868561a1	chr15	65420599	101928837	4	2	2
e0e08dca-bc2d-519d-a6b9-ca37868561a1	chr16	10777	10792151	2	2	0
e0e08dca-bc2d-519d-a6b9-ca37868561a1	chr16	10794937	10855247	1	1	0
e0e08dca-bc2d-519d-a6b9-ca37868561a1	chr16	10855406	16259309	2	2	0
e0e08dca-bc2d-519d-a6b9-ca37868561a1	chr16	16268505	79876568	4	2	2
e0e08dca-bc2d-519d-a6b9-ca37868561a1	chr16	79877309	83859123	3	2	1
e0e08dca-bc2d-519d-a6b9-ca37868561a1	chr16	83859161	83862794	2	1	1
e0e08dca-bc2d-519d-a6b9-ca37868561a1	chr16	83863669	89535146	4	2	2
e0e08dca-bc2d-519d-a6b9-ca37868561a1	chr16	89535598	90096867	5	3	2
e0e08dca-bc2d-519d-a6b9-ca37868561a1	chr17	150733	526418	5	3	2
e0e08dca-bc2d-519d-a6b9-ca37868561a1	chr17	526894	83091923	4	2	2
e0e08dca-bc2d-519d-a6b9-ca37868561a1	chr18	48133	73830758	4	2	2
e0e08dca-bc2d-519d-a6b9-ca37868561a1	chr18	73830860	74593333	5	3	2
e0e08dca-bc2d-519d-a6b9-ca37868561a1	chr18	74593908	80257174	4	2	2
e0e08dca-bc2d-519d-a6b9-ca37868561a1	chr19	90910	1442942	5	3	2
e0e08dca-bc2d-519d-a6b9-ca37868561a1	chr19	1444475	5971021	4	2	2
e0e08dca-bc2d-519d-a6b9-ca37868561a1	chr19	5974332	6195904	3	2	1
e0e08dca-bc2d-519d-a6b9-ca37868561a1	chr19	6196362	58586487	4	2	2
e0e08dca-bc2d-519d-a6b9-ca37868561a1	chr20	80664	6376801	4	2	2
e0e08dca-bc2d-519d-a6b9-ca37868561a1	chr20	6376928	6380904	7	4	3
e0e08dca-bc2d-519d-a6b9-ca37868561a1	chr20	6381301	8582492	4	2	2
e0e08dca-bc2d-519d-a6b9-ca37868561a1	chr20	8583621	9042690	5	3	2
e0e08dca-bc2d-519d-a6b9-ca37868561a1	chr20	9043471	10411589	4	2	2
e0e08dca-bc2d-519d-a6b9-ca37868561a1	chr20	10411805	10441705	3	2	1
e0e08dca-bc2d-519d-a6b9-ca37868561a1	chr20	10441927	14856682	4	2	2
e0e08dca-bc2d-519d-a6b9-ca37868561a1	chr20	14857185	15088335	3	2	1
e0e08dca-bc2d-519d-a6b9-ca37868561a1	chr20	15089390	64324800	4	2	2
e0e08dca-bc2d-519d-a6b9-ca37868561a1	chr21	12973348	22415452	4	2	2
e0e08dca-bc2d-519d-a6b9-ca37868561a1	chr21	22416067	22420022	3	2	1
e0e08dca-bc2d-519d-a6b9-ca37868561a1	chr21	22420092	36228055	4	2	2
e0e08dca-bc2d-519d-a6b9-ca37868561a1	chr21	36229376	36293078	3	2	1
e0e08dca-bc2d-519d-a6b9-ca37868561a1	chr21	36293673	46677045	4	2	2
e0e08dca-bc2d-519d-a6b9-ca37868561a1	chr22	16392123	50796027	4	2	2
e0e08dca-bc2d-519d-a6b9-ca37868561a1	chrX	251810	554401	4	2	2
e0e08dca-bc2d-519d-a6b9-ca37868561a1	chrX	554558	1488257	3	2	1
e0e08dca-bc2d-519d-a6b9-ca37868561a1	chrX	1496222	1584673	4	2	2
e0e08dca-bc2d-519d-a6b9-ca37868561a1	chrX	1629688	1898669	3	2	1
e0e08dca-bc2d-519d-a6b9-ca37868561a1	chrX	1901069	2663629	4	2	2
e0e08dca-bc2d-519d-a6b9-ca37868561a1	chrX	2665720	2703417	2	1	1
e0e08dca-bc2d-519d-a6b9-ca37868561a1	chrX	2705504	2775134	4	2	2
e0e08dca-bc2d-519d-a6b9-ca37868561a1	chrX	2775583	32880410	2	1	1
e0e08dca-bc2d-519d-a6b9-ca37868561a1	chrX	32883943	33840757	1	1	0
e0e08dca-bc2d-519d-a6b9-ca37868561a1	chrX	33843160	155699647	2	1	1
e0e08dca-bc2d-519d-a6b9-ca37868561a1	chrX	155699837	155743750	5	3	2
e0e08dca-bc2d-519d-a6b9-ca37868561a1	chrX	155747786	156004181	3	2	1
e0e08dca-bc2d-519d-a6b9-ca37868561a1	chrY	2782397	26653788	3	3	0
e0e08dca-bc2d-519d-a6b9-ca37868561a1	chrY	56872112	56872112	9	9	0
