GDC_Aliquot	Chromosome	Start	End	Copy_Number	Major_Copy_Number	Minor_Copy_Number
288fe8de-c59b-5f4d-b81d-c680b27c31f1	chr1	62920	5062306	3	2	1
288fe8de-c59b-5f4d-b81d-c680b27c31f1	chr1	5062550	5128894	5	3	2
288fe8de-c59b-5f4d-b81d-c680b27c31f1	chr1	5132643	121705338	3	2	1
288fe8de-c59b-5f4d-b81d-c680b27c31f1	chr1	143541857	173723308	4	2	2
288fe8de-c59b-5f4d-b81d-c680b27c31f1	chr1	173723343	175186842	7	5	2
288fe8de-c59b-5f4d-b81d-c680b27c31f1	chr1	175187292	175223474	7	6	1
288fe8de-c59b-5f4d-b81d-c680b27c31f1	chr1	175223512	248574146	2	2	0
288fe8de-c59b-5f4d-b81d-c680b27c31f1	chr1	248585893	248930189	0	0	0
288fe8de-c59b-5f4d-b81d-c680b27c31f1	chr2	12784	88831554	2	1	1
288fe8de-c59b-5f4d-b81d-c680b27c31f1	chr2	88833611	89248581	7	7	0
288fe8de-c59b-5f4d-b81d-c680b27c31f1	chr2	89249362	106338466	2	1	1
288fe8de-c59b-5f4d-b81d-c680b27c31f1	chr2	106338490	126319770	3	2	1
288fe8de-c59b-5f4d-b81d-c680b27c31f1	chr2	126322145	233133316	2	1	1
288fe8de-c59b-5f4d-b81d-c680b27c31f1	chr2	233133398	233395870	3	2	1
288fe8de-c59b-5f4d-b81d-c680b27c31f1	chr2	233400136	241841244	2	1	1
288fe8de-c59b-5f4d-b81d-c680b27c31f1	chr2	241973315	242092368	1	1	0
288fe8de-c59b-5f4d-b81d-c680b27c31f1	chr2	242095460	242147305	3	2	1
288fe8de-c59b-5f4d-b81d-c680b27c31f1	chr3	20930	560106	2	2	0
288fe8de-c59b-5f4d-b81d-c680b27c31f1	chr3	560235	2583254	3	3	0
288fe8de-c59b-5f4d-b81d-c680b27c31f1	chr3	2583595	130067896	2	2	0
288fe8de-c59b-5f4d-b81d-c680b27c31f1	chr3	130067910	130079892	0	0	0
288fe8de-c59b-5f4d-b81d-c680b27c31f1	chr3	130079938	175154111	2	2	0
288fe8de-c59b-5f4d-b81d-c680b27c31f1	chr3	175163075	175273353	0	0	0
288fe8de-c59b-5f4d-b81d-c680b27c31f1	chr3	175274461	198169247	2	2	0
288fe8de-c59b-5f4d-b81d-c680b27c31f1	chr4	68929	53124427	4	2	2
288fe8de-c59b-5f4d-b81d-c680b27c31f1	chr4	53124804	58155864	5	3	2
288fe8de-c59b-5f4d-b81d-c680b27c31f1	chr4	58157310	153049972	4	2	2
288fe8de-c59b-5f4d-b81d-c680b27c31f1	chr4	153050753	153117436	5	3	2
288fe8de-c59b-5f4d-b81d-c680b27c31f1	chr4	153117683	154430886	3	2	1
288fe8de-c59b-5f4d-b81d-c680b27c31f1	chr4	154432527	183314971	4	2	2
288fe8de-c59b-5f4d-b81d-c680b27c31f1	chr4	183321228	186349893	3	2	1
288fe8de-c59b-5f4d-b81d-c680b27c31f1	chr4	186350592	190106768	4	2	2
288fe8de-c59b-5f4d-b81d-c680b27c31f1	chr5	15532	14103776	4	2	2
288fe8de-c59b-5f4d-b81d-c680b27c31f1	chr5	14106027	14120429	3	2	1
288fe8de-c59b-5f4d-b81d-c680b27c31f1	chr5	14121257	23960226	4	2	2
288fe8de-c59b-5f4d-b81d-c680b27c31f1	chr5	23961416	24697344	1	1	0
288fe8de-c59b-5f4d-b81d-c680b27c31f1	chr5	24700103	29911500	6	3	3
288fe8de-c59b-5f4d-b81d-c680b27c31f1	chr5	29911843	29956505	3	2	1
288fe8de-c59b-5f4d-b81d-c680b27c31f1	chr5	29958785	33678264	5	3	2
288fe8de-c59b-5f4d-b81d-c680b27c31f1	chr5	33680946	46313400	8	6	2
288fe8de-c59b-5f4d-b81d-c680b27c31f1	chr5	46313418	50865690	6	4	2
288fe8de-c59b-5f4d-b81d-c680b27c31f1	chr5	50865708	50876970	7	6	1
288fe8de-c59b-5f4d-b81d-c680b27c31f1	chr5	50879987	75933611	2	2	0
288fe8de-c59b-5f4d-b81d-c680b27c31f1	chr5	75933789	75942361	1	1	0
288fe8de-c59b-5f4d-b81d-c680b27c31f1	chr5	75942487	83957195	2	2	0
288fe8de-c59b-5f4d-b81d-c680b27c31f1	chr5	83959402	84043059	3	3	0
288fe8de-c59b-5f4d-b81d-c680b27c31f1	chr5	84044717	181363319	2	2	0
288fe8de-c59b-5f4d-b81d-c680b27c31f1	chr6	149661	63431195	4	2	2
288fe8de-c59b-5f4d-b81d-c680b27c31f1	chr6	63433146	87277959	2	2	0
288fe8de-c59b-5f4d-b81d-c680b27c31f1	chr6	87279256	87351857	1	1	0
288fe8de-c59b-5f4d-b81d-c680b27c31f1	chr6	87351935	101131636	2	2	0
288fe8de-c59b-5f4d-b81d-c680b27c31f1	chr6	101139847	101461424	0	0	0
288fe8de-c59b-5f4d-b81d-c680b27c31f1	chr6	101464010	157584882	2	2	0
288fe8de-c59b-5f4d-b81d-c680b27c31f1	chr6	157585381	157620251	3	3	0
288fe8de-c59b-5f4d-b81d-c680b27c31f1	chr6	157620479	170741917	2	2	0
288fe8de-c59b-5f4d-b81d-c680b27c31f1	chr7	43259	1895006	7	4	3
288fe8de-c59b-5f4d-b81d-c680b27c31f1	chr7	1896852	1954264	7	5	2
288fe8de-c59b-5f4d-b81d-c680b27c31f1	chr7	1958616	54926731	3	3	0
288fe8de-c59b-5f4d-b81d-c680b27c31f1	chr7	54932825	62553947	8	4	4
288fe8de-c59b-5f4d-b81d-c680b27c31f1	chr7	62553949	66051132	5	3	2
288fe8de-c59b-5f4d-b81d-c680b27c31f1	chr7	66056197	80668857	3	2	1
288fe8de-c59b-5f4d-b81d-c680b27c31f1	chr7	80669571	80789974	5	3	2
288fe8de-c59b-5f4d-b81d-c680b27c31f1	chr7	80794775	146865952	3	2	1
288fe8de-c59b-5f4d-b81d-c680b27c31f1	chr7	146866047	147636229	1	1	0
288fe8de-c59b-5f4d-b81d-c680b27c31f1	chr7	147642309	159334314	3	2	1
288fe8de-c59b-5f4d-b81d-c680b27c31f1	chr8	81254	2237203	1	1	0
288fe8de-c59b-5f4d-b81d-c680b27c31f1	chr8	2486424	3929538	6	5	1
288fe8de-c59b-5f4d-b81d-c680b27c31f1	chr8	3929561	20245098	1	1	0
288fe8de-c59b-5f4d-b81d-c680b27c31f1	chr8	20248485	20274880	2	2	0
288fe8de-c59b-5f4d-b81d-c680b27c31f1	chr8	20276772	36335055	1	1	0
288fe8de-c59b-5f4d-b81d-c680b27c31f1	chr8	36338517	38563433	4	2	2
288fe8de-c59b-5f4d-b81d-c680b27c31f1	chr8	38568347	38746378	6	4	2
288fe8de-c59b-5f4d-b81d-c680b27c31f1	chr8	38750664	42623209	3	2	1
288fe8de-c59b-5f4d-b81d-c680b27c31f1	chr8	42624678	66223396	4	2	2
288fe8de-c59b-5f4d-b81d-c680b27c31f1	chr8	66224048	66252991	2	1	1
288fe8de-c59b-5f4d-b81d-c680b27c31f1	chr8	66257901	99516417	4	2	2
288fe8de-c59b-5f4d-b81d-c680b27c31f1	chr8	99519602	101549654	2	2	0
288fe8de-c59b-5f4d-b81d-c680b27c31f1	chr8	101553118	102095739	5	3	2
288fe8de-c59b-5f4d-b81d-c680b27c31f1	chr8	102097693	122292505	2	2	0
288fe8de-c59b-5f4d-b81d-c680b27c31f1	chr8	122300323	123675681	5	3	2
288fe8de-c59b-5f4d-b81d-c680b27c31f1	chr8	123678751	128618704	7	5	2
288fe8de-c59b-5f4d-b81d-c680b27c31f1	chr8	128619295	133209259	8	6	2
288fe8de-c59b-5f4d-b81d-c680b27c31f1	chr8	133209976	133216266	11	8	3
288fe8de-c59b-5f4d-b81d-c680b27c31f1	chr8	133217292	144322086	7	5	2
288fe8de-c59b-5f4d-b81d-c680b27c31f1	chr8	144322286	144404287	5	3	2
288fe8de-c59b-5f4d-b81d-c680b27c31f1	chr8	144404676	145072769	4	2	2
288fe8de-c59b-5f4d-b81d-c680b27c31f1	chr9	46587	30587896	4	2	2
288fe8de-c59b-5f4d-b81d-c680b27c31f1	chr9	30590609	30753895	2	1	1
288fe8de-c59b-5f4d-b81d-c680b27c31f1	chr9	30754000	138200944	4	2	2
288fe8de-c59b-5f4d-b81d-c680b27c31f1	chr10	45792	65548272	1	1	0
288fe8de-c59b-5f4d-b81d-c680b27c31f1	chr10	65548833	65554672	0	0	0
288fe8de-c59b-5f4d-b81d-c680b27c31f1	chr10	65554688	133654968	1	1	0
288fe8de-c59b-5f4d-b81d-c680b27c31f1	chr11	198510	888194	3	2	1
288fe8de-c59b-5f4d-b81d-c680b27c31f1	chr11	888533	42683328	2	1	1
288fe8de-c59b-5f4d-b81d-c680b27c31f1	chr11	42683959	42729553	1	1	0
288fe8de-c59b-5f4d-b81d-c680b27c31f1	chr11	42729752	55090832	2	1	1
288fe8de-c59b-5f4d-b81d-c680b27c31f1	chr11	55123806	135074876	3	2	1
288fe8de-c59b-5f4d-b81d-c680b27c31f1	chr12	51460	17929797	2	2	0
288fe8de-c59b-5f4d-b81d-c680b27c31f1	chr12	17932994	23341386	3	2	1
288fe8de-c59b-5f4d-b81d-c680b27c31f1	chr12	23341770	23394881	2	1	1
288fe8de-c59b-5f4d-b81d-c680b27c31f1	chr12	23395863	24797616	3	2	1
288fe8de-c59b-5f4d-b81d-c680b27c31f1	chr12	24797750	34682902	2	2	0
288fe8de-c59b-5f4d-b81d-c680b27c31f1	chr12	34701563	39640897	4	2	2
288fe8de-c59b-5f4d-b81d-c680b27c31f1	chr12	39641364	76374635	3	2	1
288fe8de-c59b-5f4d-b81d-c680b27c31f1	chr12	76375429	91002229	2	1	1
288fe8de-c59b-5f4d-b81d-c680b27c31f1	chr12	91003402	91076133	3	2	1
288fe8de-c59b-5f4d-b81d-c680b27c31f1	chr12	91080645	97891917	2	1	1
288fe8de-c59b-5f4d-b81d-c680b27c31f1	chr12	97892567	98730222	3	2	1
288fe8de-c59b-5f4d-b81d-c680b27c31f1	chr12	98731855	133201603	2	1	1
288fe8de-c59b-5f4d-b81d-c680b27c31f1	chr13	18452809	94062985	1	1	0
288fe8de-c59b-5f4d-b81d-c680b27c31f1	chr13	94070554	114342922	3	2	1
288fe8de-c59b-5f4d-b81d-c680b27c31f1	chr14	18239283	24895226	4	2	2
288fe8de-c59b-5f4d-b81d-c680b27c31f1	chr14	24896587	78968350	5	3	2
288fe8de-c59b-5f4d-b81d-c680b27c31f1	chr14	78968769	78993732	2	1	1
288fe8de-c59b-5f4d-b81d-c680b27c31f1	chr14	78997402	79104207	0	0	0
288fe8de-c59b-5f4d-b81d-c680b27c31f1	chr14	79112377	99974616	2	2	0
288fe8de-c59b-5f4d-b81d-c680b27c31f1	chr14	99976672	100121476	0	0	0
288fe8de-c59b-5f4d-b81d-c680b27c31f1	chr14	100121602	105780462	3	3	0
288fe8de-c59b-5f4d-b81d-c680b27c31f1	chr14	105784746	106266163	6	6	0
288fe8de-c59b-5f4d-b81d-c680b27c31f1	chr14	106266761	106877229	3	3	0
288fe8de-c59b-5f4d-b81d-c680b27c31f1	chr15	19811075	24424598	3	2	1
288fe8de-c59b-5f4d-b81d-c680b27c31f1	chr15	24429604	24473026	0	0	0
288fe8de-c59b-5f4d-b81d-c680b27c31f1	chr15	24473449	75638534	3	2	1
288fe8de-c59b-5f4d-b81d-c680b27c31f1	chr15	75640724	76598900	4	2	2
288fe8de-c59b-5f4d-b81d-c680b27c31f1	chr15	76599170	76603434	0	0	0
288fe8de-c59b-5f4d-b81d-c680b27c31f1	chr15	76609838	101928837	4	2	2
288fe8de-c59b-5f4d-b81d-c680b27c31f1	chr16	10777	31871503	3	2	1
288fe8de-c59b-5f4d-b81d-c680b27c31f1	chr16	31873189	83160649	2	2	0
288fe8de-c59b-5f4d-b81d-c680b27c31f1	chr16	83162346	83175693	0	0	0
288fe8de-c59b-5f4d-b81d-c680b27c31f1	chr16	83177351	90096867	2	2	0
288fe8de-c59b-5f4d-b81d-c680b27c31f1	chr17	150733	7148150	4	2	2
288fe8de-c59b-5f4d-b81d-c680b27c31f1	chr17	7162055	7609303	2	2	0
288fe8de-c59b-5f4d-b81d-c680b27c31f1	chr17	7619857	7880843	0	0	0
288fe8de-c59b-5f4d-b81d-c680b27c31f1	chr17	7891169	8297754	2	2	0
288fe8de-c59b-5f4d-b81d-c680b27c31f1	chr17	8304110	46135062	3	2	1
288fe8de-c59b-5f4d-b81d-c680b27c31f1	chr17	46135838	46323701	4	3	1
288fe8de-c59b-5f4d-b81d-c680b27c31f1	chr17	46351954	55566168	3	2	1
288fe8de-c59b-5f4d-b81d-c680b27c31f1	chr17	55566985	55578549	1	1	0
288fe8de-c59b-5f4d-b81d-c680b27c31f1	chr17	55582292	79365496	3	2	1
288fe8de-c59b-5f4d-b81d-c680b27c31f1	chr17	79365779	79393019	7	5	2
288fe8de-c59b-5f4d-b81d-c680b27c31f1	chr17	79404541	83091923	3	2	1
288fe8de-c59b-5f4d-b81d-c680b27c31f1	chr18	48133	1028690	4	3	1
288fe8de-c59b-5f4d-b81d-c680b27c31f1	chr18	1038276	4973590	3	2	1
288fe8de-c59b-5f4d-b81d-c680b27c31f1	chr18	4974007	4985483	1	1	0
288fe8de-c59b-5f4d-b81d-c680b27c31f1	chr18	4987699	80257174	3	2	1
288fe8de-c59b-5f4d-b81d-c680b27c31f1	chr19	90910	30634322	2	1	1
288fe8de-c59b-5f4d-b81d-c680b27c31f1	chr19	30634784	33520342	3	2	1
288fe8de-c59b-5f4d-b81d-c680b27c31f1	chr19	33521123	58533826	2	1	1
288fe8de-c59b-5f4d-b81d-c680b27c31f1	chr19	58546716	58586487	2	2	0
288fe8de-c59b-5f4d-b81d-c680b27c31f1	chr20	80664	1696297	3	2	1
288fe8de-c59b-5f4d-b81d-c680b27c31f1	chr20	1697542	1755274	2	1	1
288fe8de-c59b-5f4d-b81d-c680b27c31f1	chr20	1758472	35113321	3	2	1
288fe8de-c59b-5f4d-b81d-c680b27c31f1	chr20	35113649	51253908	2	1	1
288fe8de-c59b-5f4d-b81d-c680b27c31f1	chr20	51254274	51263564	1	1	0
288fe8de-c59b-5f4d-b81d-c680b27c31f1	chr20	51263677	64324800	2	1	1
288fe8de-c59b-5f4d-b81d-c680b27c31f1	chr21	12973348	46677045	5	3	2
288fe8de-c59b-5f4d-b81d-c680b27c31f1	chr22	16392123	27044329	2	2	0
288fe8de-c59b-5f4d-b81d-c680b27c31f1	chr22	27044574	27069649	3	3	0
288fe8de-c59b-5f4d-b81d-c680b27c31f1	chr22	27070667	50796027	2	2	0
288fe8de-c59b-5f4d-b81d-c680b27c31f1	chrX	251810	455489	2	1	1
288fe8de-c59b-5f4d-b81d-c680b27c31f1	chrX	455747	31991548	4	3	1
288fe8de-c59b-5f4d-b81d-c680b27c31f1	chrX	31995817	39424948	6	5	1
288fe8de-c59b-5f4d-b81d-c680b27c31f1	chrX	39425753	41042086	5	4	1
288fe8de-c59b-5f4d-b81d-c680b27c31f1	chrX	41042793	54339713	6	5	1
288fe8de-c59b-5f4d-b81d-c680b27c31f1	chrX	54347057	75162475	2	2	0
288fe8de-c59b-5f4d-b81d-c680b27c31f1	chrX	75162913	76184668	3	2	1
288fe8de-c59b-5f4d-b81d-c680b27c31f1	chrX	76185904	88473437	2	2	0
288fe8de-c59b-5f4d-b81d-c680b27c31f1	chrX	88473897	127026206	3	2	1
288fe8de-c59b-5f4d-b81d-c680b27c31f1	chrX	127028784	127291742	2	2	0
288fe8de-c59b-5f4d-b81d-c680b27c31f1	chrX	127291847	127299472	4	4	0
288fe8de-c59b-5f4d-b81d-c680b27c31f1	chrX	127300101	156004181	2	2	0
288fe8de-c59b-5f4d-b81d-c680b27c31f1	chrY	2782397	26653788	0	0	0
288fe8de-c59b-5f4d-b81d-c680b27c31f1	chrY	56872112	56872112	2	2	0
