GDC_Aliquot	Chromosome	Start	End	Copy_Number	Major_Copy_Number	Minor_Copy_Number
8eba4e96-0080-5b6e-b0ad-47395e6e3f0a	chr1	62920	69655551	3	2	1
8eba4e96-0080-5b6e-b0ad-47395e6e3f0a	chr1	69655585	69949759	4	2	2
8eba4e96-0080-5b6e-b0ad-47395e6e3f0a	chr1	69953074	70236128	3	2	1
8eba4e96-0080-5b6e-b0ad-47395e6e3f0a	chr1	70239894	70886204	5	3	2
8eba4e96-0080-5b6e-b0ad-47395e6e3f0a	chr1	70886521	73797364	8	6	2
8eba4e96-0080-5b6e-b0ad-47395e6e3f0a	chr1	73798274	75020073	12	10	2
8eba4e96-0080-5b6e-b0ad-47395e6e3f0a	chr1	75020220	75557737	10	8	2
8eba4e96-0080-5b6e-b0ad-47395e6e3f0a	chr1	75558175	78855485	11	9	2
8eba4e96-0080-5b6e-b0ad-47395e6e3f0a	chr1	78855570	83154701	21	19	2
8eba4e96-0080-5b6e-b0ad-47395e6e3f0a	chr1	83154854	88670712	19	17	2
8eba4e96-0080-5b6e-b0ad-47395e6e3f0a	chr1	88670814	96509833	17	15	2
8eba4e96-0080-5b6e-b0ad-47395e6e3f0a	chr1	96511279	96555870	15	11	4
8eba4e96-0080-5b6e-b0ad-47395e6e3f0a	chr1	96556178	96774891	16	12	4
8eba4e96-0080-5b6e-b0ad-47395e6e3f0a	chr1	96775048	98521811	9	7	2
8eba4e96-0080-5b6e-b0ad-47395e6e3f0a	chr1	98526374	99317946	6	3	3
8eba4e96-0080-5b6e-b0ad-47395e6e3f0a	chr1	99318335	100547899	5	3	2
8eba4e96-0080-5b6e-b0ad-47395e6e3f0a	chr1	100549625	105922415	7	5	2
8eba4e96-0080-5b6e-b0ad-47395e6e3f0a	chr1	105922763	108171920	5	3	2
8eba4e96-0080-5b6e-b0ad-47395e6e3f0a	chr1	108174771	115260597	4	2	2
8eba4e96-0080-5b6e-b0ad-47395e6e3f0a	chr1	115262432	115377262	5	3	2
8eba4e96-0080-5b6e-b0ad-47395e6e3f0a	chr1	115378009	121705338	4	2	2
8eba4e96-0080-5b6e-b0ad-47395e6e3f0a	chr1	143541857	164485806	4	3	1
8eba4e96-0080-5b6e-b0ad-47395e6e3f0a	chr1	164486130	177525988	3	2	1
8eba4e96-0080-5b6e-b0ad-47395e6e3f0a	chr1	177526023	177577254	5	3	2
8eba4e96-0080-5b6e-b0ad-47395e6e3f0a	chr1	177577799	182310561	3	2	1
8eba4e96-0080-5b6e-b0ad-47395e6e3f0a	chr1	182311464	184932116	4	3	1
8eba4e96-0080-5b6e-b0ad-47395e6e3f0a	chr1	184935158	192602981	3	2	1
8eba4e96-0080-5b6e-b0ad-47395e6e3f0a	chr1	192603082	195400089	2	1	1
8eba4e96-0080-5b6e-b0ad-47395e6e3f0a	chr1	195400927	201971096	3	2	1
8eba4e96-0080-5b6e-b0ad-47395e6e3f0a	chr1	201972821	202278489	4	3	1
8eba4e96-0080-5b6e-b0ad-47395e6e3f0a	chr1	202282685	203237581	3	2	1
8eba4e96-0080-5b6e-b0ad-47395e6e3f0a	chr1	203237893	204015010	4	3	1
8eba4e96-0080-5b6e-b0ad-47395e6e3f0a	chr1	204016578	220008184	3	2	1
8eba4e96-0080-5b6e-b0ad-47395e6e3f0a	chr1	220008242	220017446	1	1	0
8eba4e96-0080-5b6e-b0ad-47395e6e3f0a	chr1	220017503	240796773	3	2	1
8eba4e96-0080-5b6e-b0ad-47395e6e3f0a	chr1	240796968	248930189	2	1	1
8eba4e96-0080-5b6e-b0ad-47395e6e3f0a	chr2	12784	6817640	4	2	2
8eba4e96-0080-5b6e-b0ad-47395e6e3f0a	chr2	6817879	6914126	4	3	1
8eba4e96-0080-5b6e-b0ad-47395e6e3f0a	chr2	6915529	36769437	4	2	2
8eba4e96-0080-5b6e-b0ad-47395e6e3f0a	chr2	36769466	37372194	4	3	1
8eba4e96-0080-5b6e-b0ad-47395e6e3f0a	chr2	37372820	41627503	4	2	2
8eba4e96-0080-5b6e-b0ad-47395e6e3f0a	chr2	41628098	41784071	4	3	1
8eba4e96-0080-5b6e-b0ad-47395e6e3f0a	chr2	41784256	59870852	4	2	2
8eba4e96-0080-5b6e-b0ad-47395e6e3f0a	chr2	59870875	59888681	2	1	1
8eba4e96-0080-5b6e-b0ad-47395e6e3f0a	chr2	59891003	76950202	4	2	2
8eba4e96-0080-5b6e-b0ad-47395e6e3f0a	chr2	76951358	78027763	11	9	2
8eba4e96-0080-5b6e-b0ad-47395e6e3f0a	chr2	78028205	78980888	7	5	2
8eba4e96-0080-5b6e-b0ad-47395e6e3f0a	chr2	78983323	85050611	5	3	2
8eba4e96-0080-5b6e-b0ad-47395e6e3f0a	chr2	85051998	117244740	3	2	1
8eba4e96-0080-5b6e-b0ad-47395e6e3f0a	chr2	117245623	238427836	2	2	0
8eba4e96-0080-5b6e-b0ad-47395e6e3f0a	chr2	238431971	238682415	3	2	1
8eba4e96-0080-5b6e-b0ad-47395e6e3f0a	chr2	238684579	242147305	2	2	0
8eba4e96-0080-5b6e-b0ad-47395e6e3f0a	chr3	20930	29062103	2	2	0
8eba4e96-0080-5b6e-b0ad-47395e6e3f0a	chr3	29062647	29316169	0	0	0
8eba4e96-0080-5b6e-b0ad-47395e6e3f0a	chr3	29322090	41037415	2	2	0
8eba4e96-0080-5b6e-b0ad-47395e6e3f0a	chr3	41039371	41052144	4	3	1
8eba4e96-0080-5b6e-b0ad-47395e6e3f0a	chr3	41052589	76876359	2	2	0
8eba4e96-0080-5b6e-b0ad-47395e6e3f0a	chr3	76877290	80071053	6	3	3
8eba4e96-0080-5b6e-b0ad-47395e6e3f0a	chr3	80071983	81921601	5	3	2
8eba4e96-0080-5b6e-b0ad-47395e6e3f0a	chr3	81921667	82576078	6	3	3
8eba4e96-0080-5b6e-b0ad-47395e6e3f0a	chr3	82576726	86098761	4	2	2
8eba4e96-0080-5b6e-b0ad-47395e6e3f0a	chr3	86099901	87337219	2	2	0
8eba4e96-0080-5b6e-b0ad-47395e6e3f0a	chr3	87338709	88290370	3	2	1
8eba4e96-0080-5b6e-b0ad-47395e6e3f0a	chr3	88290660	88632600	4	2	2
8eba4e96-0080-5b6e-b0ad-47395e6e3f0a	chr3	88634724	90238263	2	2	0
8eba4e96-0080-5b6e-b0ad-47395e6e3f0a	chr3	90238811	116702935	3	2	1
8eba4e96-0080-5b6e-b0ad-47395e6e3f0a	chr3	116706587	116991618	0	0	0
8eba4e96-0080-5b6e-b0ad-47395e6e3f0a	chr3	116993010	173536694	3	2	1
8eba4e96-0080-5b6e-b0ad-47395e6e3f0a	chr3	173540076	173570065	4	3	1
8eba4e96-0080-5b6e-b0ad-47395e6e3f0a	chr3	173571725	189186320	3	2	1
8eba4e96-0080-5b6e-b0ad-47395e6e3f0a	chr3	189189706	189294426	2	1	1
8eba4e96-0080-5b6e-b0ad-47395e6e3f0a	chr3	189294784	189321822	4	2	2
8eba4e96-0080-5b6e-b0ad-47395e6e3f0a	chr3	189322190	198169247	3	2	1
8eba4e96-0080-5b6e-b0ad-47395e6e3f0a	chr4	68929	10232642	3	2	1
8eba4e96-0080-5b6e-b0ad-47395e6e3f0a	chr4	10232984	10234518	1	1	0
8eba4e96-0080-5b6e-b0ad-47395e6e3f0a	chr4	10236812	20946096	3	2	1
8eba4e96-0080-5b6e-b0ad-47395e6e3f0a	chr4	20946436	20949256	1	1	0
8eba4e96-0080-5b6e-b0ad-47395e6e3f0a	chr4	20950332	34755297	3	2	1
8eba4e96-0080-5b6e-b0ad-47395e6e3f0a	chr4	34755317	34845678	0	0	0
8eba4e96-0080-5b6e-b0ad-47395e6e3f0a	chr4	34845925	41601952	3	2	1
8eba4e96-0080-5b6e-b0ad-47395e6e3f0a	chr4	41602462	41772276	6	4	2
8eba4e96-0080-5b6e-b0ad-47395e6e3f0a	chr4	41774829	42751171	3	2	1
8eba4e96-0080-5b6e-b0ad-47395e6e3f0a	chr4	42754303	43849901	7	5	2
8eba4e96-0080-5b6e-b0ad-47395e6e3f0a	chr4	43849951	44649601	4	2	2
8eba4e96-0080-5b6e-b0ad-47395e6e3f0a	chr4	44650170	45031125	5	3	2
8eba4e96-0080-5b6e-b0ad-47395e6e3f0a	chr4	45031138	46410480	4	2	2
8eba4e96-0080-5b6e-b0ad-47395e6e3f0a	chr4	46412722	47961772	3	2	1
8eba4e96-0080-5b6e-b0ad-47395e6e3f0a	chr4	47964619	48122103	4	2	2
8eba4e96-0080-5b6e-b0ad-47395e6e3f0a	chr4	48123116	48915984	3	2	1
8eba4e96-0080-5b6e-b0ad-47395e6e3f0a	chr4	48916228	52004594	4	2	2
8eba4e96-0080-5b6e-b0ad-47395e6e3f0a	chr4	52004983	53041210	5	4	1
8eba4e96-0080-5b6e-b0ad-47395e6e3f0a	chr4	53047557	54946566	9	7	2
8eba4e96-0080-5b6e-b0ad-47395e6e3f0a	chr4	54947654	58491446	8	6	2
8eba4e96-0080-5b6e-b0ad-47395e6e3f0a	chr4	58492068	60486811	6	4	2
8eba4e96-0080-5b6e-b0ad-47395e6e3f0a	chr4	60486929	64686899	5	3	2
8eba4e96-0080-5b6e-b0ad-47395e6e3f0a	chr4	64687730	73857298	4	2	2
8eba4e96-0080-5b6e-b0ad-47395e6e3f0a	chr4	73857655	88098967	5	3	2
8eba4e96-0080-5b6e-b0ad-47395e6e3f0a	chr4	88099782	88381375	3	3	0
8eba4e96-0080-5b6e-b0ad-47395e6e3f0a	chr4	88384476	96602915	5	3	2
8eba4e96-0080-5b6e-b0ad-47395e6e3f0a	chr4	96603359	115301536	4	2	2
8eba4e96-0080-5b6e-b0ad-47395e6e3f0a	chr4	115302714	118201228	5	3	2
8eba4e96-0080-5b6e-b0ad-47395e6e3f0a	chr4	118204218	128173875	4	2	2
8eba4e96-0080-5b6e-b0ad-47395e6e3f0a	chr4	128183991	146208985	6	4	2
8eba4e96-0080-5b6e-b0ad-47395e6e3f0a	chr4	146209030	146247823	4	2	2
8eba4e96-0080-5b6e-b0ad-47395e6e3f0a	chr4	146248609	151146178	6	4	2
8eba4e96-0080-5b6e-b0ad-47395e6e3f0a	chr4	151146269	153730876	5	3	2
8eba4e96-0080-5b6e-b0ad-47395e6e3f0a	chr4	153732712	153745747	3	2	1
8eba4e96-0080-5b6e-b0ad-47395e6e3f0a	chr4	153746435	168354867	6	4	2
8eba4e96-0080-5b6e-b0ad-47395e6e3f0a	chr4	168357249	175539049	5	3	2
8eba4e96-0080-5b6e-b0ad-47395e6e3f0a	chr4	175542945	189624205	4	2	2
8eba4e96-0080-5b6e-b0ad-47395e6e3f0a	chr4	189629950	190106768	4	3	1
8eba4e96-0080-5b6e-b0ad-47395e6e3f0a	chr5	15532	9983085	3	2	1
8eba4e96-0080-5b6e-b0ad-47395e6e3f0a	chr5	9983407	9998932	2	1	1
8eba4e96-0080-5b6e-b0ad-47395e6e3f0a	chr5	9998945	20763015	3	2	1
8eba4e96-0080-5b6e-b0ad-47395e6e3f0a	chr5	20765802	24659227	4	2	2
8eba4e96-0080-5b6e-b0ad-47395e6e3f0a	chr5	24662789	41264124	3	2	1
8eba4e96-0080-5b6e-b0ad-47395e6e3f0a	chr5	41264141	50967954	2	1	1
8eba4e96-0080-5b6e-b0ad-47395e6e3f0a	chr5	50970623	58017408	3	2	1
8eba4e96-0080-5b6e-b0ad-47395e6e3f0a	chr5	58018390	58076351	9	5	4
8eba4e96-0080-5b6e-b0ad-47395e6e3f0a	chr5	58076490	76677436	3	2	1
8eba4e96-0080-5b6e-b0ad-47395e6e3f0a	chr5	76677620	102284712	2	1	1
8eba4e96-0080-5b6e-b0ad-47395e6e3f0a	chr5	102284760	111701253	3	2	1
8eba4e96-0080-5b6e-b0ad-47395e6e3f0a	chr5	111701455	130944067	2	1	1
8eba4e96-0080-5b6e-b0ad-47395e6e3f0a	chr5	130950700	131621105	2	2	0
8eba4e96-0080-5b6e-b0ad-47395e6e3f0a	chr5	131629905	174110221	2	1	1
8eba4e96-0080-5b6e-b0ad-47395e6e3f0a	chr5	174111010	174171938	1	1	0
8eba4e96-0080-5b6e-b0ad-47395e6e3f0a	chr5	174172015	181363319	2	1	1
8eba4e96-0080-5b6e-b0ad-47395e6e3f0a	chr6	149661	35261238	3	2	1
8eba4e96-0080-5b6e-b0ad-47395e6e3f0a	chr6	35266410	38468541	14	12	2
8eba4e96-0080-5b6e-b0ad-47395e6e3f0a	chr6	38472720	41234458	20	17	3
8eba4e96-0080-5b6e-b0ad-47395e6e3f0a	chr6	41237848	43427658	17	15	2
8eba4e96-0080-5b6e-b0ad-47395e6e3f0a	chr6	43428207	46800068	15	12	3
8eba4e96-0080-5b6e-b0ad-47395e6e3f0a	chr6	46800263	49800229	13	10	3
8eba4e96-0080-5b6e-b0ad-47395e6e3f0a	chr6	49802564	50852142	10	7	3
8eba4e96-0080-5b6e-b0ad-47395e6e3f0a	chr6	50853588	52827919	14	11	3
8eba4e96-0080-5b6e-b0ad-47395e6e3f0a	chr6	52827968	54020656	8	6	2
8eba4e96-0080-5b6e-b0ad-47395e6e3f0a	chr6	54025474	60351931	9	6	3
8eba4e96-0080-5b6e-b0ad-47395e6e3f0a	chr6	60352984	170741917	2	2	0
8eba4e96-0080-5b6e-b0ad-47395e6e3f0a	chr7	43259	65254	6	4	2
8eba4e96-0080-5b6e-b0ad-47395e6e3f0a	chr7	65325	22189769	3	2	1
8eba4e96-0080-5b6e-b0ad-47395e6e3f0a	chr7	22194195	24570683	4	2	2
8eba4e96-0080-5b6e-b0ad-47395e6e3f0a	chr7	24571166	26179939	3	2	1
8eba4e96-0080-5b6e-b0ad-47395e6e3f0a	chr7	26182832	27063740	4	2	2
8eba4e96-0080-5b6e-b0ad-47395e6e3f0a	chr7	27064882	40010708	2	1	1
8eba4e96-0080-5b6e-b0ad-47395e6e3f0a	chr7	40013414	42964572	3	2	1
8eba4e96-0080-5b6e-b0ad-47395e6e3f0a	chr7	42967833	52713779	2	1	1
8eba4e96-0080-5b6e-b0ad-47395e6e3f0a	chr7	52713794	54247849	4	3	1
8eba4e96-0080-5b6e-b0ad-47395e6e3f0a	chr7	54248178	54390281	5	3	2
8eba4e96-0080-5b6e-b0ad-47395e6e3f0a	chr7	54390669	55492167	3	2	1
8eba4e96-0080-5b6e-b0ad-47395e6e3f0a	chr7	55492186	57430690	4	2	2
8eba4e96-0080-5b6e-b0ad-47395e6e3f0a	chr7	57431066	64537983	5	3	2
8eba4e96-0080-5b6e-b0ad-47395e6e3f0a	chr7	64545828	66622723	6	4	2
8eba4e96-0080-5b6e-b0ad-47395e6e3f0a	chr7	66627321	72920136	4	2	2
8eba4e96-0080-5b6e-b0ad-47395e6e3f0a	chr7	72928921	76587067	3	2	1
8eba4e96-0080-5b6e-b0ad-47395e6e3f0a	chr7	76587304	76936273	4	3	1
8eba4e96-0080-5b6e-b0ad-47395e6e3f0a	chr7	76936433	85728359	3	2	1
8eba4e96-0080-5b6e-b0ad-47395e6e3f0a	chr7	85728559	89183896	4	2	2
8eba4e96-0080-5b6e-b0ad-47395e6e3f0a	chr7	89183975	126555684	3	2	1
8eba4e96-0080-5b6e-b0ad-47395e6e3f0a	chr7	126555823	135279086	4	2	2
8eba4e96-0080-5b6e-b0ad-47395e6e3f0a	chr7	135279132	136050217	3	2	1
8eba4e96-0080-5b6e-b0ad-47395e6e3f0a	chr7	136054037	136523179	4	2	2
8eba4e96-0080-5b6e-b0ad-47395e6e3f0a	chr7	136525489	137319697	3	2	1
8eba4e96-0080-5b6e-b0ad-47395e6e3f0a	chr7	137321061	138881113	4	2	2
8eba4e96-0080-5b6e-b0ad-47395e6e3f0a	chr7	138881400	139304678	3	2	1
8eba4e96-0080-5b6e-b0ad-47395e6e3f0a	chr7	139306810	140323899	4	2	2
8eba4e96-0080-5b6e-b0ad-47395e6e3f0a	chr7	140330755	159334314	3	2	1
8eba4e96-0080-5b6e-b0ad-47395e6e3f0a	chr8	81254	39338374	3	2	1
8eba4e96-0080-5b6e-b0ad-47395e6e3f0a	chr8	39340627	39529446	0	0	0
8eba4e96-0080-5b6e-b0ad-47395e6e3f0a	chr8	39530780	40336910	3	2	1
8eba4e96-0080-5b6e-b0ad-47395e6e3f0a	chr8	40336937	49112372	4	2	2
8eba4e96-0080-5b6e-b0ad-47395e6e3f0a	chr8	49112385	51448336	5	3	2
8eba4e96-0080-5b6e-b0ad-47395e6e3f0a	chr8	51449212	52096516	5	4	1
8eba4e96-0080-5b6e-b0ad-47395e6e3f0a	chr8	52096994	56280727	4	2	2
8eba4e96-0080-5b6e-b0ad-47395e6e3f0a	chr8	56281604	56298583	3	2	1
8eba4e96-0080-5b6e-b0ad-47395e6e3f0a	chr8	56301204	58168992	5	3	2
8eba4e96-0080-5b6e-b0ad-47395e6e3f0a	chr8	58169390	65165304	4	3	1
8eba4e96-0080-5b6e-b0ad-47395e6e3f0a	chr8	65166322	67565264	3	2	1
8eba4e96-0080-5b6e-b0ad-47395e6e3f0a	chr8	67565891	130839453	4	3	1
8eba4e96-0080-5b6e-b0ad-47395e6e3f0a	chr8	130840369	145072769	3	2	1
8eba4e96-0080-5b6e-b0ad-47395e6e3f0a	chr9	46587	15462176	2	2	0
8eba4e96-0080-5b6e-b0ad-47395e6e3f0a	chr9	15462394	16668716	0	0	0
8eba4e96-0080-5b6e-b0ad-47395e6e3f0a	chr9	16670893	20341736	2	2	0
8eba4e96-0080-5b6e-b0ad-47395e6e3f0a	chr9	20342222	25444988	0	0	0
8eba4e96-0080-5b6e-b0ad-47395e6e3f0a	chr9	25449036	30493077	2	2	0
8eba4e96-0080-5b6e-b0ad-47395e6e3f0a	chr9	30495681	32425940	4	2	2
8eba4e96-0080-5b6e-b0ad-47395e6e3f0a	chr9	32428068	37354422	3	2	1
8eba4e96-0080-5b6e-b0ad-47395e6e3f0a	chr9	37358089	37408217	5	3	2
8eba4e96-0080-5b6e-b0ad-47395e6e3f0a	chr9	37413805	41741113	2	2	0
8eba4e96-0080-5b6e-b0ad-47395e6e3f0a	chr9	60863881	68541718	3	2	1
8eba4e96-0080-5b6e-b0ad-47395e6e3f0a	chr9	68544586	71538851	4	3	1
8eba4e96-0080-5b6e-b0ad-47395e6e3f0a	chr9	71539013	72045075	3	2	1
8eba4e96-0080-5b6e-b0ad-47395e6e3f0a	chr9	72045794	76433361	4	3	1
8eba4e96-0080-5b6e-b0ad-47395e6e3f0a	chr9	76433763	92384073	5	4	1
8eba4e96-0080-5b6e-b0ad-47395e6e3f0a	chr9	92389095	115238588	3	2	1
8eba4e96-0080-5b6e-b0ad-47395e6e3f0a	chr9	115239391	116234341	4	3	1
8eba4e96-0080-5b6e-b0ad-47395e6e3f0a	chr9	116234671	118882411	3	2	1
8eba4e96-0080-5b6e-b0ad-47395e6e3f0a	chr9	118882501	118895128	1	1	0
8eba4e96-0080-5b6e-b0ad-47395e6e3f0a	chr9	118899596	138200944	2	1	1
8eba4e96-0080-5b6e-b0ad-47395e6e3f0a	chr10	45792	8695024	3	2	1
8eba4e96-0080-5b6e-b0ad-47395e6e3f0a	chr10	8695601	10886938	4	2	2
8eba4e96-0080-5b6e-b0ad-47395e6e3f0a	chr10	10888247	29977992	3	2	1
8eba4e96-0080-5b6e-b0ad-47395e6e3f0a	chr10	29978040	30192517	2	1	1
8eba4e96-0080-5b6e-b0ad-47395e6e3f0a	chr10	30193390	51743347	3	2	1
8eba4e96-0080-5b6e-b0ad-47395e6e3f0a	chr10	51747572	54006762	6	5	1
8eba4e96-0080-5b6e-b0ad-47395e6e3f0a	chr10	54006849	54352120	4	3	1
8eba4e96-0080-5b6e-b0ad-47395e6e3f0a	chr10	54354291	71526533	3	2	1
8eba4e96-0080-5b6e-b0ad-47395e6e3f0a	chr10	71526733	71571263	2	1	1
8eba4e96-0080-5b6e-b0ad-47395e6e3f0a	chr10	71572463	133654968	3	2	1
8eba4e96-0080-5b6e-b0ad-47395e6e3f0a	chr11	198510	50614055	2	2	0
8eba4e96-0080-5b6e-b0ad-47395e6e3f0a	chr11	50630048	83005231	3	2	1
8eba4e96-0080-5b6e-b0ad-47395e6e3f0a	chr11	83005476	84091505	2	1	1
8eba4e96-0080-5b6e-b0ad-47395e6e3f0a	chr11	84093562	99618748	3	2	1
8eba4e96-0080-5b6e-b0ad-47395e6e3f0a	chr11	99619386	99674644	2	1	1
8eba4e96-0080-5b6e-b0ad-47395e6e3f0a	chr11	99676386	100683568	3	2	1
8eba4e96-0080-5b6e-b0ad-47395e6e3f0a	chr11	100685402	105361866	4	3	1
8eba4e96-0080-5b6e-b0ad-47395e6e3f0a	chr11	105362317	131528545	3	2	1
8eba4e96-0080-5b6e-b0ad-47395e6e3f0a	chr11	131528640	131543712	2	1	1
8eba4e96-0080-5b6e-b0ad-47395e6e3f0a	chr11	131543939	135074876	3	2	1
8eba4e96-0080-5b6e-b0ad-47395e6e3f0a	chr12	51460	2043127	5	3	2
8eba4e96-0080-5b6e-b0ad-47395e6e3f0a	chr12	2044937	4405636	4	2	2
8eba4e96-0080-5b6e-b0ad-47395e6e3f0a	chr12	4405692	5443702	6	3	3
8eba4e96-0080-5b6e-b0ad-47395e6e3f0a	chr12	5445778	7818828	5	3	2
8eba4e96-0080-5b6e-b0ad-47395e6e3f0a	chr12	7821407	7971304	9	6	3
8eba4e96-0080-5b6e-b0ad-47395e6e3f0a	chr12	7978362	9325251	5	3	2
8eba4e96-0080-5b6e-b0ad-47395e6e3f0a	chr12	9325541	11275547	4	2	2
8eba4e96-0080-5b6e-b0ad-47395e6e3f0a	chr12	11277558	19530542	3	2	1
8eba4e96-0080-5b6e-b0ad-47395e6e3f0a	chr12	19530786	20318294	2	1	1
8eba4e96-0080-5b6e-b0ad-47395e6e3f0a	chr12	20318808	21391199	3	2	1
8eba4e96-0080-5b6e-b0ad-47395e6e3f0a	chr12	21392078	21556620	5	4	1
8eba4e96-0080-5b6e-b0ad-47395e6e3f0a	chr12	21556639	22923583	3	2	1
8eba4e96-0080-5b6e-b0ad-47395e6e3f0a	chr12	22925198	30726154	4	3	1
8eba4e96-0080-5b6e-b0ad-47395e6e3f0a	chr12	30726392	33870270	2	1	1
8eba4e96-0080-5b6e-b0ad-47395e6e3f0a	chr12	33870561	34701563	3	2	1
8eba4e96-0080-5b6e-b0ad-47395e6e3f0a	chr12	37463949	40082225	8	6	2
8eba4e96-0080-5b6e-b0ad-47395e6e3f0a	chr12	40082812	133201603	3	2	1
8eba4e96-0080-5b6e-b0ad-47395e6e3f0a	chr13	18452809	73410696	2	2	0
8eba4e96-0080-5b6e-b0ad-47395e6e3f0a	chr13	73411146	110819791	1	1	0
8eba4e96-0080-5b6e-b0ad-47395e6e3f0a	chr13	110824263	111072626	4	4	0
8eba4e96-0080-5b6e-b0ad-47395e6e3f0a	chr13	111075899	114342922	1	1	0
8eba4e96-0080-5b6e-b0ad-47395e6e3f0a	chr14	18239283	23162599	3	2	1
8eba4e96-0080-5b6e-b0ad-47395e6e3f0a	chr14	23166950	32710608	4	3	1
8eba4e96-0080-5b6e-b0ad-47395e6e3f0a	chr14	32714752	34591792	2	1	1
8eba4e96-0080-5b6e-b0ad-47395e6e3f0a	chr14	34594055	34875964	1	1	0
8eba4e96-0080-5b6e-b0ad-47395e6e3f0a	chr14	34876049	64571672	2	1	1
8eba4e96-0080-5b6e-b0ad-47395e6e3f0a	chr14	64573962	104818317	3	2	1
8eba4e96-0080-5b6e-b0ad-47395e6e3f0a	chr14	104819086	106877229	4	2	2
8eba4e96-0080-5b6e-b0ad-47395e6e3f0a	chr15	19811075	20402352	4	3	1
8eba4e96-0080-5b6e-b0ad-47395e6e3f0a	chr15	20404366	28022520	3	2	1
8eba4e96-0080-5b6e-b0ad-47395e6e3f0a	chr15	28023136	28931079	2	1	1
8eba4e96-0080-5b6e-b0ad-47395e6e3f0a	chr15	28933682	64130492	1	1	0
8eba4e96-0080-5b6e-b0ad-47395e6e3f0a	chr15	64136129	66790906	2	1	1
8eba4e96-0080-5b6e-b0ad-47395e6e3f0a	chr15	66792014	67007996	4	3	1
8eba4e96-0080-5b6e-b0ad-47395e6e3f0a	chr15	67008583	67101028	7	6	1
8eba4e96-0080-5b6e-b0ad-47395e6e3f0a	chr15	67101681	69796894	6	5	1
8eba4e96-0080-5b6e-b0ad-47395e6e3f0a	chr15	69797218	69800967	2	2	0
8eba4e96-0080-5b6e-b0ad-47395e6e3f0a	chr15	69801978	70774000	6	5	1
8eba4e96-0080-5b6e-b0ad-47395e6e3f0a	chr15	70774116	73353478	5	4	1
8eba4e96-0080-5b6e-b0ad-47395e6e3f0a	chr15	73355527	75552578	3	2	1
8eba4e96-0080-5b6e-b0ad-47395e6e3f0a	chr15	75554803	80145698	4	3	1
8eba4e96-0080-5b6e-b0ad-47395e6e3f0a	chr15	80147876	80299410	1	1	0
8eba4e96-0080-5b6e-b0ad-47395e6e3f0a	chr15	80304578	86937427	3	2	1
8eba4e96-0080-5b6e-b0ad-47395e6e3f0a	chr15	86938523	96546471	2	1	1
8eba4e96-0080-5b6e-b0ad-47395e6e3f0a	chr15	96546965	98370266	4	3	1
8eba4e96-0080-5b6e-b0ad-47395e6e3f0a	chr15	98371091	98443605	3	2	1
8eba4e96-0080-5b6e-b0ad-47395e6e3f0a	chr15	98444204	100280224	4	3	1
8eba4e96-0080-5b6e-b0ad-47395e6e3f0a	chr15	100281900	100542420	5	4	1
8eba4e96-0080-5b6e-b0ad-47395e6e3f0a	chr15	100542519	101928837	4	3	1
8eba4e96-0080-5b6e-b0ad-47395e6e3f0a	chr16	10777	1202599	3	2	1
8eba4e96-0080-5b6e-b0ad-47395e6e3f0a	chr16	1203529	59568687	4	2	2
8eba4e96-0080-5b6e-b0ad-47395e6e3f0a	chr16	59569142	65282335	5	3	2
8eba4e96-0080-5b6e-b0ad-47395e6e3f0a	chr16	65282483	88252626	4	2	2
8eba4e96-0080-5b6e-b0ad-47395e6e3f0a	chr16	88252962	90096867	3	2	1
8eba4e96-0080-5b6e-b0ad-47395e6e3f0a	chr17	150733	7700029	2	2	0
8eba4e96-0080-5b6e-b0ad-47395e6e3f0a	chr17	7700626	8187590	12	12	0
8eba4e96-0080-5b6e-b0ad-47395e6e3f0a	chr17	8190702	8747644	8	7	1
8eba4e96-0080-5b6e-b0ad-47395e6e3f0a	chr17	8748686	10200788	5	4	1
8eba4e96-0080-5b6e-b0ad-47395e6e3f0a	chr17	10205276	11064186	8	7	1
8eba4e96-0080-5b6e-b0ad-47395e6e3f0a	chr17	11066641	11963551	5	4	1
8eba4e96-0080-5b6e-b0ad-47395e6e3f0a	chr17	11963574	13079242	7	6	1
8eba4e96-0080-5b6e-b0ad-47395e6e3f0a	chr17	13082590	13251372	12	11	1
8eba4e96-0080-5b6e-b0ad-47395e6e3f0a	chr17	13252557	13308678	16	13	3
8eba4e96-0080-5b6e-b0ad-47395e6e3f0a	chr17	13309656	13934711	13	11	2
8eba4e96-0080-5b6e-b0ad-47395e6e3f0a	chr17	13935158	16278539	14	12	2
8eba4e96-0080-5b6e-b0ad-47395e6e3f0a	chr17	16281007	18789357	13	10	3
8eba4e96-0080-5b6e-b0ad-47395e6e3f0a	chr17	18792394	20570785	9	6	3
8eba4e96-0080-5b6e-b0ad-47395e6e3f0a	chr17	20576842	20961795	15	12	3
8eba4e96-0080-5b6e-b0ad-47395e6e3f0a	chr17	20964631	22194534	9	6	3
8eba4e96-0080-5b6e-b0ad-47395e6e3f0a	chr17	22195366	26955079	11	8	3
8eba4e96-0080-5b6e-b0ad-47395e6e3f0a	chr17	26960035	28127411	3	2	1
8eba4e96-0080-5b6e-b0ad-47395e6e3f0a	chr17	28127834	42928798	2	1	1
8eba4e96-0080-5b6e-b0ad-47395e6e3f0a	chr17	42929025	46135838	3	2	1
8eba4e96-0080-5b6e-b0ad-47395e6e3f0a	chr17	46136346	46721351	4	2	2
8eba4e96-0080-5b6e-b0ad-47395e6e3f0a	chr17	46723974	72742909	4	3	1
8eba4e96-0080-5b6e-b0ad-47395e6e3f0a	chr17	72743072	83091923	3	2	1
8eba4e96-0080-5b6e-b0ad-47395e6e3f0a	chr18	48133	24404609	4	2	2
8eba4e96-0080-5b6e-b0ad-47395e6e3f0a	chr18	24407573	29365004	3	2	1
8eba4e96-0080-5b6e-b0ad-47395e6e3f0a	chr18	29365116	29651926	4	3	1
8eba4e96-0080-5b6e-b0ad-47395e6e3f0a	chr18	29652046	65057624	3	2	1
8eba4e96-0080-5b6e-b0ad-47395e6e3f0a	chr18	65057775	68330024	7	5	2
8eba4e96-0080-5b6e-b0ad-47395e6e3f0a	chr18	68330796	80257174	3	2	1
8eba4e96-0080-5b6e-b0ad-47395e6e3f0a	chr19	90910	1783147	3	2	1
8eba4e96-0080-5b6e-b0ad-47395e6e3f0a	chr19	1784172	2448462	2	2	0
8eba4e96-0080-5b6e-b0ad-47395e6e3f0a	chr19	2460264	20255189	3	2	1
8eba4e96-0080-5b6e-b0ad-47395e6e3f0a	chr19	20263467	27543462	4	2	2
8eba4e96-0080-5b6e-b0ad-47395e6e3f0a	chr19	27543822	28263337	5	3	2
8eba4e96-0080-5b6e-b0ad-47395e6e3f0a	chr19	28265782	28979002	2	2	0
8eba4e96-0080-5b6e-b0ad-47395e6e3f0a	chr19	28979695	33935617	3	2	1
8eba4e96-0080-5b6e-b0ad-47395e6e3f0a	chr19	33936062	38129761	4	2	2
8eba4e96-0080-5b6e-b0ad-47395e6e3f0a	chr19	38132631	38523798	5	3	2
8eba4e96-0080-5b6e-b0ad-47395e6e3f0a	chr19	38524555	39026215	3	2	1
8eba4e96-0080-5b6e-b0ad-47395e6e3f0a	chr19	39026777	46360799	4	2	2
8eba4e96-0080-5b6e-b0ad-47395e6e3f0a	chr19	46365561	58586487	2	2	0
8eba4e96-0080-5b6e-b0ad-47395e6e3f0a	chr20	80664	33146311	2	2	0
8eba4e96-0080-5b6e-b0ad-47395e6e3f0a	chr20	33148463	41850097	3	2	1
8eba4e96-0080-5b6e-b0ad-47395e6e3f0a	chr20	41850117	43158162	4	2	2
8eba4e96-0080-5b6e-b0ad-47395e6e3f0a	chr20	43158524	43389032	4	3	1
8eba4e96-0080-5b6e-b0ad-47395e6e3f0a	chr20	43391242	45019902	3	2	1
8eba4e96-0080-5b6e-b0ad-47395e6e3f0a	chr20	45021571	45074554	6	4	2
8eba4e96-0080-5b6e-b0ad-47395e6e3f0a	chr20	45076322	45826055	4	2	2
8eba4e96-0080-5b6e-b0ad-47395e6e3f0a	chr20	45826139	46327011	3	2	1
8eba4e96-0080-5b6e-b0ad-47395e6e3f0a	chr20	46327250	49643666	4	2	2
8eba4e96-0080-5b6e-b0ad-47395e6e3f0a	chr20	49649406	52139340	5	3	2
8eba4e96-0080-5b6e-b0ad-47395e6e3f0a	chr20	52139835	57005132	4	2	2
8eba4e96-0080-5b6e-b0ad-47395e6e3f0a	chr20	57007771	57411196	2	2	0
8eba4e96-0080-5b6e-b0ad-47395e6e3f0a	chr20	57412108	58274343	3	2	1
8eba4e96-0080-5b6e-b0ad-47395e6e3f0a	chr20	58275689	58807888	2	2	0
8eba4e96-0080-5b6e-b0ad-47395e6e3f0a	chr20	58810863	59209846	3	2	1
8eba4e96-0080-5b6e-b0ad-47395e6e3f0a	chr20	59210002	64324800	2	2	0
8eba4e96-0080-5b6e-b0ad-47395e6e3f0a	chr21	12973348	16763459	3	2	1
8eba4e96-0080-5b6e-b0ad-47395e6e3f0a	chr21	16763989	22357870	4	2	2
8eba4e96-0080-5b6e-b0ad-47395e6e3f0a	chr21	22358323	23426134	4	3	1
8eba4e96-0080-5b6e-b0ad-47395e6e3f0a	chr21	23426895	25076030	3	2	1
8eba4e96-0080-5b6e-b0ad-47395e6e3f0a	chr21	25076450	25637466	6	5	1
8eba4e96-0080-5b6e-b0ad-47395e6e3f0a	chr21	25637730	31106006	3	2	1
8eba4e96-0080-5b6e-b0ad-47395e6e3f0a	chr21	31111760	31309941	9	7	2
8eba4e96-0080-5b6e-b0ad-47395e6e3f0a	chr21	31314321	34068941	3	2	1
8eba4e96-0080-5b6e-b0ad-47395e6e3f0a	chr21	34069328	34370403	5	3	2
8eba4e96-0080-5b6e-b0ad-47395e6e3f0a	chr21	34373484	35682209	3	2	1
8eba4e96-0080-5b6e-b0ad-47395e6e3f0a	chr21	35682842	36639378	5	3	2
8eba4e96-0080-5b6e-b0ad-47395e6e3f0a	chr21	36639896	39116560	4	2	2
8eba4e96-0080-5b6e-b0ad-47395e6e3f0a	chr21	39117324	39425814	4	3	1
8eba4e96-0080-5b6e-b0ad-47395e6e3f0a	chr21	39425922	45847262	3	2	1
8eba4e96-0080-5b6e-b0ad-47395e6e3f0a	chr21	45847277	45915973	2	1	1
8eba4e96-0080-5b6e-b0ad-47395e6e3f0a	chr21	45918093	46677045	3	2	1
8eba4e96-0080-5b6e-b0ad-47395e6e3f0a	chr22	16392123	19791994	2	2	0
8eba4e96-0080-5b6e-b0ad-47395e6e3f0a	chr22	19794300	30944638	3	2	1
8eba4e96-0080-5b6e-b0ad-47395e6e3f0a	chr22	30947755	41244892	2	1	1
8eba4e96-0080-5b6e-b0ad-47395e6e3f0a	chr22	41245362	44223014	3	2	1
8eba4e96-0080-5b6e-b0ad-47395e6e3f0a	chr22	44223820	50796027	1	1	0
8eba4e96-0080-5b6e-b0ad-47395e6e3f0a	chrX	251810	1939670	3	2	1
8eba4e96-0080-5b6e-b0ad-47395e6e3f0a	chrX	1939691	2408681	2	1	1
8eba4e96-0080-5b6e-b0ad-47395e6e3f0a	chrX	2408741	2627862	3	2	1
8eba4e96-0080-5b6e-b0ad-47395e6e3f0a	chrX	2628264	2649506	4	2	2
8eba4e96-0080-5b6e-b0ad-47395e6e3f0a	chrX	2649606	2775583	3	2	1
8eba4e96-0080-5b6e-b0ad-47395e6e3f0a	chrX	2776199	156004181	1	1	0
8eba4e96-0080-5b6e-b0ad-47395e6e3f0a	chrY	2782397	26653788	2	2	0
8eba4e96-0080-5b6e-b0ad-47395e6e3f0a	chrY	56872112	56872112	0	0	0
