GDC_Aliquot	Chromosome	Start	End	Copy_Number	Major_Copy_Number	Minor_Copy_Number
f457f69c-019a-54b8-9852-1ebcb288caa0	chr1	62920	19688807	2	1	1
f457f69c-019a-54b8-9852-1ebcb288caa0	chr1	19689162	19692022	1	1	0
f457f69c-019a-54b8-9852-1ebcb288caa0	chr1	19692287	153275182	2	1	1
f457f69c-019a-54b8-9852-1ebcb288caa0	chr1	153275280	153476650	1	1	0
f457f69c-019a-54b8-9852-1ebcb288caa0	chr1	153480861	192612201	2	1	1
f457f69c-019a-54b8-9852-1ebcb288caa0	chr1	192614499	192620372	1	1	0
f457f69c-019a-54b8-9852-1ebcb288caa0	chr1	192626359	205952317	2	1	1
f457f69c-019a-54b8-9852-1ebcb288caa0	chr1	205952731	206450673	3	2	1
f457f69c-019a-54b8-9852-1ebcb288caa0	chr1	206451180	228360200	2	1	1
f457f69c-019a-54b8-9852-1ebcb288caa0	chr1	228379911	228442694	3	2	1
f457f69c-019a-54b8-9852-1ebcb288caa0	chr1	228442860	248930189	2	1	1
f457f69c-019a-54b8-9852-1ebcb288caa0	chr2	12784	20283909	2	1	1
f457f69c-019a-54b8-9852-1ebcb288caa0	chr2	20284628	20675011	3	2	1
f457f69c-019a-54b8-9852-1ebcb288caa0	chr2	20678225	59902591	2	1	1
f457f69c-019a-54b8-9852-1ebcb288caa0	chr2	59906023	59928185	3	2	1
f457f69c-019a-54b8-9852-1ebcb288caa0	chr2	59928558	88706284	2	1	1
f457f69c-019a-54b8-9852-1ebcb288caa0	chr2	88707239	94754662	3	2	1
f457f69c-019a-54b8-9852-1ebcb288caa0	chr2	94755952	105348227	2	1	1
f457f69c-019a-54b8-9852-1ebcb288caa0	chr2	105348574	105410144	3	2	1
f457f69c-019a-54b8-9852-1ebcb288caa0	chr2	105419458	105435957	5	3	2
f457f69c-019a-54b8-9852-1ebcb288caa0	chr2	105436255	105549860	3	2	1
f457f69c-019a-54b8-9852-1ebcb288caa0	chr2	105554228	242147305	2	1	1
f457f69c-019a-54b8-9852-1ebcb288caa0	chr3	20930	64568981	2	1	1
f457f69c-019a-54b8-9852-1ebcb288caa0	chr3	64572444	64600803	4	2	2
f457f69c-019a-54b8-9852-1ebcb288caa0	chr3	64600984	98047931	2	1	1
f457f69c-019a-54b8-9852-1ebcb288caa0	chr3	98048338	98067882	1	1	0
f457f69c-019a-54b8-9852-1ebcb288caa0	chr3	98068101	116493396	2	1	1
f457f69c-019a-54b8-9852-1ebcb288caa0	chr3	116493565	116622080	1	1	0
f457f69c-019a-54b8-9852-1ebcb288caa0	chr3	116629013	116759422	0	0	0
f457f69c-019a-54b8-9852-1ebcb288caa0	chr3	116761771	116976082	1	1	0
f457f69c-019a-54b8-9852-1ebcb288caa0	chr3	116976364	117073384	2	1	1
f457f69c-019a-54b8-9852-1ebcb288caa0	chr3	117074053	117084253	1	1	0
f457f69c-019a-54b8-9852-1ebcb288caa0	chr3	117084818	198169247	2	1	1
f457f69c-019a-54b8-9852-1ebcb288caa0	chr4	68929	2949172	1	1	0
f457f69c-019a-54b8-9852-1ebcb288caa0	chr4	2953418	190106768	2	1	1
f457f69c-019a-54b8-9852-1ebcb288caa0	chr5	15532	145398692	2	1	1
f457f69c-019a-54b8-9852-1ebcb288caa0	chr5	145399022	147427968	1	1	0
f457f69c-019a-54b8-9852-1ebcb288caa0	chr5	147430704	168729153	2	1	1
f457f69c-019a-54b8-9852-1ebcb288caa0	chr5	168733549	168747386	1	1	0
f457f69c-019a-54b8-9852-1ebcb288caa0	chr5	168747898	181363319	2	1	1
f457f69c-019a-54b8-9852-1ebcb288caa0	chr6	149661	11283121	2	1	1
f457f69c-019a-54b8-9852-1ebcb288caa0	chr6	11288397	11680818	1	1	0
f457f69c-019a-54b8-9852-1ebcb288caa0	chr6	11684828	30499918	2	1	1
f457f69c-019a-54b8-9852-1ebcb288caa0	chr6	30507638	30515216	1	1	0
f457f69c-019a-54b8-9852-1ebcb288caa0	chr6	30544386	45300126	2	1	1
f457f69c-019a-54b8-9852-1ebcb288caa0	chr6	45306094	46266973	3	2	1
f457f69c-019a-54b8-9852-1ebcb288caa0	chr6	46267162	62318495	2	1	1
f457f69c-019a-54b8-9852-1ebcb288caa0	chr6	62323472	65568350	1	1	0
f457f69c-019a-54b8-9852-1ebcb288caa0	chr6	65570944	68084353	2	1	1
f457f69c-019a-54b8-9852-1ebcb288caa0	chr6	68085333	118184589	1	1	0
f457f69c-019a-54b8-9852-1ebcb288caa0	chr6	118186833	118257513	12	12	0
f457f69c-019a-54b8-9852-1ebcb288caa0	chr6	118266476	122184447	1	1	0
f457f69c-019a-54b8-9852-1ebcb288caa0	chr6	122184715	123390695	2	1	1
f457f69c-019a-54b8-9852-1ebcb288caa0	chr6	123390713	124033622	1	1	0
f457f69c-019a-54b8-9852-1ebcb288caa0	chr6	124034061	124389055	11	10	1
f457f69c-019a-54b8-9852-1ebcb288caa0	chr6	124389922	124933916	1	1	0
f457f69c-019a-54b8-9852-1ebcb288caa0	chr6	124941677	126407013	9	8	1
f457f69c-019a-54b8-9852-1ebcb288caa0	chr6	126407912	127739751	1	1	0
f457f69c-019a-54b8-9852-1ebcb288caa0	chr6	127740468	127899163	6	5	1
f457f69c-019a-54b8-9852-1ebcb288caa0	chr6	127903800	128022005	11	10	1
f457f69c-019a-54b8-9852-1ebcb288caa0	chr6	128022697	128219203	2	2	0
f457f69c-019a-54b8-9852-1ebcb288caa0	chr6	128221789	128449400	1	1	0
f457f69c-019a-54b8-9852-1ebcb288caa0	chr6	128450951	128628695	17	13	4
f457f69c-019a-54b8-9852-1ebcb288caa0	chr6	128629712	128690032	15	13	2
f457f69c-019a-54b8-9852-1ebcb288caa0	chr6	128690926	159142516	1	1	0
f457f69c-019a-54b8-9852-1ebcb288caa0	chr6	159146813	159159969	2	2	0
f457f69c-019a-54b8-9852-1ebcb288caa0	chr6	159160055	170741917	1	1	0
f457f69c-019a-54b8-9852-1ebcb288caa0	chr7	43259	14240604	2	1	1
f457f69c-019a-54b8-9852-1ebcb288caa0	chr7	14240923	14422383	1	1	0
f457f69c-019a-54b8-9852-1ebcb288caa0	chr7	14426395	56579748	2	1	1
f457f69c-019a-54b8-9852-1ebcb288caa0	chr7	56580419	63086189	1	1	0
f457f69c-019a-54b8-9852-1ebcb288caa0	chr7	63086907	64223767	2	1	1
f457f69c-019a-54b8-9852-1ebcb288caa0	chr7	64225531	68834471	1	1	0
f457f69c-019a-54b8-9852-1ebcb288caa0	chr7	68839227	68991772	15	15	0
f457f69c-019a-54b8-9852-1ebcb288caa0	chr7	68991804	69104232	19	19	0
f457f69c-019a-54b8-9852-1ebcb288caa0	chr7	69104305	70124604	2	1	1
f457f69c-019a-54b8-9852-1ebcb288caa0	chr7	70131878	140532443	1	1	0
f457f69c-019a-54b8-9852-1ebcb288caa0	chr7	140533785	140540555	2	2	0
f457f69c-019a-54b8-9852-1ebcb288caa0	chr7	140540641	159334314	1	1	0
f457f69c-019a-54b8-9852-1ebcb288caa0	chr8	81254	3530845	1	1	0
f457f69c-019a-54b8-9852-1ebcb288caa0	chr8	3533839	4491355	0	0	0
f457f69c-019a-54b8-9852-1ebcb288caa0	chr8	4492461	20251981	1	1	0
f457f69c-019a-54b8-9852-1ebcb288caa0	chr8	20252298	20274880	2	2	0
f457f69c-019a-54b8-9852-1ebcb288caa0	chr8	20276772	35543861	1	1	0
f457f69c-019a-54b8-9852-1ebcb288caa0	chr8	35546251	46410835	2	1	1
f457f69c-019a-54b8-9852-1ebcb288caa0	chr8	46413492	71763059	1	1	0
f457f69c-019a-54b8-9852-1ebcb288caa0	chr8	71766022	72141240	4	3	1
f457f69c-019a-54b8-9852-1ebcb288caa0	chr8	72146531	72317944	3	2	1
f457f69c-019a-54b8-9852-1ebcb288caa0	chr8	72319229	72687841	5	4	1
f457f69c-019a-54b8-9852-1ebcb288caa0	chr8	72688105	72910401	4	3	1
f457f69c-019a-54b8-9852-1ebcb288caa0	chr8	72911510	77712323	2	1	1
f457f69c-019a-54b8-9852-1ebcb288caa0	chr8	77713182	77724936	4	2	2
f457f69c-019a-54b8-9852-1ebcb288caa0	chr8	77725793	77732155	2	1	1
f457f69c-019a-54b8-9852-1ebcb288caa0	chr8	77743320	78551063	4	3	1
f457f69c-019a-54b8-9852-1ebcb288caa0	chr8	78553077	80670489	1	1	0
f457f69c-019a-54b8-9852-1ebcb288caa0	chr8	80671645	83355790	3	2	1
f457f69c-019a-54b8-9852-1ebcb288caa0	chr8	83361125	84170694	1	1	0
f457f69c-019a-54b8-9852-1ebcb288caa0	chr8	84171078	84979144	3	2	1
f457f69c-019a-54b8-9852-1ebcb288caa0	chr8	84979557	85312356	1	1	0
f457f69c-019a-54b8-9852-1ebcb288caa0	chr8	85312877	85835672	3	2	1
f457f69c-019a-54b8-9852-1ebcb288caa0	chr8	85835979	86668054	6	5	1
f457f69c-019a-54b8-9852-1ebcb288caa0	chr8	86669729	86795937	2	1	1
f457f69c-019a-54b8-9852-1ebcb288caa0	chr8	86797070	86866526	2	2	0
f457f69c-019a-54b8-9852-1ebcb288caa0	chr8	86869131	91415166	1	1	0
f457f69c-019a-54b8-9852-1ebcb288caa0	chr8	91431207	91608652	2	2	0
f457f69c-019a-54b8-9852-1ebcb288caa0	chr8	91611267	92463047	3	2	1
f457f69c-019a-54b8-9852-1ebcb288caa0	chr8	92470152	92494931	1	1	0
f457f69c-019a-54b8-9852-1ebcb288caa0	chr8	92495215	92499817	2	1	1
f457f69c-019a-54b8-9852-1ebcb288caa0	chr8	92500638	95066888	1	1	0
f457f69c-019a-54b8-9852-1ebcb288caa0	chr8	95068161	95427730	2	1	1
f457f69c-019a-54b8-9852-1ebcb288caa0	chr8	95430345	95795187	4	3	1
f457f69c-019a-54b8-9852-1ebcb288caa0	chr8	95800519	96087309	2	1	1
f457f69c-019a-54b8-9852-1ebcb288caa0	chr8	96087463	96488687	1	1	0
f457f69c-019a-54b8-9852-1ebcb288caa0	chr8	96491671	97442587	4	3	1
f457f69c-019a-54b8-9852-1ebcb288caa0	chr8	97443510	98868329	2	1	1
f457f69c-019a-54b8-9852-1ebcb288caa0	chr8	98868435	99478345	10	9	1
f457f69c-019a-54b8-9852-1ebcb288caa0	chr8	99480128	101654159	8	7	1
f457f69c-019a-54b8-9852-1ebcb288caa0	chr8	101654838	102689163	7	6	1
f457f69c-019a-54b8-9852-1ebcb288caa0	chr8	102691801	104167864	9	8	1
f457f69c-019a-54b8-9852-1ebcb288caa0	chr8	104171684	104380375	3	2	1
f457f69c-019a-54b8-9852-1ebcb288caa0	chr8	104381459	104463943	2	1	1
f457f69c-019a-54b8-9852-1ebcb288caa0	chr8	104464424	105130105	4	3	1
f457f69c-019a-54b8-9852-1ebcb288caa0	chr8	105130348	106285783	2	1	1
f457f69c-019a-54b8-9852-1ebcb288caa0	chr8	106286150	108297057	4	3	1
f457f69c-019a-54b8-9852-1ebcb288caa0	chr8	108302435	123883687	2	1	1
f457f69c-019a-54b8-9852-1ebcb288caa0	chr8	123884505	124251240	3	2	1
f457f69c-019a-54b8-9852-1ebcb288caa0	chr8	124251577	124413760	6	5	1
f457f69c-019a-54b8-9852-1ebcb288caa0	chr8	124418519	124733752	5	4	1
f457f69c-019a-54b8-9852-1ebcb288caa0	chr8	124741909	124939431	7	6	1
f457f69c-019a-54b8-9852-1ebcb288caa0	chr8	124939544	125291605	8	7	1
f457f69c-019a-54b8-9852-1ebcb288caa0	chr8	125291625	125558756	5	4	1
f457f69c-019a-54b8-9852-1ebcb288caa0	chr8	125562774	125598803	9	8	1
f457f69c-019a-54b8-9852-1ebcb288caa0	chr8	125598907	125770496	4	3	1
f457f69c-019a-54b8-9852-1ebcb288caa0	chr8	125771286	125792744	3	2	1
f457f69c-019a-54b8-9852-1ebcb288caa0	chr8	125793178	126116546	4	3	1
f457f69c-019a-54b8-9852-1ebcb288caa0	chr8	126122395	126320968	2	1	1
f457f69c-019a-54b8-9852-1ebcb288caa0	chr8	126321801	126837382	3	2	1
f457f69c-019a-54b8-9852-1ebcb288caa0	chr8	126839259	127920117	8	7	1
f457f69c-019a-54b8-9852-1ebcb288caa0	chr8	127920468	129095592	7	6	1
f457f69c-019a-54b8-9852-1ebcb288caa0	chr8	129096756	130013572	9	8	1
f457f69c-019a-54b8-9852-1ebcb288caa0	chr8	130014816	130088689	5	4	1
f457f69c-019a-54b8-9852-1ebcb288caa0	chr8	130089169	130250195	10	9	1
f457f69c-019a-54b8-9852-1ebcb288caa0	chr8	130250933	130713366	8	7	1
f457f69c-019a-54b8-9852-1ebcb288caa0	chr8	130715582	131620479	2	1	1
f457f69c-019a-54b8-9852-1ebcb288caa0	chr8	131623630	131900750	5	4	1
f457f69c-019a-54b8-9852-1ebcb288caa0	chr8	131905496	133776251	2	1	1
f457f69c-019a-54b8-9852-1ebcb288caa0	chr8	133777525	134151194	4	3	1
f457f69c-019a-54b8-9852-1ebcb288caa0	chr8	134153529	136146886	2	1	1
f457f69c-019a-54b8-9852-1ebcb288caa0	chr8	136149883	137259314	8	7	1
f457f69c-019a-54b8-9852-1ebcb288caa0	chr8	137264226	137406585	2	1	1
f457f69c-019a-54b8-9852-1ebcb288caa0	chr8	137407052	137486659	4	3	1
f457f69c-019a-54b8-9852-1ebcb288caa0	chr8	137487168	145072769	2	1	1
f457f69c-019a-54b8-9852-1ebcb288caa0	chr9	46587	138200944	2	1	1
f457f69c-019a-54b8-9852-1ebcb288caa0	chr10	45792	51071264	2	1	1
f457f69c-019a-54b8-9852-1ebcb288caa0	chr10	51075972	51090622	3	2	1
f457f69c-019a-54b8-9852-1ebcb288caa0	chr10	51090637	64732354	2	1	1
f457f69c-019a-54b8-9852-1ebcb288caa0	chr10	64732659	64736382	3	2	1
f457f69c-019a-54b8-9852-1ebcb288caa0	chr10	64736778	113692961	2	1	1
f457f69c-019a-54b8-9852-1ebcb288caa0	chr10	113695308	113731806	3	2	1
f457f69c-019a-54b8-9852-1ebcb288caa0	chr10	113733116	126909264	2	1	1
f457f69c-019a-54b8-9852-1ebcb288caa0	chr10	126913532	126925782	3	2	1
f457f69c-019a-54b8-9852-1ebcb288caa0	chr10	126968674	127847205	0	0	0
f457f69c-019a-54b8-9852-1ebcb288caa0	chr10	127850704	133654968	2	1	1
f457f69c-019a-54b8-9852-1ebcb288caa0	chr11	198510	4946166	2	1	1
f457f69c-019a-54b8-9852-1ebcb288caa0	chr11	4946420	4952799	0	0	0
f457f69c-019a-54b8-9852-1ebcb288caa0	chr11	4953934	135074876	2	1	1
f457f69c-019a-54b8-9852-1ebcb288caa0	chr12	51460	2968018	1	1	0
f457f69c-019a-54b8-9852-1ebcb288caa0	chr12	2968053	3249095	2	2	0
f457f69c-019a-54b8-9852-1ebcb288caa0	chr12	3249179	52953188	1	1	0
f457f69c-019a-54b8-9852-1ebcb288caa0	chr12	52953489	53493687	2	2	0
f457f69c-019a-54b8-9852-1ebcb288caa0	chr12	53493968	56920917	3	2	1
f457f69c-019a-54b8-9852-1ebcb288caa0	chr12	56923609	57595260	4	3	1
f457f69c-019a-54b8-9852-1ebcb288caa0	chr12	57599185	57776552	11	10	1
f457f69c-019a-54b8-9852-1ebcb288caa0	chr12	57779146	58317535	16	16	0
f457f69c-019a-54b8-9852-1ebcb288caa0	chr12	58322678	58921427	5	4	1
f457f69c-019a-54b8-9852-1ebcb288caa0	chr12	58921652	59695756	10	9	1
f457f69c-019a-54b8-9852-1ebcb288caa0	chr12	59696426	59736642	19	18	1
f457f69c-019a-54b8-9852-1ebcb288caa0	chr12	59741431	78163802	1	1	0
f457f69c-019a-54b8-9852-1ebcb288caa0	chr12	78172609	78204524	0	0	0
f457f69c-019a-54b8-9852-1ebcb288caa0	chr12	78205111	86675694	1	1	0
f457f69c-019a-54b8-9852-1ebcb288caa0	chr12	86680332	86877301	17	15	2
f457f69c-019a-54b8-9852-1ebcb288caa0	chr12	86879273	111508749	1	1	0
f457f69c-019a-54b8-9852-1ebcb288caa0	chr12	111508932	133201603	2	1	1
f457f69c-019a-54b8-9852-1ebcb288caa0	chr13	18452809	114342922	2	1	1
f457f69c-019a-54b8-9852-1ebcb288caa0	chr14	18239283	88514867	1	1	0
f457f69c-019a-54b8-9852-1ebcb288caa0	chr14	88515164	94485263	2	2	0
f457f69c-019a-54b8-9852-1ebcb288caa0	chr14	94488031	94948394	1	1	0
f457f69c-019a-54b8-9852-1ebcb288caa0	chr14	94948776	99555861	2	2	0
f457f69c-019a-54b8-9852-1ebcb288caa0	chr14	99556011	99560380	1	1	0
f457f69c-019a-54b8-9852-1ebcb288caa0	chr14	99561643	99822866	2	2	0
f457f69c-019a-54b8-9852-1ebcb288caa0	chr14	99826008	100298841	1	1	0
f457f69c-019a-54b8-9852-1ebcb288caa0	chr14	100299824	106877229	2	2	0
f457f69c-019a-54b8-9852-1ebcb288caa0	chr15	19811075	36252559	2	1	1
f457f69c-019a-54b8-9852-1ebcb288caa0	chr15	36260119	36537173	15	14	1
f457f69c-019a-54b8-9852-1ebcb288caa0	chr15	36537995	37236196	2	1	1
f457f69c-019a-54b8-9852-1ebcb288caa0	chr15	37241857	37815207	12	9	3
f457f69c-019a-54b8-9852-1ebcb288caa0	chr15	37816448	40894792	2	1	1
f457f69c-019a-54b8-9852-1ebcb288caa0	chr15	40901076	42717201	5	4	1
f457f69c-019a-54b8-9852-1ebcb288caa0	chr15	42721143	43154574	12	11	1
f457f69c-019a-54b8-9852-1ebcb288caa0	chr15	43159680	43366420	4	3	1
f457f69c-019a-54b8-9852-1ebcb288caa0	chr15	43366848	43692744	2	1	1
f457f69c-019a-54b8-9852-1ebcb288caa0	chr15	43698230	44005164	5	4	1
f457f69c-019a-54b8-9852-1ebcb288caa0	chr15	44008571	45159052	10	9	1
f457f69c-019a-54b8-9852-1ebcb288caa0	chr15	45161961	45468783	6	5	1
f457f69c-019a-54b8-9852-1ebcb288caa0	chr15	45468995	45973694	4	3	1
f457f69c-019a-54b8-9852-1ebcb288caa0	chr15	45973717	47114619	3	2	1
f457f69c-019a-54b8-9852-1ebcb288caa0	chr15	47114866	48113941	4	3	1
f457f69c-019a-54b8-9852-1ebcb288caa0	chr15	48119171	48424965	7	6	1
f457f69c-019a-54b8-9852-1ebcb288caa0	chr15	48428329	48926310	14	13	1
f457f69c-019a-54b8-9852-1ebcb288caa0	chr15	48926765	49310188	16	16	0
f457f69c-019a-54b8-9852-1ebcb288caa0	chr15	49312606	49520918	10	9	1
f457f69c-019a-54b8-9852-1ebcb288caa0	chr15	49521005	49683594	4	3	1
f457f69c-019a-54b8-9852-1ebcb288caa0	chr15	49685490	50126328	3	2	1
f457f69c-019a-54b8-9852-1ebcb288caa0	chr15	50126627	52290999	5	4	1
f457f69c-019a-54b8-9852-1ebcb288caa0	chr15	52293108	52792156	2	1	1
f457f69c-019a-54b8-9852-1ebcb288caa0	chr15	52796226	53157305	3	2	1
f457f69c-019a-54b8-9852-1ebcb288caa0	chr15	53161644	53587044	7	6	1
f457f69c-019a-54b8-9852-1ebcb288caa0	chr15	53587346	53722685	11	10	1
f457f69c-019a-54b8-9852-1ebcb288caa0	chr15	53727864	55028419	2	1	1
f457f69c-019a-54b8-9852-1ebcb288caa0	chr15	55028930	55391016	3	2	1
f457f69c-019a-54b8-9852-1ebcb288caa0	chr15	55403830	55520860	11	8	3
f457f69c-019a-54b8-9852-1ebcb288caa0	chr15	55521633	55521633	7	5	2
f457f69c-019a-54b8-9852-1ebcb288caa0	chr15	55524787	55864720	13	12	1
f457f69c-019a-54b8-9852-1ebcb288caa0	chr15	55867578	61757637	1	1	0
f457f69c-019a-54b8-9852-1ebcb288caa0	chr15	61758133	62405310	4	3	1
f457f69c-019a-54b8-9852-1ebcb288caa0	chr15	62406049	62725871	5	4	1
f457f69c-019a-54b8-9852-1ebcb288caa0	chr15	62728963	63401295	7	6	1
f457f69c-019a-54b8-9852-1ebcb288caa0	chr15	63401824	63477888	8	8	0
f457f69c-019a-54b8-9852-1ebcb288caa0	chr15	63478664	64336733	15	15	0
f457f69c-019a-54b8-9852-1ebcb288caa0	chr15	64338878	67942480	1	1	0
f457f69c-019a-54b8-9852-1ebcb288caa0	chr15	67944709	68250790	2	1	1
f457f69c-019a-54b8-9852-1ebcb288caa0	chr15	68253090	68420477	4	3	1
f457f69c-019a-54b8-9852-1ebcb288caa0	chr15	68420726	68914263	3	2	1
f457f69c-019a-54b8-9852-1ebcb288caa0	chr15	68919646	69288112	21	21	0
f457f69c-019a-54b8-9852-1ebcb288caa0	chr15	69288268	71122709	15	14	1
f457f69c-019a-54b8-9852-1ebcb288caa0	chr15	71122943	71523068	18	18	0
f457f69c-019a-54b8-9852-1ebcb288caa0	chr15	71525274	71631871	12	12	0
f457f69c-019a-54b8-9852-1ebcb288caa0	chr15	71632660	77342712	1	1	0
f457f69c-019a-54b8-9852-1ebcb288caa0	chr15	77350119	78223512	2	1	1
f457f69c-019a-54b8-9852-1ebcb288caa0	chr15	78227862	80734757	1	1	0
f457f69c-019a-54b8-9852-1ebcb288caa0	chr15	80737093	81288691	2	1	1
f457f69c-019a-54b8-9852-1ebcb288caa0	chr15	81292728	83244981	5	4	1
f457f69c-019a-54b8-9852-1ebcb288caa0	chr15	83245595	83774181	1	1	0
f457f69c-019a-54b8-9852-1ebcb288caa0	chr15	83776126	85014435	6	5	1
f457f69c-019a-54b8-9852-1ebcb288caa0	chr15	85020724	85563566	4	3	1
f457f69c-019a-54b8-9852-1ebcb288caa0	chr15	85567625	85627804	7	6	1
f457f69c-019a-54b8-9852-1ebcb288caa0	chr15	85627926	86196411	4	3	1
f457f69c-019a-54b8-9852-1ebcb288caa0	chr15	86198291	86607903	1	1	0
f457f69c-019a-54b8-9852-1ebcb288caa0	chr15	86609820	86881024	18	18	0
f457f69c-019a-54b8-9852-1ebcb288caa0	chr15	86882728	86943841	4	3	1
f457f69c-019a-54b8-9852-1ebcb288caa0	chr15	86944025	87097635	6	5	1
f457f69c-019a-54b8-9852-1ebcb288caa0	chr15	87097669	87434122	4	3	1
f457f69c-019a-54b8-9852-1ebcb288caa0	chr15	87434147	87602549	3	2	1
f457f69c-019a-54b8-9852-1ebcb288caa0	chr15	87603443	87778583	5	4	1
f457f69c-019a-54b8-9852-1ebcb288caa0	chr15	87778811	88103137	7	6	1
f457f69c-019a-54b8-9852-1ebcb288caa0	chr15	88104712	88884590	3	2	1
f457f69c-019a-54b8-9852-1ebcb288caa0	chr15	88890676	92949969	1	1	0
f457f69c-019a-54b8-9852-1ebcb288caa0	chr15	92950137	101928837	2	1	1
f457f69c-019a-54b8-9852-1ebcb288caa0	chr16	10777	9234819	2	1	1
f457f69c-019a-54b8-9852-1ebcb288caa0	chr16	9234845	9243447	3	2	1
f457f69c-019a-54b8-9852-1ebcb288caa0	chr16	9243583	35225338	2	1	1
f457f69c-019a-54b8-9852-1ebcb288caa0	chr16	35232200	35374520	4	2	2
f457f69c-019a-54b8-9852-1ebcb288caa0	chr16	35375297	35530845	4	4	0
f457f69c-019a-54b8-9852-1ebcb288caa0	chr16	35533134	58222523	2	1	1
f457f69c-019a-54b8-9852-1ebcb288caa0	chr16	58223547	58238617	1	1	0
f457f69c-019a-54b8-9852-1ebcb288caa0	chr16	58238919	60164042	2	1	1
f457f69c-019a-54b8-9852-1ebcb288caa0	chr16	60169699	60209920	3	2	1
f457f69c-019a-54b8-9852-1ebcb288caa0	chr16	60210011	86488641	2	1	1
f457f69c-019a-54b8-9852-1ebcb288caa0	chr16	86488831	86492084	3	2	1
f457f69c-019a-54b8-9852-1ebcb288caa0	chr16	86492149	90096867	2	1	1
f457f69c-019a-54b8-9852-1ebcb288caa0	chr17	150733	7679972	1	1	0
f457f69c-019a-54b8-9852-1ebcb288caa0	chr17	7680387	83091923	2	1	1
f457f69c-019a-54b8-9852-1ebcb288caa0	chr18	48133	15402409	3	2	1
f457f69c-019a-54b8-9852-1ebcb288caa0	chr18	20949392	80257174	2	1	1
f457f69c-019a-54b8-9852-1ebcb288caa0	chr19	90910	58586487	2	1	1
f457f69c-019a-54b8-9852-1ebcb288caa0	chr20	80664	64324800	2	1	1
f457f69c-019a-54b8-9852-1ebcb288caa0	chr21	12973348	46677045	2	1	1
f457f69c-019a-54b8-9852-1ebcb288caa0	chr22	16392123	28355700	1	1	0
f457f69c-019a-54b8-9852-1ebcb288caa0	chr22	28356517	28504013	0	0	0
f457f69c-019a-54b8-9852-1ebcb288caa0	chr22	28504689	30641445	1	1	0
f457f69c-019a-54b8-9852-1ebcb288caa0	chr22	30644152	30699899	0	0	0
f457f69c-019a-54b8-9852-1ebcb288caa0	chr22	30700738	50796027	1	1	0
f457f69c-019a-54b8-9852-1ebcb288caa0	chrX	251810	58086886	1	1	0
f457f69c-019a-54b8-9852-1ebcb288caa0	chrX	58103835	65306157	2	1	1
f457f69c-019a-54b8-9852-1ebcb288caa0	chrX	65311708	76297739	1	1	0
f457f69c-019a-54b8-9852-1ebcb288caa0	chrX	76303452	81822311	2	1	1
f457f69c-019a-54b8-9852-1ebcb288caa0	chrX	81825386	81983661	1	1	0
f457f69c-019a-54b8-9852-1ebcb288caa0	chrX	81983829	82682606	2	1	1
f457f69c-019a-54b8-9852-1ebcb288caa0	chrX	82693214	83549534	1	1	0
f457f69c-019a-54b8-9852-1ebcb288caa0	chrX	83549568	83612876	2	1	1
f457f69c-019a-54b8-9852-1ebcb288caa0	chrX	83615449	83920498	1	1	0
f457f69c-019a-54b8-9852-1ebcb288caa0	chrX	83920843	88670508	2	1	1
f457f69c-019a-54b8-9852-1ebcb288caa0	chrX	88672086	88904138	1	1	0
f457f69c-019a-54b8-9852-1ebcb288caa0	chrX	88909232	94586592	2	1	1
f457f69c-019a-54b8-9852-1ebcb288caa0	chrX	94587893	94690756	1	1	0
f457f69c-019a-54b8-9852-1ebcb288caa0	chrX	94691184	95142210	2	1	1
f457f69c-019a-54b8-9852-1ebcb288caa0	chrX	95143133	97395301	1	1	0
f457f69c-019a-54b8-9852-1ebcb288caa0	chrX	97395938	97471093	0	0	0
f457f69c-019a-54b8-9852-1ebcb288caa0	chrX	97471768	131036323	1	1	0
f457f69c-019a-54b8-9852-1ebcb288caa0	chrX	131039215	131540389	3	2	1
f457f69c-019a-54b8-9852-1ebcb288caa0	chrX	131544622	133145039	1	1	0
f457f69c-019a-54b8-9852-1ebcb288caa0	chrX	133145457	133690868	3	2	1
f457f69c-019a-54b8-9852-1ebcb288caa0	chrX	133696758	139109328	1	1	0
f457f69c-019a-54b8-9852-1ebcb288caa0	chrX	139110085	140047022	3	2	1
f457f69c-019a-54b8-9852-1ebcb288caa0	chrX	140052674	156004181	1	1	0
f457f69c-019a-54b8-9852-1ebcb288caa0	chrY	2782397	26653788	0	0	0
f457f69c-019a-54b8-9852-1ebcb288caa0	chrY	56872112	56872112	2	2	0
