GDC_Aliquot	Chromosome	Start	End	Copy_Number	Major_Copy_Number	Minor_Copy_Number
47e3c642-aa83-5014-8675-6561a6f37632	chr1	62920	13522002	4	2	2
47e3c642-aa83-5014-8675-6561a6f37632	chr1	13522539	13894324	5	3	2
47e3c642-aa83-5014-8675-6561a6f37632	chr1	13894447	17266911	4	2	2
47e3c642-aa83-5014-8675-6561a6f37632	chr1	17268401	17293514	8	5	3
47e3c642-aa83-5014-8675-6561a6f37632	chr1	17296159	47459112	4	2	2
47e3c642-aa83-5014-8675-6561a6f37632	chr1	47463751	99178654	5	3	2
47e3c642-aa83-5014-8675-6561a6f37632	chr1	99178667	102547165	4	2	2
47e3c642-aa83-5014-8675-6561a6f37632	chr1	102549249	162132039	5	3	2
47e3c642-aa83-5014-8675-6561a6f37632	chr1	162132274	162136735	7	4	3
47e3c642-aa83-5014-8675-6561a6f37632	chr1	162136846	190805679	5	3	2
47e3c642-aa83-5014-8675-6561a6f37632	chr1	190807756	193703886	4	2	2
47e3c642-aa83-5014-8675-6561a6f37632	chr1	193704662	193738351	6	4	2
47e3c642-aa83-5014-8675-6561a6f37632	chr1	193738398	195933242	5	3	2
47e3c642-aa83-5014-8675-6561a6f37632	chr1	195938713	204163510	4	2	2
47e3c642-aa83-5014-8675-6561a6f37632	chr1	204164046	248930189	2	2	0
47e3c642-aa83-5014-8675-6561a6f37632	chr2	12784	11744105	3	2	1
47e3c642-aa83-5014-8675-6561a6f37632	chr2	11751343	52047789	4	2	2
47e3c642-aa83-5014-8675-6561a6f37632	chr2	52048898	52313501	6	4	2
47e3c642-aa83-5014-8675-6561a6f37632	chr2	52313588	85791446	4	2	2
47e3c642-aa83-5014-8675-6561a6f37632	chr2	85792471	88812836	3	2	1
47e3c642-aa83-5014-8675-6561a6f37632	chr2	88813284	128131468	5	3	2
47e3c642-aa83-5014-8675-6561a6f37632	chr2	128134340	155909355	2	2	0
47e3c642-aa83-5014-8675-6561a6f37632	chr2	155909707	155946806	1	1	0
47e3c642-aa83-5014-8675-6561a6f37632	chr2	155949907	171069652	2	2	0
47e3c642-aa83-5014-8675-6561a6f37632	chr2	171070253	171109644	1	1	0
47e3c642-aa83-5014-8675-6561a6f37632	chr2	171110068	242147305	2	2	0
47e3c642-aa83-5014-8675-6561a6f37632	chr3	20930	1545512	4	2	2
47e3c642-aa83-5014-8675-6561a6f37632	chr3	1546677	1562033	6	3	3
47e3c642-aa83-5014-8675-6561a6f37632	chr3	1562351	3925783	5	3	2
47e3c642-aa83-5014-8675-6561a6f37632	chr3	3928744	3934733	3	2	1
47e3c642-aa83-5014-8675-6561a6f37632	chr3	3935472	6780792	4	2	2
47e3c642-aa83-5014-8675-6561a6f37632	chr3	6780988	8054139	5	3	2
47e3c642-aa83-5014-8675-6561a6f37632	chr3	8055855	17283241	4	2	2
47e3c642-aa83-5014-8675-6561a6f37632	chr3	17289671	27266511	2	2	0
47e3c642-aa83-5014-8675-6561a6f37632	chr3	27271801	27991620	6	4	2
47e3c642-aa83-5014-8675-6561a6f37632	chr3	27992805	61061729	2	2	0
47e3c642-aa83-5014-8675-6561a6f37632	chr3	61062909	61069477	1	1	0
47e3c642-aa83-5014-8675-6561a6f37632	chr3	61070479	89669108	2	2	0
47e3c642-aa83-5014-8675-6561a6f37632	chr3	89675735	89925904	6	6	0
47e3c642-aa83-5014-8675-6561a6f37632	chr3	89934253	89937538	8	7	1
47e3c642-aa83-5014-8675-6561a6f37632	chr3	89938635	90453712	6	6	0
47e3c642-aa83-5014-8675-6561a6f37632	chr3	93800634	116671962	2	2	0
47e3c642-aa83-5014-8675-6561a6f37632	chr3	116672100	117206154	1	1	0
47e3c642-aa83-5014-8675-6561a6f37632	chr3	117211469	130067896	2	2	0
47e3c642-aa83-5014-8675-6561a6f37632	chr3	130067910	130079892	0	0	0
47e3c642-aa83-5014-8675-6561a6f37632	chr3	130079938	144912898	2	2	0
47e3c642-aa83-5014-8675-6561a6f37632	chr3	144913488	158633756	4	4	0
47e3c642-aa83-5014-8675-6561a6f37632	chr3	158641083	161909013	2	2	0
47e3c642-aa83-5014-8675-6561a6f37632	chr3	161911255	162518746	4	4	0
47e3c642-aa83-5014-8675-6561a6f37632	chr3	162519097	162790480	2	2	0
47e3c642-aa83-5014-8675-6561a6f37632	chr3	162794869	162908207	7	7	0
47e3c642-aa83-5014-8675-6561a6f37632	chr3	162908784	163906132	2	2	0
47e3c642-aa83-5014-8675-6561a6f37632	chr3	163906472	166722344	4	4	0
47e3c642-aa83-5014-8675-6561a6f37632	chr3	166723406	198169247	2	2	0
47e3c642-aa83-5014-8675-6561a6f37632	chr4	68929	1517595	1	1	0
47e3c642-aa83-5014-8675-6561a6f37632	chr4	1517775	5219851	2	2	0
47e3c642-aa83-5014-8675-6561a6f37632	chr4	5220458	7415962	3	3	0
47e3c642-aa83-5014-8675-6561a6f37632	chr4	7416222	8466696	2	2	0
47e3c642-aa83-5014-8675-6561a6f37632	chr4	8470723	9578388	3	3	0
47e3c642-aa83-5014-8675-6561a6f37632	chr4	9584689	10113899	2	2	0
47e3c642-aa83-5014-8675-6561a6f37632	chr4	10118985	10542717	3	3	0
47e3c642-aa83-5014-8675-6561a6f37632	chr4	10542901	17148321	2	2	0
47e3c642-aa83-5014-8675-6561a6f37632	chr4	17151455	17605270	3	3	0
47e3c642-aa83-5014-8675-6561a6f37632	chr4	17607261	31713469	2	2	0
47e3c642-aa83-5014-8675-6561a6f37632	chr4	31715497	33357742	3	3	0
47e3c642-aa83-5014-8675-6561a6f37632	chr4	33365488	35092623	4	4	0
47e3c642-aa83-5014-8675-6561a6f37632	chr4	35095229	44304497	3	3	0
47e3c642-aa83-5014-8675-6561a6f37632	chr4	44307446	49501149	1	1	0
47e3c642-aa83-5014-8675-6561a6f37632	chr4	49501768	90020639	4	2	2
47e3c642-aa83-5014-8675-6561a6f37632	chr4	90020671	90033399	3	2	1
47e3c642-aa83-5014-8675-6561a6f37632	chr4	90036504	95609637	4	2	2
47e3c642-aa83-5014-8675-6561a6f37632	chr4	95609773	96004734	5	3	2
47e3c642-aa83-5014-8675-6561a6f37632	chr4	96004759	158137494	4	2	2
47e3c642-aa83-5014-8675-6561a6f37632	chr4	158137617	165415377	3	2	1
47e3c642-aa83-5014-8675-6561a6f37632	chr4	165415983	174667045	4	2	2
47e3c642-aa83-5014-8675-6561a6f37632	chr4	174672544	190106768	2	2	0
47e3c642-aa83-5014-8675-6561a6f37632	chr5	15532	351500	2	2	0
47e3c642-aa83-5014-8675-6561a6f37632	chr5	351895	3004470	3	2	1
47e3c642-aa83-5014-8675-6561a6f37632	chr5	3004628	3025338	4	3	1
47e3c642-aa83-5014-8675-6561a6f37632	chr5	3025442	29907295	3	2	1
47e3c642-aa83-5014-8675-6561a6f37632	chr5	29907327	29955999	1	1	0
47e3c642-aa83-5014-8675-6561a6f37632	chr5	29956505	43525182	2	2	0
47e3c642-aa83-5014-8675-6561a6f37632	chr5	43525472	50420328	3	2	1
47e3c642-aa83-5014-8675-6561a6f37632	chr5	50422936	53101756	5	3	2
47e3c642-aa83-5014-8675-6561a6f37632	chr5	53102175	53913300	6	4	2
47e3c642-aa83-5014-8675-6561a6f37632	chr5	53916587	54388727	8	6	2
47e3c642-aa83-5014-8675-6561a6f37632	chr5	54391402	56509561	9	7	2
47e3c642-aa83-5014-8675-6561a6f37632	chr5	56513991	58592916	7	5	2
47e3c642-aa83-5014-8675-6561a6f37632	chr5	58594123	58918074	8	5	3
47e3c642-aa83-5014-8675-6561a6f37632	chr5	58918262	62500317	6	4	2
47e3c642-aa83-5014-8675-6561a6f37632	chr5	62506989	62565707	2	2	0
47e3c642-aa83-5014-8675-6561a6f37632	chr5	62566898	71384301	6	4	2
47e3c642-aa83-5014-8675-6561a6f37632	chr5	71384705	107783736	2	2	0
47e3c642-aa83-5014-8675-6561a6f37632	chr5	107786258	107967380	3	3	0
47e3c642-aa83-5014-8675-6561a6f37632	chr5	107967806	181363319	2	2	0
47e3c642-aa83-5014-8675-6561a6f37632	chr6	149661	32337913	3	2	1
47e3c642-aa83-5014-8675-6561a6f37632	chr6	32338202	33568965	2	1	1
47e3c642-aa83-5014-8675-6561a6f37632	chr6	33569020	37576278	3	2	1
47e3c642-aa83-5014-8675-6561a6f37632	chr6	37576842	37588666	4	3	1
47e3c642-aa83-5014-8675-6561a6f37632	chr6	37588779	45463000	3	2	1
47e3c642-aa83-5014-8675-6561a6f37632	chr6	45464719	48839434	4	2	2
47e3c642-aa83-5014-8675-6561a6f37632	chr6	48839464	50530627	1	1	0
47e3c642-aa83-5014-8675-6561a6f37632	chr6	50534013	51716601	2	2	0
47e3c642-aa83-5014-8675-6561a6f37632	chr6	51722382	52114026	1	1	0
47e3c642-aa83-5014-8675-6561a6f37632	chr6	52114931	52608328	4	2	2
47e3c642-aa83-5014-8675-6561a6f37632	chr6	52610560	58448438	2	2	0
47e3c642-aa83-5014-8675-6561a6f37632	chr6	60351931	62724281	4	2	2
47e3c642-aa83-5014-8675-6561a6f37632	chr6	62726086	106533029	2	2	0
47e3c642-aa83-5014-8675-6561a6f37632	chr6	106533410	106536245	1	1	0
47e3c642-aa83-5014-8675-6561a6f37632	chr6	106536794	170741917	2	2	0
47e3c642-aa83-5014-8675-6561a6f37632	chr7	43259	3315801	3	2	1
47e3c642-aa83-5014-8675-6561a6f37632	chr7	3315981	70666837	4	2	2
47e3c642-aa83-5014-8675-6561a6f37632	chr7	70666891	78066941	5	3	2
47e3c642-aa83-5014-8675-6561a6f37632	chr7	78068039	78353180	3	2	1
47e3c642-aa83-5014-8675-6561a6f37632	chr7	78353264	113509329	5	3	2
47e3c642-aa83-5014-8675-6561a6f37632	chr7	113510439	131189643	4	2	2
47e3c642-aa83-5014-8675-6561a6f37632	chr7	131196752	131206973	8	5	3
47e3c642-aa83-5014-8675-6561a6f37632	chr7	131207164	147060418	5	3	2
47e3c642-aa83-5014-8675-6561a6f37632	chr7	147062739	147212867	3	2	1
47e3c642-aa83-5014-8675-6561a6f37632	chr7	147213473	147613429	5	3	2
47e3c642-aa83-5014-8675-6561a6f37632	chr7	147619247	148237685	2	2	0
47e3c642-aa83-5014-8675-6561a6f37632	chr7	148239471	159334314	4	2	2
47e3c642-aa83-5014-8675-6561a6f37632	chr8	81254	29759055	2	2	0
47e3c642-aa83-5014-8675-6561a6f37632	chr8	29760738	31535849	3	3	0
47e3c642-aa83-5014-8675-6561a6f37632	chr8	31537156	39163281	2	2	0
47e3c642-aa83-5014-8675-6561a6f37632	chr8	39163516	39963518	1	1	0
47e3c642-aa83-5014-8675-6561a6f37632	chr8	39963647	43931659	2	2	0
47e3c642-aa83-5014-8675-6561a6f37632	chr8	45951913	65410254	7	5	2
47e3c642-aa83-5014-8675-6561a6f37632	chr8	65412040	65453988	5	4	1
47e3c642-aa83-5014-8675-6561a6f37632	chr8	65454600	139335637	7	5	2
47e3c642-aa83-5014-8675-6561a6f37632	chr8	139337629	141093877	6	4	2
47e3c642-aa83-5014-8675-6561a6f37632	chr8	141094009	145006257	5	4	1
47e3c642-aa83-5014-8675-6561a6f37632	chr8	145007684	145072769	3	3	0
47e3c642-aa83-5014-8675-6561a6f37632	chr9	46587	3132236	2	2	0
47e3c642-aa83-5014-8675-6561a6f37632	chr9	3134738	3139726	1	1	0
47e3c642-aa83-5014-8675-6561a6f37632	chr9	3139802	41741113	2	2	0
47e3c642-aa83-5014-8675-6561a6f37632	chr9	60863881	109370803	5	3	2
47e3c642-aa83-5014-8675-6561a6f37632	chr9	109371997	126633758	4	2	2
47e3c642-aa83-5014-8675-6561a6f37632	chr9	126634129	135710017	3	2	1
47e3c642-aa83-5014-8675-6561a6f37632	chr9	135715705	138200944	2	1	1
47e3c642-aa83-5014-8675-6561a6f37632	chr10	45792	45798171	2	2	0
47e3c642-aa83-5014-8675-6561a6f37632	chr10	45817039	47729691	6	4	2
47e3c642-aa83-5014-8675-6561a6f37632	chr10	47993783	125060764	2	2	0
47e3c642-aa83-5014-8675-6561a6f37632	chr10	125062376	125115574	1	1	0
47e3c642-aa83-5014-8675-6561a6f37632	chr10	125119462	133654968	2	2	0
47e3c642-aa83-5014-8675-6561a6f37632	chr11	198510	5033850	2	2	0
47e3c642-aa83-5014-8675-6561a6f37632	chr11	5037834	5402701	4	4	0
47e3c642-aa83-5014-8675-6561a6f37632	chr11	5402820	49668521	2	2	0
47e3c642-aa83-5014-8675-6561a6f37632	chr11	49670644	55309318	4	2	2
47e3c642-aa83-5014-8675-6561a6f37632	chr11	55312041	56055687	4	3	1
47e3c642-aa83-5014-8675-6561a6f37632	chr11	56056416	58666759	2	1	1
47e3c642-aa83-5014-8675-6561a6f37632	chr11	58667072	79781201	3	2	1
47e3c642-aa83-5014-8675-6561a6f37632	chr11	79784000	80237958	0	0	0
47e3c642-aa83-5014-8675-6561a6f37632	chr11	80238026	80500021	1	1	0
47e3c642-aa83-5014-8675-6561a6f37632	chr11	80502054	80539974	0	0	0
47e3c642-aa83-5014-8675-6561a6f37632	chr11	80540490	80822392	1	1	0
47e3c642-aa83-5014-8675-6561a6f37632	chr11	80826293	83985734	2	1	1
47e3c642-aa83-5014-8675-6561a6f37632	chr11	83990015	84656659	1	1	0
47e3c642-aa83-5014-8675-6561a6f37632	chr11	84657071	119520530	2	1	1
47e3c642-aa83-5014-8675-6561a6f37632	chr11	119521995	119671642	3	2	1
47e3c642-aa83-5014-8675-6561a6f37632	chr11	119674031	135074876	2	1	1
47e3c642-aa83-5014-8675-6561a6f37632	chr12	51460	33476698	3	2	1
47e3c642-aa83-5014-8675-6561a6f37632	chr12	33477013	34096879	4	2	2
47e3c642-aa83-5014-8675-6561a6f37632	chr12	34097761	37946424	6	4	2
47e3c642-aa83-5014-8675-6561a6f37632	chr12	37946621	39053905	7	5	2
47e3c642-aa83-5014-8675-6561a6f37632	chr12	39053923	39190049	6	3	3
47e3c642-aa83-5014-8675-6561a6f37632	chr12	39190558	41032953	4	2	2
47e3c642-aa83-5014-8675-6561a6f37632	chr12	41033065	43758756	2	2	0
47e3c642-aa83-5014-8675-6561a6f37632	chr12	43761622	44063813	4	2	2
47e3c642-aa83-5014-8675-6561a6f37632	chr12	44068465	45742000	3	2	1
47e3c642-aa83-5014-8675-6561a6f37632	chr12	45748004	47406931	5	3	2
47e3c642-aa83-5014-8675-6561a6f37632	chr12	47407368	60962124	3	2	1
47e3c642-aa83-5014-8675-6561a6f37632	chr12	60967640	61228779	5	3	2
47e3c642-aa83-5014-8675-6561a6f37632	chr12	61229869	79900874	3	2	1
47e3c642-aa83-5014-8675-6561a6f37632	chr12	79903083	80941632	5	3	2
47e3c642-aa83-5014-8675-6561a6f37632	chr12	80943679	85590909	3	2	1
47e3c642-aa83-5014-8675-6561a6f37632	chr12	85590926	85792304	6	4	2
47e3c642-aa83-5014-8675-6561a6f37632	chr12	85798805	133201603	3	2	1
47e3c642-aa83-5014-8675-6561a6f37632	chr13	18452809	56663011	1	1	0
47e3c642-aa83-5014-8675-6561a6f37632	chr13	56667221	59330556	2	1	1
47e3c642-aa83-5014-8675-6561a6f37632	chr13	59336366	59441823	1	1	0
47e3c642-aa83-5014-8675-6561a6f37632	chr13	59442758	78739672	3	2	1
47e3c642-aa83-5014-8675-6561a6f37632	chr13	78739984	78786986	5	3	2
47e3c642-aa83-5014-8675-6561a6f37632	chr13	78787060	114342922	3	2	1
47e3c642-aa83-5014-8675-6561a6f37632	chr14	18239283	19952080	2	1	1
47e3c642-aa83-5014-8675-6561a6f37632	chr14	19954095	21023163	3	2	1
47e3c642-aa83-5014-8675-6561a6f37632	chr14	21027862	99517087	5	3	2
47e3c642-aa83-5014-8675-6561a6f37632	chr14	99519992	106877229	4	2	2
47e3c642-aa83-5014-8675-6561a6f37632	chr15	19811075	65763118	2	2	0
47e3c642-aa83-5014-8675-6561a6f37632	chr15	65765169	88789301	4	4	0
47e3c642-aa83-5014-8675-6561a6f37632	chr15	88792138	88836619	7	5	2
47e3c642-aa83-5014-8675-6561a6f37632	chr15	88836655	94921697	5	4	1
47e3c642-aa83-5014-8675-6561a6f37632	chr15	94921728	95442136	8	4	4
47e3c642-aa83-5014-8675-6561a6f37632	chr15	95444977	96099954	6	5	1
47e3c642-aa83-5014-8675-6561a6f37632	chr15	96102156	96219262	10	5	5
47e3c642-aa83-5014-8675-6561a6f37632	chr15	96219288	96256378	7	4	3
47e3c642-aa83-5014-8675-6561a6f37632	chr15	96257930	98375054	6	5	1
47e3c642-aa83-5014-8675-6561a6f37632	chr15	98375244	101928837	5	4	1
47e3c642-aa83-5014-8675-6561a6f37632	chr16	10777	2290602	1	1	0
47e3c642-aa83-5014-8675-6561a6f37632	chr16	2295387	36048855	2	2	0
47e3c642-aa83-5014-8675-6561a6f37632	chr16	46441986	48506016	1	1	0
47e3c642-aa83-5014-8675-6561a6f37632	chr16	48508271	68345957	2	2	0
47e3c642-aa83-5014-8675-6561a6f37632	chr16	68347163	68514225	6	6	0
47e3c642-aa83-5014-8675-6561a6f37632	chr16	68514546	68544158	3	3	0
47e3c642-aa83-5014-8675-6561a6f37632	chr16	68546880	79283854	2	2	0
47e3c642-aa83-5014-8675-6561a6f37632	chr16	79284126	79332276	5	5	0
47e3c642-aa83-5014-8675-6561a6f37632	chr16	79332957	88080605	2	2	0
47e3c642-aa83-5014-8675-6561a6f37632	chr16	88081232	90096867	1	1	0
47e3c642-aa83-5014-8675-6561a6f37632	chr17	150733	2894785	4	4	0
47e3c642-aa83-5014-8675-6561a6f37632	chr17	2898504	7582355	5	5	0
47e3c642-aa83-5014-8675-6561a6f37632	chr17	7596031	7796499	0	0	0
47e3c642-aa83-5014-8675-6561a6f37632	chr17	7797798	9583764	5	5	0
47e3c642-aa83-5014-8675-6561a6f37632	chr17	9583987	9912094	6	6	0
47e3c642-aa83-5014-8675-6561a6f37632	chr17	9913314	10895515	8	8	0
47e3c642-aa83-5014-8675-6561a6f37632	chr17	10895609	15008249	10	10	0
47e3c642-aa83-5014-8675-6561a6f37632	chr17	15012192	16976290	8	8	0
47e3c642-aa83-5014-8675-6561a6f37632	chr17	16977969	19617518	11	11	0
47e3c642-aa83-5014-8675-6561a6f37632	chr17	19617545	20044621	8	8	0
47e3c642-aa83-5014-8675-6561a6f37632	chr17	20044649	22728514	6	6	0
47e3c642-aa83-5014-8675-6561a6f37632	chr17	22736323	40035671	2	2	0
47e3c642-aa83-5014-8675-6561a6f37632	chr17	40036380	74665438	4	2	2
47e3c642-aa83-5014-8675-6561a6f37632	chr17	74666058	83091923	3	2	1
47e3c642-aa83-5014-8675-6561a6f37632	chr18	48133	21847965	4	2	2
47e3c642-aa83-5014-8675-6561a6f37632	chr18	21848067	39404084	3	2	1
47e3c642-aa83-5014-8675-6561a6f37632	chr18	39410061	40572640	5	3	2
47e3c642-aa83-5014-8675-6561a6f37632	chr18	40575302	80257174	3	2	1
47e3c642-aa83-5014-8675-6561a6f37632	chr19	90910	2996485	2	1	1
47e3c642-aa83-5014-8675-6561a6f37632	chr19	2996891	7166127	3	2	1
47e3c642-aa83-5014-8675-6561a6f37632	chr19	7168922	23007732	4	2	2
47e3c642-aa83-5014-8675-6561a6f37632	chr19	23007904	24399775	3	2	1
47e3c642-aa83-5014-8675-6561a6f37632	chr19	24400510	27959019	4	3	1
47e3c642-aa83-5014-8675-6561a6f37632	chr19	27960122	28673711	6	5	1
47e3c642-aa83-5014-8675-6561a6f37632	chr19	28674055	30334661	8	7	1
47e3c642-aa83-5014-8675-6561a6f37632	chr19	30335338	31381364	9	8	1
47e3c642-aa83-5014-8675-6561a6f37632	chr19	31381832	31456008	12	10	2
47e3c642-aa83-5014-8675-6561a6f37632	chr19	31458730	31599043	9	8	1
47e3c642-aa83-5014-8675-6561a6f37632	chr19	31605553	33479786	6	4	2
47e3c642-aa83-5014-8675-6561a6f37632	chr19	33482636	58586487	3	2	1
47e3c642-aa83-5014-8675-6561a6f37632	chr20	80664	7707530	3	3	0
47e3c642-aa83-5014-8675-6561a6f37632	chr20	7708046	9933030	4	4	0
47e3c642-aa83-5014-8675-6561a6f37632	chr20	9933752	42685216	3	3	0
47e3c642-aa83-5014-8675-6561a6f37632	chr20	42685295	42704819	5	5	0
47e3c642-aa83-5014-8675-6561a6f37632	chr20	42704901	58288381	3	3	0
47e3c642-aa83-5014-8675-6561a6f37632	chr20	58288413	58299873	5	5	0
47e3c642-aa83-5014-8675-6561a6f37632	chr20	58301917	64324800	3	3	0
47e3c642-aa83-5014-8675-6561a6f37632	chr21	12973348	13819355	6	6	0
47e3c642-aa83-5014-8675-6561a6f37632	chr21	13822083	14862361	4	4	0
47e3c642-aa83-5014-8675-6561a6f37632	chr21	14864058	16399902	8	8	0
47e3c642-aa83-5014-8675-6561a6f37632	chr21	16400372	18163186	10	10	0
47e3c642-aa83-5014-8675-6561a6f37632	chr21	18163274	18543254	12	12	0
47e3c642-aa83-5014-8675-6561a6f37632	chr21	18544887	20021011	6	6	0
47e3c642-aa83-5014-8675-6561a6f37632	chr21	20024863	22278814	4	4	0
47e3c642-aa83-5014-8675-6561a6f37632	chr21	22283444	22294679	0	0	0
47e3c642-aa83-5014-8675-6561a6f37632	chr21	22294801	23872139	4	4	0
47e3c642-aa83-5014-8675-6561a6f37632	chr21	23872620	29936708	5	5	0
47e3c642-aa83-5014-8675-6561a6f37632	chr21	29940100	36319058	6	6	0
47e3c642-aa83-5014-8675-6561a6f37632	chr21	36319881	43370844	3	3	0
47e3c642-aa83-5014-8675-6561a6f37632	chr21	43371358	46677045	2	2	0
47e3c642-aa83-5014-8675-6561a6f37632	chr22	16392123	22923946	5	4	1
47e3c642-aa83-5014-8675-6561a6f37632	chr22	22925879	24451106	4	3	1
47e3c642-aa83-5014-8675-6561a6f37632	chr22	24456667	27680976	5	4	1
47e3c642-aa83-5014-8675-6561a6f37632	chr22	27682538	28299046	4	3	1
47e3c642-aa83-5014-8675-6561a6f37632	chr22	28308902	30222951	3	2	1
47e3c642-aa83-5014-8675-6561a6f37632	chr22	30224371	30584935	4	3	1
47e3c642-aa83-5014-8675-6561a6f37632	chr22	30589747	38890972	3	2	1
47e3c642-aa83-5014-8675-6561a6f37632	chr22	38891114	50796027	2	1	1
47e3c642-aa83-5014-8675-6561a6f37632	chrX	251810	455747	4	2	2
47e3c642-aa83-5014-8675-6561a6f37632	chrX	459561	1882751	5	3	2
47e3c642-aa83-5014-8675-6561a6f37632	chrX	1892047	2720458	4	2	2
47e3c642-aa83-5014-8675-6561a6f37632	chrX	2723161	2743052	7	4	3
47e3c642-aa83-5014-8675-6561a6f37632	chrX	2743811	2785350	5	3	2
47e3c642-aa83-5014-8675-6561a6f37632	chrX	2785592	28507975	2	2	0
47e3c642-aa83-5014-8675-6561a6f37632	chrX	28510413	38278159	1	1	0
47e3c642-aa83-5014-8675-6561a6f37632	chrX	38279960	79289098	2	2	0
47e3c642-aa83-5014-8675-6561a6f37632	chrX	79291360	79547482	1	1	0
47e3c642-aa83-5014-8675-6561a6f37632	chrX	79550068	142931714	2	2	0
47e3c642-aa83-5014-8675-6561a6f37632	chrX	142931769	143489243	1	1	0
47e3c642-aa83-5014-8675-6561a6f37632	chrX	143495621	154712659	2	2	0
47e3c642-aa83-5014-8675-6561a6f37632	chrX	154712956	156004181	1	1	0
47e3c642-aa83-5014-8675-6561a6f37632	chrY	2782397	5331900	2	2	0
47e3c642-aa83-5014-8675-6561a6f37632	chrY	5332261	26653788	4	3	1
47e3c642-aa83-5014-8675-6561a6f37632	chrY	56872112	56872112	0	0	0
