GDC_Aliquot	Chromosome	Start	End	Copy_Number	Major_Copy_Number	Minor_Copy_Number
38ad88b0-cbfd-5c85-a7ee-2508418a42bf	chr1	62920	62013206	2	1	1
38ad88b0-cbfd-5c85-a7ee-2508418a42bf	chr1	62016113	62433735	9	8	1
38ad88b0-cbfd-5c85-a7ee-2508418a42bf	chr1	62434457	63433790	12	11	1
38ad88b0-cbfd-5c85-a7ee-2508418a42bf	chr1	63435164	65237910	11	10	1
38ad88b0-cbfd-5c85-a7ee-2508418a42bf	chr1	65238527	68436309	10	9	1
38ad88b0-cbfd-5c85-a7ee-2508418a42bf	chr1	68436833	70195347	11	10	1
38ad88b0-cbfd-5c85-a7ee-2508418a42bf	chr1	70197218	75493291	9	8	1
38ad88b0-cbfd-5c85-a7ee-2508418a42bf	chr1	75493668	75594274	13	13	0
38ad88b0-cbfd-5c85-a7ee-2508418a42bf	chr1	75598372	88966732	9	8	1
38ad88b0-cbfd-5c85-a7ee-2508418a42bf	chr1	88969095	90540441	8	7	1
38ad88b0-cbfd-5c85-a7ee-2508418a42bf	chr1	90542054	92414954	7	6	1
38ad88b0-cbfd-5c85-a7ee-2508418a42bf	chr1	92417802	94536655	8	7	1
38ad88b0-cbfd-5c85-a7ee-2508418a42bf	chr1	94539549	95236828	7	6	1
38ad88b0-cbfd-5c85-a7ee-2508418a42bf	chr1	95237738	96479274	2	1	1
38ad88b0-cbfd-5c85-a7ee-2508418a42bf	chr1	96481690	96550286	7	4	3
38ad88b0-cbfd-5c85-a7ee-2508418a42bf	chr1	96553178	96777357	8	8	0
38ad88b0-cbfd-5c85-a7ee-2508418a42bf	chr1	96787385	103255522	2	1	1
38ad88b0-cbfd-5c85-a7ee-2508418a42bf	chr1	103255860	104376819	3	2	1
38ad88b0-cbfd-5c85-a7ee-2508418a42bf	chr1	104386671	121705338	1	1	0
38ad88b0-cbfd-5c85-a7ee-2508418a42bf	chr1	143541857	147177485	3	2	1
38ad88b0-cbfd-5c85-a7ee-2508418a42bf	chr1	147177505	152789532	2	1	1
38ad88b0-cbfd-5c85-a7ee-2508418a42bf	chr1	152789570	152795783	0	0	0
38ad88b0-cbfd-5c85-a7ee-2508418a42bf	chr1	152795805	179489513	2	1	1
38ad88b0-cbfd-5c85-a7ee-2508418a42bf	chr1	179490325	180288394	1	1	0
38ad88b0-cbfd-5c85-a7ee-2508418a42bf	chr1	180288557	204766620	2	1	1
38ad88b0-cbfd-5c85-a7ee-2508418a42bf	chr1	204768079	219352674	1	1	0
38ad88b0-cbfd-5c85-a7ee-2508418a42bf	chr1	219353165	219585623	4	4	0
38ad88b0-cbfd-5c85-a7ee-2508418a42bf	chr1	219586139	225487029	1	1	0
38ad88b0-cbfd-5c85-a7ee-2508418a42bf	chr1	225487301	225541135	2	2	0
38ad88b0-cbfd-5c85-a7ee-2508418a42bf	chr1	225544537	248930189	1	1	0
38ad88b0-cbfd-5c85-a7ee-2508418a42bf	chr2	12784	50189697	2	1	1
38ad88b0-cbfd-5c85-a7ee-2508418a42bf	chr2	50192373	50764971	1	1	0
38ad88b0-cbfd-5c85-a7ee-2508418a42bf	chr2	50765512	141067016	2	1	1
38ad88b0-cbfd-5c85-a7ee-2508418a42bf	chr2	141068363	141168302	1	1	0
38ad88b0-cbfd-5c85-a7ee-2508418a42bf	chr2	141171380	141233966	0	0	0
38ad88b0-cbfd-5c85-a7ee-2508418a42bf	chr2	141236896	141394277	1	1	0
38ad88b0-cbfd-5c85-a7ee-2508418a42bf	chr2	141397953	141442187	0	0	0
38ad88b0-cbfd-5c85-a7ee-2508418a42bf	chr2	141442755	154782372	2	1	1
38ad88b0-cbfd-5c85-a7ee-2508418a42bf	chr2	154783560	154827661	1	1	0
38ad88b0-cbfd-5c85-a7ee-2508418a42bf	chr2	154828566	236931066	2	1	1
38ad88b0-cbfd-5c85-a7ee-2508418a42bf	chr2	236931206	237504695	3	2	1
38ad88b0-cbfd-5c85-a7ee-2508418a42bf	chr2	237504957	237504957	2	1	1
38ad88b0-cbfd-5c85-a7ee-2508418a42bf	chr2	237505705	237557757	3	2	1
38ad88b0-cbfd-5c85-a7ee-2508418a42bf	chr2	237558757	242147305	2	1	1
38ad88b0-cbfd-5c85-a7ee-2508418a42bf	chr3	20930	12370228	1	1	0
38ad88b0-cbfd-5c85-a7ee-2508418a42bf	chr3	12370616	12511899	2	2	0
38ad88b0-cbfd-5c85-a7ee-2508418a42bf	chr3	12512434	22331257	1	1	0
38ad88b0-cbfd-5c85-a7ee-2508418a42bf	chr3	22339280	22420714	2	1	1
38ad88b0-cbfd-5c85-a7ee-2508418a42bf	chr3	22422235	28055249	3	2	1
38ad88b0-cbfd-5c85-a7ee-2508418a42bf	chr3	28065401	47136984	1	1	0
38ad88b0-cbfd-5c85-a7ee-2508418a42bf	chr3	47146978	47563078	2	2	0
38ad88b0-cbfd-5c85-a7ee-2508418a42bf	chr3	47567668	85636949	1	1	0
38ad88b0-cbfd-5c85-a7ee-2508418a42bf	chr3	85639445	85737918	0	0	0
38ad88b0-cbfd-5c85-a7ee-2508418a42bf	chr3	85740494	87315783	1	1	0
38ad88b0-cbfd-5c85-a7ee-2508418a42bf	chr3	87316577	87336066	0	0	0
38ad88b0-cbfd-5c85-a7ee-2508418a42bf	chr3	87336879	90369509	1	1	0
38ad88b0-cbfd-5c85-a7ee-2508418a42bf	chr3	90375879	116429768	2	1	1
38ad88b0-cbfd-5c85-a7ee-2508418a42bf	chr3	116429794	116605574	1	1	0
38ad88b0-cbfd-5c85-a7ee-2508418a42bf	chr3	116606035	117276200	0	0	0
38ad88b0-cbfd-5c85-a7ee-2508418a42bf	chr3	117276588	117373972	1	1	0
38ad88b0-cbfd-5c85-a7ee-2508418a42bf	chr3	117374487	132097508	2	1	1
38ad88b0-cbfd-5c85-a7ee-2508418a42bf	chr3	132108166	132159854	3	2	1
38ad88b0-cbfd-5c85-a7ee-2508418a42bf	chr3	132160155	146538094	2	1	1
38ad88b0-cbfd-5c85-a7ee-2508418a42bf	chr3	146538279	146591685	1	1	0
38ad88b0-cbfd-5c85-a7ee-2508418a42bf	chr3	146592934	157173313	2	1	1
38ad88b0-cbfd-5c85-a7ee-2508418a42bf	chr3	157177675	157377975	4	3	1
38ad88b0-cbfd-5c85-a7ee-2508418a42bf	chr3	157381189	189537446	2	1	1
38ad88b0-cbfd-5c85-a7ee-2508418a42bf	chr3	189539192	189694092	1	1	0
38ad88b0-cbfd-5c85-a7ee-2508418a42bf	chr3	189701892	189727512	3	2	1
38ad88b0-cbfd-5c85-a7ee-2508418a42bf	chr3	189728297	198169247	2	1	1
38ad88b0-cbfd-5c85-a7ee-2508418a42bf	chr4	68929	1124137	1	1	0
38ad88b0-cbfd-5c85-a7ee-2508418a42bf	chr4	1124955	18532221	2	1	1
38ad88b0-cbfd-5c85-a7ee-2508418a42bf	chr4	18534166	34777432	1	1	0
38ad88b0-cbfd-5c85-a7ee-2508418a42bf	chr4	34784878	34823103	0	0	0
38ad88b0-cbfd-5c85-a7ee-2508418a42bf	chr4	34828250	37479509	1	1	0
38ad88b0-cbfd-5c85-a7ee-2508418a42bf	chr4	37483651	142754291	2	1	1
38ad88b0-cbfd-5c85-a7ee-2508418a42bf	chr4	142755996	143036281	1	1	0
38ad88b0-cbfd-5c85-a7ee-2508418a42bf	chr4	143040642	153725842	2	1	1
38ad88b0-cbfd-5c85-a7ee-2508418a42bf	chr4	153726733	153745747	1	1	0
38ad88b0-cbfd-5c85-a7ee-2508418a42bf	chr4	153746435	188959946	2	1	1
38ad88b0-cbfd-5c85-a7ee-2508418a42bf	chr4	188963088	190106768	1	1	0
38ad88b0-cbfd-5c85-a7ee-2508418a42bf	chr5	15532	38381018	2	1	1
38ad88b0-cbfd-5c85-a7ee-2508418a42bf	chr5	38381104	38546771	3	2	1
38ad88b0-cbfd-5c85-a7ee-2508418a42bf	chr5	38547560	63048865	2	1	1
38ad88b0-cbfd-5c85-a7ee-2508418a42bf	chr5	63053319	63526175	3	2	1
38ad88b0-cbfd-5c85-a7ee-2508418a42bf	chr5	63527927	72447197	2	1	1
38ad88b0-cbfd-5c85-a7ee-2508418a42bf	chr5	72447495	72453098	1	1	0
38ad88b0-cbfd-5c85-a7ee-2508418a42bf	chr5	72453267	82492189	2	1	1
38ad88b0-cbfd-5c85-a7ee-2508418a42bf	chr5	82492205	82772665	3	2	1
38ad88b0-cbfd-5c85-a7ee-2508418a42bf	chr5	82779284	93054404	2	1	1
38ad88b0-cbfd-5c85-a7ee-2508418a42bf	chr5	93055331	93156180	1	1	0
38ad88b0-cbfd-5c85-a7ee-2508418a42bf	chr5	93156259	102740846	2	1	1
38ad88b0-cbfd-5c85-a7ee-2508418a42bf	chr5	102741426	102785673	3	2	1
38ad88b0-cbfd-5c85-a7ee-2508418a42bf	chr5	102786205	154484955	2	1	1
38ad88b0-cbfd-5c85-a7ee-2508418a42bf	chr5	154485372	154870617	3	2	1
38ad88b0-cbfd-5c85-a7ee-2508418a42bf	chr5	154872365	156035401	2	1	1
38ad88b0-cbfd-5c85-a7ee-2508418a42bf	chr5	156035761	156178422	3	2	1
38ad88b0-cbfd-5c85-a7ee-2508418a42bf	chr5	156178619	165080234	2	1	1
38ad88b0-cbfd-5c85-a7ee-2508418a42bf	chr5	165080252	165144552	0	0	0
38ad88b0-cbfd-5c85-a7ee-2508418a42bf	chr5	165149129	165267054	1	1	0
38ad88b0-cbfd-5c85-a7ee-2508418a42bf	chr5	165267504	165419772	0	0	0
38ad88b0-cbfd-5c85-a7ee-2508418a42bf	chr5	165419818	165837786	1	1	0
38ad88b0-cbfd-5c85-a7ee-2508418a42bf	chr5	165839078	166855462	0	0	0
38ad88b0-cbfd-5c85-a7ee-2508418a42bf	chr5	166857865	167235938	1	1	0
38ad88b0-cbfd-5c85-a7ee-2508418a42bf	chr5	167236992	181363319	2	1	1
38ad88b0-cbfd-5c85-a7ee-2508418a42bf	chr6	149661	271856	0	0	0
38ad88b0-cbfd-5c85-a7ee-2508418a42bf	chr6	277360	530765	1	1	0
38ad88b0-cbfd-5c85-a7ee-2508418a42bf	chr6	531112	7794717	2	1	1
38ad88b0-cbfd-5c85-a7ee-2508418a42bf	chr6	7794867	7841797	3	2	1
38ad88b0-cbfd-5c85-a7ee-2508418a42bf	chr6	7841888	25066618	2	1	1
38ad88b0-cbfd-5c85-a7ee-2508418a42bf	chr6	25070149	25334739	6	5	1
38ad88b0-cbfd-5c85-a7ee-2508418a42bf	chr6	25334893	26081057	10	9	1
38ad88b0-cbfd-5c85-a7ee-2508418a42bf	chr6	26085648	26393931	7	6	1
38ad88b0-cbfd-5c85-a7ee-2508418a42bf	chr6	26394092	32463370	10	9	1
38ad88b0-cbfd-5c85-a7ee-2508418a42bf	chr6	32463515	33274715	8	7	1
38ad88b0-cbfd-5c85-a7ee-2508418a42bf	chr6	33282699	36872510	3	2	1
38ad88b0-cbfd-5c85-a7ee-2508418a42bf	chr6	36877076	36989568	5	4	1
38ad88b0-cbfd-5c85-a7ee-2508418a42bf	chr6	36991217	37053537	3	2	1
38ad88b0-cbfd-5c85-a7ee-2508418a42bf	chr6	37055242	37348202	8	7	1
38ad88b0-cbfd-5c85-a7ee-2508418a42bf	chr6	37350162	37548836	5	4	1
38ad88b0-cbfd-5c85-a7ee-2508418a42bf	chr6	37550405	38165646	3	2	1
38ad88b0-cbfd-5c85-a7ee-2508418a42bf	chr6	38167505	38574012	4	3	1
38ad88b0-cbfd-5c85-a7ee-2508418a42bf	chr6	38574861	38781557	9	8	1
38ad88b0-cbfd-5c85-a7ee-2508418a42bf	chr6	38781993	40760865	4	3	1
38ad88b0-cbfd-5c85-a7ee-2508418a42bf	chr6	40763869	42089587	10	9	1
38ad88b0-cbfd-5c85-a7ee-2508418a42bf	chr6	42093995	49335087	9	8	1
38ad88b0-cbfd-5c85-a7ee-2508418a42bf	chr6	49336805	55230999	1	1	0
38ad88b0-cbfd-5c85-a7ee-2508418a42bf	chr6	55232365	61562762	2	1	1
38ad88b0-cbfd-5c85-a7ee-2508418a42bf	chr6	61563276	63798532	3	2	1
38ad88b0-cbfd-5c85-a7ee-2508418a42bf	chr6	63798902	79695138	2	1	1
38ad88b0-cbfd-5c85-a7ee-2508418a42bf	chr6	79699277	79789032	3	2	1
38ad88b0-cbfd-5c85-a7ee-2508418a42bf	chr6	79789230	80440361	2	1	1
38ad88b0-cbfd-5c85-a7ee-2508418a42bf	chr6	80440448	101311095	1	1	0
38ad88b0-cbfd-5c85-a7ee-2508418a42bf	chr6	101311967	101386834	0	0	0
38ad88b0-cbfd-5c85-a7ee-2508418a42bf	chr6	101390045	122130757	1	1	0
38ad88b0-cbfd-5c85-a7ee-2508418a42bf	chr6	122140293	122505077	3	3	0
38ad88b0-cbfd-5c85-a7ee-2508418a42bf	chr6	122510941	133545729	1	1	0
38ad88b0-cbfd-5c85-a7ee-2508418a42bf	chr6	133548479	133602418	2	2	0
38ad88b0-cbfd-5c85-a7ee-2508418a42bf	chr6	133602484	138119105	1	1	0
38ad88b0-cbfd-5c85-a7ee-2508418a42bf	chr6	138119659	140999074	2	1	1
38ad88b0-cbfd-5c85-a7ee-2508418a42bf	chr6	141003536	161966034	1	1	0
38ad88b0-cbfd-5c85-a7ee-2508418a42bf	chr6	161966472	162092494	2	2	0
38ad88b0-cbfd-5c85-a7ee-2508418a42bf	chr6	162092735	166691246	1	1	0
38ad88b0-cbfd-5c85-a7ee-2508418a42bf	chr6	166691673	168332684	3	2	1
38ad88b0-cbfd-5c85-a7ee-2508418a42bf	chr6	168332959	168966953	1	1	0
38ad88b0-cbfd-5c85-a7ee-2508418a42bf	chr6	168967655	169035538	3	2	1
38ad88b0-cbfd-5c85-a7ee-2508418a42bf	chr6	169035587	169871603	4	2	2
38ad88b0-cbfd-5c85-a7ee-2508418a42bf	chr6	170015097	170741917	2	2	0
38ad88b0-cbfd-5c85-a7ee-2508418a42bf	chr7	43259	83656	3	2	1
38ad88b0-cbfd-5c85-a7ee-2508418a42bf	chr7	83823	5491212	2	1	1
38ad88b0-cbfd-5c85-a7ee-2508418a42bf	chr7	5494526	5567033	3	2	1
38ad88b0-cbfd-5c85-a7ee-2508418a42bf	chr7	5569301	31362608	2	1	1
38ad88b0-cbfd-5c85-a7ee-2508418a42bf	chr7	31363387	31460965	1	1	0
38ad88b0-cbfd-5c85-a7ee-2508418a42bf	chr7	31461270	68786877	2	1	1
38ad88b0-cbfd-5c85-a7ee-2508418a42bf	chr7	68788938	68791900	1	1	0
38ad88b0-cbfd-5c85-a7ee-2508418a42bf	chr7	68797739	76508058	2	1	1
38ad88b0-cbfd-5c85-a7ee-2508418a42bf	chr7	76514308	77169757	3	2	1
38ad88b0-cbfd-5c85-a7ee-2508418a42bf	chr7	77170679	78437124	2	1	1
38ad88b0-cbfd-5c85-a7ee-2508418a42bf	chr7	78437167	78713863	1	1	0
38ad88b0-cbfd-5c85-a7ee-2508418a42bf	chr7	78719563	78745304	0	0	0
38ad88b0-cbfd-5c85-a7ee-2508418a42bf	chr7	78745750	94142932	2	1	1
38ad88b0-cbfd-5c85-a7ee-2508418a42bf	chr7	94147791	94552168	5	3	2
38ad88b0-cbfd-5c85-a7ee-2508418a42bf	chr7	94553061	107854213	2	1	1
38ad88b0-cbfd-5c85-a7ee-2508418a42bf	chr7	107854646	107857774	1	1	0
38ad88b0-cbfd-5c85-a7ee-2508418a42bf	chr7	107857797	155837387	2	1	1
38ad88b0-cbfd-5c85-a7ee-2508418a42bf	chr7	155838178	159334314	3	2	1
38ad88b0-cbfd-5c85-a7ee-2508418a42bf	chr8	81254	6291421	1	1	0
38ad88b0-cbfd-5c85-a7ee-2508418a42bf	chr8	6291496	23626539	2	1	1
38ad88b0-cbfd-5c85-a7ee-2508418a42bf	chr8	23628646	24891924	1	1	0
38ad88b0-cbfd-5c85-a7ee-2508418a42bf	chr8	24896667	113986561	2	1	1
38ad88b0-cbfd-5c85-a7ee-2508418a42bf	chr8	113989864	115881602	1	1	0
38ad88b0-cbfd-5c85-a7ee-2508418a42bf	chr8	115888184	140812499	2	1	1
38ad88b0-cbfd-5c85-a7ee-2508418a42bf	chr8	140815837	141222605	3	2	1
38ad88b0-cbfd-5c85-a7ee-2508418a42bf	chr8	141222779	144914153	2	1	1
38ad88b0-cbfd-5c85-a7ee-2508418a42bf	chr8	144917125	145072769	1	1	0
38ad88b0-cbfd-5c85-a7ee-2508418a42bf	chr9	46587	41741113	1	1	0
38ad88b0-cbfd-5c85-a7ee-2508418a42bf	chr9	60863881	68420787	3	2	1
38ad88b0-cbfd-5c85-a7ee-2508418a42bf	chr9	68421022	127791296	2	1	1
38ad88b0-cbfd-5c85-a7ee-2508418a42bf	chr9	127792719	138200944	1	1	0
38ad88b0-cbfd-5c85-a7ee-2508418a42bf	chr10	45792	33531428	1	1	0
38ad88b0-cbfd-5c85-a7ee-2508418a42bf	chr10	33533693	33582160	2	2	0
38ad88b0-cbfd-5c85-a7ee-2508418a42bf	chr10	33582545	45537995	1	1	0
38ad88b0-cbfd-5c85-a7ee-2508418a42bf	chr10	45541839	45590359	0	0	0
38ad88b0-cbfd-5c85-a7ee-2508418a42bf	chr10	45592444	114645792	1	1	0
38ad88b0-cbfd-5c85-a7ee-2508418a42bf	chr10	114650496	114734942	3	3	0
38ad88b0-cbfd-5c85-a7ee-2508418a42bf	chr10	114735075	129123889	1	1	0
38ad88b0-cbfd-5c85-a7ee-2508418a42bf	chr10	129123978	129645726	2	2	0
38ad88b0-cbfd-5c85-a7ee-2508418a42bf	chr10	129649879	133654968	1	1	0
38ad88b0-cbfd-5c85-a7ee-2508418a42bf	chr11	198510	1855487	2	1	1
38ad88b0-cbfd-5c85-a7ee-2508418a42bf	chr11	1860026	2113932	3	2	1
38ad88b0-cbfd-5c85-a7ee-2508418a42bf	chr11	2116909	35942470	2	1	1
38ad88b0-cbfd-5c85-a7ee-2508418a42bf	chr11	35943207	36320754	3	2	1
38ad88b0-cbfd-5c85-a7ee-2508418a42bf	chr11	36321466	65089504	2	1	1
38ad88b0-cbfd-5c85-a7ee-2508418a42bf	chr11	65089626	65443802	3	2	1
38ad88b0-cbfd-5c85-a7ee-2508418a42bf	chr11	65443921	79805388	2	1	1
38ad88b0-cbfd-5c85-a7ee-2508418a42bf	chr11	79806819	80046122	1	1	0
38ad88b0-cbfd-5c85-a7ee-2508418a42bf	chr11	80047624	80611196	0	0	0
38ad88b0-cbfd-5c85-a7ee-2508418a42bf	chr11	80615332	80752668	1	1	0
38ad88b0-cbfd-5c85-a7ee-2508418a42bf	chr11	80765032	82658085	2	1	1
38ad88b0-cbfd-5c85-a7ee-2508418a42bf	chr11	82658565	135074876	1	1	0
38ad88b0-cbfd-5c85-a7ee-2508418a42bf	chr12	51460	62572085	2	1	1
38ad88b0-cbfd-5c85-a7ee-2508418a42bf	chr12	62574790	63087651	3	2	1
38ad88b0-cbfd-5c85-a7ee-2508418a42bf	chr12	63090369	133201603	2	1	1
38ad88b0-cbfd-5c85-a7ee-2508418a42bf	chr13	18452809	18926606	2	2	0
38ad88b0-cbfd-5c85-a7ee-2508418a42bf	chr13	18937921	19060654	3	2	1
38ad88b0-cbfd-5c85-a7ee-2508418a42bf	chr13	19060750	26969264	2	1	1
38ad88b0-cbfd-5c85-a7ee-2508418a42bf	chr13	26969620	29243057	1	1	0
38ad88b0-cbfd-5c85-a7ee-2508418a42bf	chr13	29244374	31496562	3	2	1
38ad88b0-cbfd-5c85-a7ee-2508418a42bf	chr13	31500606	51482480	1	1	0
38ad88b0-cbfd-5c85-a7ee-2508418a42bf	chr13	51488486	51998117	3	2	1
38ad88b0-cbfd-5c85-a7ee-2508418a42bf	chr13	52006012	57793042	1	1	0
38ad88b0-cbfd-5c85-a7ee-2508418a42bf	chr13	57805317	57979703	3	2	1
38ad88b0-cbfd-5c85-a7ee-2508418a42bf	chr13	57980267	60008621	1	1	0
38ad88b0-cbfd-5c85-a7ee-2508418a42bf	chr13	60011202	62231916	3	2	1
38ad88b0-cbfd-5c85-a7ee-2508418a42bf	chr13	62232624	112624051	1	1	0
38ad88b0-cbfd-5c85-a7ee-2508418a42bf	chr13	112624279	114342922	2	2	0
38ad88b0-cbfd-5c85-a7ee-2508418a42bf	chr14	18239283	20015468	3	2	1
38ad88b0-cbfd-5c85-a7ee-2508418a42bf	chr14	20015714	79162814	2	1	1
38ad88b0-cbfd-5c85-a7ee-2508418a42bf	chr14	79166479	79443776	1	1	0
38ad88b0-cbfd-5c85-a7ee-2508418a42bf	chr14	79444513	99669705	2	1	1
38ad88b0-cbfd-5c85-a7ee-2508418a42bf	chr14	99671259	99764509	3	2	1
38ad88b0-cbfd-5c85-a7ee-2508418a42bf	chr14	99765348	106378645	2	1	1
38ad88b0-cbfd-5c85-a7ee-2508418a42bf	chr14	106378929	106877229	1	1	0
38ad88b0-cbfd-5c85-a7ee-2508418a42bf	chr15	19811075	25430453	1	1	0
38ad88b0-cbfd-5c85-a7ee-2508418a42bf	chr15	25431320	39244913	2	1	1
38ad88b0-cbfd-5c85-a7ee-2508418a42bf	chr15	39245547	39294804	4	3	1
38ad88b0-cbfd-5c85-a7ee-2508418a42bf	chr15	39294920	45943633	2	1	1
38ad88b0-cbfd-5c85-a7ee-2508418a42bf	chr15	45943946	45950067	1	1	0
38ad88b0-cbfd-5c85-a7ee-2508418a42bf	chr15	45950082	61321646	2	1	1
38ad88b0-cbfd-5c85-a7ee-2508418a42bf	chr15	61321822	61324282	1	1	0
38ad88b0-cbfd-5c85-a7ee-2508418a42bf	chr15	61324299	63565547	2	1	1
38ad88b0-cbfd-5c85-a7ee-2508418a42bf	chr15	63574159	64207949	3	2	1
38ad88b0-cbfd-5c85-a7ee-2508418a42bf	chr15	64209337	72865645	2	1	1
38ad88b0-cbfd-5c85-a7ee-2508418a42bf	chr15	72865817	72928037	3	2	1
38ad88b0-cbfd-5c85-a7ee-2508418a42bf	chr15	72932439	77795458	2	1	1
38ad88b0-cbfd-5c85-a7ee-2508418a42bf	chr15	77795643	78139754	3	2	1
38ad88b0-cbfd-5c85-a7ee-2508418a42bf	chr15	78142257	101928837	2	1	1
38ad88b0-cbfd-5c85-a7ee-2508418a42bf	chr16	10777	30716323	2	1	1
38ad88b0-cbfd-5c85-a7ee-2508418a42bf	chr16	30716844	36048855	1	1	0
38ad88b0-cbfd-5c85-a7ee-2508418a42bf	chr16	46441986	54281458	2	1	1
38ad88b0-cbfd-5c85-a7ee-2508418a42bf	chr16	54294088	54486814	3	2	1
38ad88b0-cbfd-5c85-a7ee-2508418a42bf	chr16	54486869	72945164	2	1	1
38ad88b0-cbfd-5c85-a7ee-2508418a42bf	chr16	72945475	73213076	1	1	0
38ad88b0-cbfd-5c85-a7ee-2508418a42bf	chr16	73213588	73668788	2	1	1
38ad88b0-cbfd-5c85-a7ee-2508418a42bf	chr16	73670372	73707316	1	1	0
38ad88b0-cbfd-5c85-a7ee-2508418a42bf	chr16	73710300	77402386	2	1	1
38ad88b0-cbfd-5c85-a7ee-2508418a42bf	chr16	77403024	77847934	3	2	1
38ad88b0-cbfd-5c85-a7ee-2508418a42bf	chr16	77848068	82830704	2	1	1
38ad88b0-cbfd-5c85-a7ee-2508418a42bf	chr16	82830861	82835664	1	1	0
38ad88b0-cbfd-5c85-a7ee-2508418a42bf	chr16	82835697	90096867	2	1	1
38ad88b0-cbfd-5c85-a7ee-2508418a42bf	chr17	150733	7679695	1	1	0
38ad88b0-cbfd-5c85-a7ee-2508418a42bf	chr17	7679765	8119090	4	4	0
38ad88b0-cbfd-5c85-a7ee-2508418a42bf	chr17	8120732	10319903	6	6	0
38ad88b0-cbfd-5c85-a7ee-2508418a42bf	chr17	10322963	14638823	8	7	1
38ad88b0-cbfd-5c85-a7ee-2508418a42bf	chr17	14639147	15398883	9	8	1
38ad88b0-cbfd-5c85-a7ee-2508418a42bf	chr17	15404850	17244311	7	6	1
38ad88b0-cbfd-5c85-a7ee-2508418a42bf	chr17	17247827	17311595	16	13	3
38ad88b0-cbfd-5c85-a7ee-2508418a42bf	chr17	17311806	17410555	11	9	2
38ad88b0-cbfd-5c85-a7ee-2508418a42bf	chr17	17410924	17448567	14	13	1
38ad88b0-cbfd-5c85-a7ee-2508418a42bf	chr17	17449027	21127756	9	8	1
38ad88b0-cbfd-5c85-a7ee-2508418a42bf	chr17	21128012	21504194	7	6	1
38ad88b0-cbfd-5c85-a7ee-2508418a42bf	chr17	21504469	26990128	1	1	0
38ad88b0-cbfd-5c85-a7ee-2508418a42bf	chr17	26999934	47942964	2	1	1
38ad88b0-cbfd-5c85-a7ee-2508418a42bf	chr17	47943312	83091923	3	2	1
38ad88b0-cbfd-5c85-a7ee-2508418a42bf	chr18	48133	1516079	1	1	0
38ad88b0-cbfd-5c85-a7ee-2508418a42bf	chr18	1523227	48367777	2	1	1
38ad88b0-cbfd-5c85-a7ee-2508418a42bf	chr18	48369200	48517251	3	2	1
38ad88b0-cbfd-5c85-a7ee-2508418a42bf	chr18	48522886	48957384	2	1	1
38ad88b0-cbfd-5c85-a7ee-2508418a42bf	chr18	48962883	49072869	3	2	1
38ad88b0-cbfd-5c85-a7ee-2508418a42bf	chr18	49076594	68308585	2	1	1
38ad88b0-cbfd-5c85-a7ee-2508418a42bf	chr18	68310876	68425252	1	1	0
38ad88b0-cbfd-5c85-a7ee-2508418a42bf	chr18	68428473	80257174	2	1	1
38ad88b0-cbfd-5c85-a7ee-2508418a42bf	chr19	90910	3542985	2	2	0
38ad88b0-cbfd-5c85-a7ee-2508418a42bf	chr19	3554785	13832321	3	2	1
38ad88b0-cbfd-5c85-a7ee-2508418a42bf	chr19	13836478	20803509	1	1	0
38ad88b0-cbfd-5c85-a7ee-2508418a42bf	chr19	20814054	20921698	3	2	1
38ad88b0-cbfd-5c85-a7ee-2508418a42bf	chr19	20927175	21167907	4	3	1
38ad88b0-cbfd-5c85-a7ee-2508418a42bf	chr19	21171023	27348002	1	1	0
38ad88b0-cbfd-5c85-a7ee-2508418a42bf	chr19	27372681	27791420	11	11	0
38ad88b0-cbfd-5c85-a7ee-2508418a42bf	chr19	27792190	31521415	7	7	0
38ad88b0-cbfd-5c85-a7ee-2508418a42bf	chr19	31524632	32200602	2	2	0
38ad88b0-cbfd-5c85-a7ee-2508418a42bf	chr19	32201425	33169791	7	7	0
38ad88b0-cbfd-5c85-a7ee-2508418a42bf	chr19	33170482	37835294	2	2	0
38ad88b0-cbfd-5c85-a7ee-2508418a42bf	chr19	37844244	41332363	3	2	1
38ad88b0-cbfd-5c85-a7ee-2508418a42bf	chr19	41332592	58586487	1	1	0
38ad88b0-cbfd-5c85-a7ee-2508418a42bf	chr20	80664	4697058	2	1	1
38ad88b0-cbfd-5c85-a7ee-2508418a42bf	chr20	4698873	4898335	3	2	1
38ad88b0-cbfd-5c85-a7ee-2508418a42bf	chr20	4898651	46658094	2	1	1
38ad88b0-cbfd-5c85-a7ee-2508418a42bf	chr20	46660224	47041450	3	2	1
38ad88b0-cbfd-5c85-a7ee-2508418a42bf	chr20	47043573	50001908	2	1	1
38ad88b0-cbfd-5c85-a7ee-2508418a42bf	chr20	50003195	64144782	3	2	1
38ad88b0-cbfd-5c85-a7ee-2508418a42bf	chr20	64144933	64324800	1	1	0
38ad88b0-cbfd-5c85-a7ee-2508418a42bf	chr21	12973348	14081771	3	2	1
38ad88b0-cbfd-5c85-a7ee-2508418a42bf	chr21	14083748	38010056	2	1	1
38ad88b0-cbfd-5c85-a7ee-2508418a42bf	chr21	38012433	38151798	3	2	1
38ad88b0-cbfd-5c85-a7ee-2508418a42bf	chr21	38154337	38302530	2	1	1
38ad88b0-cbfd-5c85-a7ee-2508418a42bf	chr21	38307048	38384506	3	2	1
38ad88b0-cbfd-5c85-a7ee-2508418a42bf	chr21	38384935	46677045	2	1	1
38ad88b0-cbfd-5c85-a7ee-2508418a42bf	chr22	16392123	16776308	3	2	1
38ad88b0-cbfd-5c85-a7ee-2508418a42bf	chr22	16777311	24225440	2	1	1
38ad88b0-cbfd-5c85-a7ee-2508418a42bf	chr22	24234125	24720080	3	2	1
38ad88b0-cbfd-5c85-a7ee-2508418a42bf	chr22	24734344	27904103	2	1	1
38ad88b0-cbfd-5c85-a7ee-2508418a42bf	chr22	27905024	28709539	1	1	0
38ad88b0-cbfd-5c85-a7ee-2508418a42bf	chr22	28709570	28991382	2	2	0
38ad88b0-cbfd-5c85-a7ee-2508418a42bf	chr22	28991461	32804971	1	1	0
38ad88b0-cbfd-5c85-a7ee-2508418a42bf	chr22	32806492	32884218	5	4	1
38ad88b0-cbfd-5c85-a7ee-2508418a42bf	chr22	32887411	50796027	1	1	0
38ad88b0-cbfd-5c85-a7ee-2508418a42bf	chrX	251810	1584673	2	1	1
38ad88b0-cbfd-5c85-a7ee-2508418a42bf	chrX	1629688	58450101	3	2	1
38ad88b0-cbfd-5c85-a7ee-2508418a42bf	chrX	58454123	155736972	2	1	1
38ad88b0-cbfd-5c85-a7ee-2508418a42bf	chrX	155742855	156004181	1	1	0
38ad88b0-cbfd-5c85-a7ee-2508418a42bf	chrY	2782397	26653788	0	0	0
38ad88b0-cbfd-5c85-a7ee-2508418a42bf	chrY	56872112	56872112	3	3	0
