GDC_Aliquot	Chromosome	Start	End	Copy_Number	Major_Copy_Number	Minor_Copy_Number
e8f4c3fd-d731-5996-9ccc-34edf2fdb26c	chr1	62920	21315975	5	3	2
e8f4c3fd-d731-5996-9ccc-34edf2fdb26c	chr1	21317252	23911141	6	3	3
e8f4c3fd-d731-5996-9ccc-34edf2fdb26c	chr1	23912588	27432698	9	6	3
e8f4c3fd-d731-5996-9ccc-34edf2fdb26c	chr1	27435843	38581747	6	3	3
e8f4c3fd-d731-5996-9ccc-34edf2fdb26c	chr1	38583053	53543910	5	3	2
e8f4c3fd-d731-5996-9ccc-34edf2fdb26c	chr1	53545153	68369783	7	4	3
e8f4c3fd-d731-5996-9ccc-34edf2fdb26c	chr1	68370498	80926946	8	5	3
e8f4c3fd-d731-5996-9ccc-34edf2fdb26c	chr1	80927026	81052610	9	5	4
e8f4c3fd-d731-5996-9ccc-34edf2fdb26c	chr1	81053097	83853330	8	5	3
e8f4c3fd-d731-5996-9ccc-34edf2fdb26c	chr1	83853753	93474533	7	4	3
e8f4c3fd-d731-5996-9ccc-34edf2fdb26c	chr1	93476885	101678996	8	5	3
e8f4c3fd-d731-5996-9ccc-34edf2fdb26c	chr1	101679158	107434757	9	6	3
e8f4c3fd-d731-5996-9ccc-34edf2fdb26c	chr1	107437401	109576837	8	5	3
e8f4c3fd-d731-5996-9ccc-34edf2fdb26c	chr1	109576863	111475873	7	5	2
e8f4c3fd-d731-5996-9ccc-34edf2fdb26c	chr1	111476537	111952223	7	4	3
e8f4c3fd-d731-5996-9ccc-34edf2fdb26c	chr1	111955120	121705338	5	3	2
e8f4c3fd-d731-5996-9ccc-34edf2fdb26c	chr1	143541857	161866163	3	2	1
e8f4c3fd-d731-5996-9ccc-34edf2fdb26c	chr1	161870754	161921766	2	1	1
e8f4c3fd-d731-5996-9ccc-34edf2fdb26c	chr1	161924302	209309472	3	2	1
e8f4c3fd-d731-5996-9ccc-34edf2fdb26c	chr1	209309639	236638477	2	1	1
e8f4c3fd-d731-5996-9ccc-34edf2fdb26c	chr1	236638518	248930189	3	2	1
e8f4c3fd-d731-5996-9ccc-34edf2fdb26c	chr2	12784	11006386	3	2	1
e8f4c3fd-d731-5996-9ccc-34edf2fdb26c	chr2	11006556	46686587	4	2	2
e8f4c3fd-d731-5996-9ccc-34edf2fdb26c	chr2	46691526	46783313	3	2	1
e8f4c3fd-d731-5996-9ccc-34edf2fdb26c	chr2	46784349	63643645	4	2	2
e8f4c3fd-d731-5996-9ccc-34edf2fdb26c	chr2	63643825	64530529	3	2	1
e8f4c3fd-d731-5996-9ccc-34edf2fdb26c	chr2	64531276	88812836	4	2	2
e8f4c3fd-d731-5996-9ccc-34edf2fdb26c	chr2	88813284	94788342	7	4	3
e8f4c3fd-d731-5996-9ccc-34edf2fdb26c	chr2	94793909	96892788	4	3	1
e8f4c3fd-d731-5996-9ccc-34edf2fdb26c	chr2	96895176	103486818	3	3	0
e8f4c3fd-d731-5996-9ccc-34edf2fdb26c	chr2	103487422	104787291	4	3	1
e8f4c3fd-d731-5996-9ccc-34edf2fdb26c	chr2	104787386	106849922	3	3	0
e8f4c3fd-d731-5996-9ccc-34edf2fdb26c	chr2	106850920	107995735	4	3	1
e8f4c3fd-d731-5996-9ccc-34edf2fdb26c	chr2	108002058	111638355	3	3	0
e8f4c3fd-d731-5996-9ccc-34edf2fdb26c	chr2	111638478	112641587	4	3	1
e8f4c3fd-d731-5996-9ccc-34edf2fdb26c	chr2	112641916	119293573	3	3	0
e8f4c3fd-d731-5996-9ccc-34edf2fdb26c	chr2	119294121	119525709	2	2	0
e8f4c3fd-d731-5996-9ccc-34edf2fdb26c	chr2	119527901	128882741	3	3	0
e8f4c3fd-d731-5996-9ccc-34edf2fdb26c	chr2	128882755	133244049	4	4	0
e8f4c3fd-d731-5996-9ccc-34edf2fdb26c	chr2	133246182	136136197	2	2	0
e8f4c3fd-d731-5996-9ccc-34edf2fdb26c	chr2	136143943	136205924	4	4	0
e8f4c3fd-d731-5996-9ccc-34edf2fdb26c	chr2	136206224	136843143	2	2	0
e8f4c3fd-d731-5996-9ccc-34edf2fdb26c	chr2	136843295	137035179	4	3	1
e8f4c3fd-d731-5996-9ccc-34edf2fdb26c	chr2	137035965	139822616	2	2	0
e8f4c3fd-d731-5996-9ccc-34edf2fdb26c	chr2	139822666	140270088	3	3	0
e8f4c3fd-d731-5996-9ccc-34edf2fdb26c	chr2	140272945	143685264	3	2	1
e8f4c3fd-d731-5996-9ccc-34edf2fdb26c	chr2	143688343	145751722	2	2	0
e8f4c3fd-d731-5996-9ccc-34edf2fdb26c	chr2	145752613	146682530	3	3	0
e8f4c3fd-d731-5996-9ccc-34edf2fdb26c	chr2	146682642	154907048	2	2	0
e8f4c3fd-d731-5996-9ccc-34edf2fdb26c	chr2	154907893	159108648	3	2	1
e8f4c3fd-d731-5996-9ccc-34edf2fdb26c	chr2	159109536	199118797	2	2	0
e8f4c3fd-d731-5996-9ccc-34edf2fdb26c	chr2	199121198	199429201	1	1	0
e8f4c3fd-d731-5996-9ccc-34edf2fdb26c	chr2	199435777	239780504	2	2	0
e8f4c3fd-d731-5996-9ccc-34edf2fdb26c	chr2	239780614	242147305	1	1	0
e8f4c3fd-d731-5996-9ccc-34edf2fdb26c	chr3	20930	2659681	4	2	2
e8f4c3fd-d731-5996-9ccc-34edf2fdb26c	chr3	2660353	19814263	3	2	1
e8f4c3fd-d731-5996-9ccc-34edf2fdb26c	chr3	19814466	28760397	4	2	2
e8f4c3fd-d731-5996-9ccc-34edf2fdb26c	chr3	28761603	28774591	1	1	0
e8f4c3fd-d731-5996-9ccc-34edf2fdb26c	chr3	28774617	28779939	4	4	0
e8f4c3fd-d731-5996-9ccc-34edf2fdb26c	chr3	28780621	29307594	2	2	0
e8f4c3fd-d731-5996-9ccc-34edf2fdb26c	chr3	29307805	45449880	4	2	2
e8f4c3fd-d731-5996-9ccc-34edf2fdb26c	chr3	45453836	53736561	3	2	1
e8f4c3fd-d731-5996-9ccc-34edf2fdb26c	chr3	53737887	60333070	4	2	2
e8f4c3fd-d731-5996-9ccc-34edf2fdb26c	chr3	60335540	60494194	2	2	0
e8f4c3fd-d731-5996-9ccc-34edf2fdb26c	chr3	60497219	60587031	0	0	0
e8f4c3fd-d731-5996-9ccc-34edf2fdb26c	chr3	60588036	76660984	4	2	2
e8f4c3fd-d731-5996-9ccc-34edf2fdb26c	chr3	76669721	76679236	2	1	1
e8f4c3fd-d731-5996-9ccc-34edf2fdb26c	chr3	76679537	76886053	2	2	0
e8f4c3fd-d731-5996-9ccc-34edf2fdb26c	chr3	76893366	85289069	4	2	2
e8f4c3fd-d731-5996-9ccc-34edf2fdb26c	chr3	85289204	85771266	1	1	0
e8f4c3fd-d731-5996-9ccc-34edf2fdb26c	chr3	85771712	93800634	4	2	2
e8f4c3fd-d731-5996-9ccc-34edf2fdb26c	chr3	93801172	96156707	6	3	3
e8f4c3fd-d731-5996-9ccc-34edf2fdb26c	chr3	96163416	98067184	3	2	1
e8f4c3fd-d731-5996-9ccc-34edf2fdb26c	chr3	98067359	98072466	1	1	0
e8f4c3fd-d731-5996-9ccc-34edf2fdb26c	chr3	98081307	116967652	3	2	1
e8f4c3fd-d731-5996-9ccc-34edf2fdb26c	chr3	116968369	117100898	2	2	0
e8f4c3fd-d731-5996-9ccc-34edf2fdb26c	chr3	117101741	117350973	0	0	0
e8f4c3fd-d731-5996-9ccc-34edf2fdb26c	chr3	117351137	117421495	2	2	0
e8f4c3fd-d731-5996-9ccc-34edf2fdb26c	chr3	117427087	162790480	3	2	1
e8f4c3fd-d731-5996-9ccc-34edf2fdb26c	chr3	162794869	162908784	10	10	0
e8f4c3fd-d731-5996-9ccc-34edf2fdb26c	chr3	162908815	174978814	3	2	1
e8f4c3fd-d731-5996-9ccc-34edf2fdb26c	chr3	174980169	175003061	0	0	0
e8f4c3fd-d731-5996-9ccc-34edf2fdb26c	chr3	175004104	175154111	2	2	0
e8f4c3fd-d731-5996-9ccc-34edf2fdb26c	chr3	175163075	175199339	0	0	0
e8f4c3fd-d731-5996-9ccc-34edf2fdb26c	chr3	175199450	198169247	3	2	1
e8f4c3fd-d731-5996-9ccc-34edf2fdb26c	chr4	68929	4497222	3	2	1
e8f4c3fd-d731-5996-9ccc-34edf2fdb26c	chr4	4497293	11838339	4	2	2
e8f4c3fd-d731-5996-9ccc-34edf2fdb26c	chr4	11839092	11845404	2	1	1
e8f4c3fd-d731-5996-9ccc-34edf2fdb26c	chr4	11846511	19613566	4	2	2
e8f4c3fd-d731-5996-9ccc-34edf2fdb26c	chr4	19613909	21071563	5	3	2
e8f4c3fd-d731-5996-9ccc-34edf2fdb26c	chr4	21076383	49007137	4	2	2
e8f4c3fd-d731-5996-9ccc-34edf2fdb26c	chr4	49011569	57515378	5	3	2
e8f4c3fd-d731-5996-9ccc-34edf2fdb26c	chr4	57521303	62443207	4	3	1
e8f4c3fd-d731-5996-9ccc-34edf2fdb26c	chr4	62443449	85002244	3	2	1
e8f4c3fd-d731-5996-9ccc-34edf2fdb26c	chr4	85003782	85436668	2	1	1
e8f4c3fd-d731-5996-9ccc-34edf2fdb26c	chr4	85437468	85548903	1	1	0
e8f4c3fd-d731-5996-9ccc-34edf2fdb26c	chr4	85548961	85772600	2	2	0
e8f4c3fd-d731-5996-9ccc-34edf2fdb26c	chr4	85772779	108242208	3	2	1
e8f4c3fd-d731-5996-9ccc-34edf2fdb26c	chr4	108242636	130083227	2	2	0
e8f4c3fd-d731-5996-9ccc-34edf2fdb26c	chr4	130083554	131516360	4	3	1
e8f4c3fd-d731-5996-9ccc-34edf2fdb26c	chr4	131526519	134949353	2	2	0
e8f4c3fd-d731-5996-9ccc-34edf2fdb26c	chr4	134957274	135128451	4	3	1
e8f4c3fd-d731-5996-9ccc-34edf2fdb26c	chr4	135128811	180330159	2	2	0
e8f4c3fd-d731-5996-9ccc-34edf2fdb26c	chr4	180333347	185798403	1	1	0
e8f4c3fd-d731-5996-9ccc-34edf2fdb26c	chr4	185799081	186193766	3	2	1
e8f4c3fd-d731-5996-9ccc-34edf2fdb26c	chr4	186193893	186956082	1	1	0
e8f4c3fd-d731-5996-9ccc-34edf2fdb26c	chr4	186956234	188361311	3	2	1
e8f4c3fd-d731-5996-9ccc-34edf2fdb26c	chr4	188367042	190106768	2	2	0
e8f4c3fd-d731-5996-9ccc-34edf2fdb26c	chr5	15532	642617	2	1	1
e8f4c3fd-d731-5996-9ccc-34edf2fdb26c	chr5	642714	1749100	3	2	1
e8f4c3fd-d731-5996-9ccc-34edf2fdb26c	chr5	1763546	3902391	4	2	2
e8f4c3fd-d731-5996-9ccc-34edf2fdb26c	chr5	3903190	4661056	3	2	1
e8f4c3fd-d731-5996-9ccc-34edf2fdb26c	chr5	4662408	5605717	5	3	2
e8f4c3fd-d731-5996-9ccc-34edf2fdb26c	chr5	5605739	5641233	6	3	3
e8f4c3fd-d731-5996-9ccc-34edf2fdb26c	chr5	5641511	6817596	3	2	1
e8f4c3fd-d731-5996-9ccc-34edf2fdb26c	chr5	6818019	22438106	5	3	2
e8f4c3fd-d731-5996-9ccc-34edf2fdb26c	chr5	22443956	23602039	6	4	2
e8f4c3fd-d731-5996-9ccc-34edf2fdb26c	chr5	23603220	26007881	5	3	2
e8f4c3fd-d731-5996-9ccc-34edf2fdb26c	chr5	26008790	29501723	6	4	2
e8f4c3fd-d731-5996-9ccc-34edf2fdb26c	chr5	29501878	46389171	4	2	2
e8f4c3fd-d731-5996-9ccc-34edf2fdb26c	chr5	50146124	51408735	3	2	1
e8f4c3fd-d731-5996-9ccc-34edf2fdb26c	chr5	51409200	52058519	4	2	2
e8f4c3fd-d731-5996-9ccc-34edf2fdb26c	chr5	52065317	81452788	3	2	1
e8f4c3fd-d731-5996-9ccc-34edf2fdb26c	chr5	81458615	81608011	2	1	1
e8f4c3fd-d731-5996-9ccc-34edf2fdb26c	chr5	81608323	102485677	3	2	1
e8f4c3fd-d731-5996-9ccc-34edf2fdb26c	chr5	102487623	105113518	1	1	0
e8f4c3fd-d731-5996-9ccc-34edf2fdb26c	chr5	105122646	105252752	3	2	1
e8f4c3fd-d731-5996-9ccc-34edf2fdb26c	chr5	105253580	111066243	1	1	0
e8f4c3fd-d731-5996-9ccc-34edf2fdb26c	chr5	111067648	111126824	3	2	1
e8f4c3fd-d731-5996-9ccc-34edf2fdb26c	chr5	111127221	117195524	1	1	0
e8f4c3fd-d731-5996-9ccc-34edf2fdb26c	chr5	117196149	120264158	3	2	1
e8f4c3fd-d731-5996-9ccc-34edf2fdb26c	chr5	120271375	122201197	2	2	0
e8f4c3fd-d731-5996-9ccc-34edf2fdb26c	chr5	122202985	123616302	3	2	1
e8f4c3fd-d731-5996-9ccc-34edf2fdb26c	chr5	123621470	123927448	1	1	0
e8f4c3fd-d731-5996-9ccc-34edf2fdb26c	chr5	123927755	125496848	3	2	1
e8f4c3fd-d731-5996-9ccc-34edf2fdb26c	chr5	125496989	126779141	1	1	0
e8f4c3fd-d731-5996-9ccc-34edf2fdb26c	chr5	126779500	128576241	3	2	1
e8f4c3fd-d731-5996-9ccc-34edf2fdb26c	chr5	128576262	134522017	2	1	1
e8f4c3fd-d731-5996-9ccc-34edf2fdb26c	chr5	134528909	135449067	1	1	0
e8f4c3fd-d731-5996-9ccc-34edf2fdb26c	chr5	135450275	135499683	3	2	1
e8f4c3fd-d731-5996-9ccc-34edf2fdb26c	chr5	135500388	135792346	1	1	0
e8f4c3fd-d731-5996-9ccc-34edf2fdb26c	chr5	135804128	135875106	3	2	1
e8f4c3fd-d731-5996-9ccc-34edf2fdb26c	chr5	135878381	136024084	2	2	0
e8f4c3fd-d731-5996-9ccc-34edf2fdb26c	chr5	136027160	140893173	2	1	1
e8f4c3fd-d731-5996-9ccc-34edf2fdb26c	chr5	140896435	149201671	3	2	1
e8f4c3fd-d731-5996-9ccc-34edf2fdb26c	chr5	149204552	152153812	2	1	1
e8f4c3fd-d731-5996-9ccc-34edf2fdb26c	chr5	152154698	152237931	4	2	2
e8f4c3fd-d731-5996-9ccc-34edf2fdb26c	chr5	152237973	165194642	3	2	1
e8f4c3fd-d731-5996-9ccc-34edf2fdb26c	chr5	165200297	165329103	1	1	0
e8f4c3fd-d731-5996-9ccc-34edf2fdb26c	chr5	165329613	165939426	0	0	0
e8f4c3fd-d731-5996-9ccc-34edf2fdb26c	chr5	165940226	181363319	1	1	0
e8f4c3fd-d731-5996-9ccc-34edf2fdb26c	chr6	149661	241344	4	2	2
e8f4c3fd-d731-5996-9ccc-34edf2fdb26c	chr6	245187	381149	3	2	1
e8f4c3fd-d731-5996-9ccc-34edf2fdb26c	chr6	382559	3306505	5	3	2
e8f4c3fd-d731-5996-9ccc-34edf2fdb26c	chr6	3306994	3319637	3	2	1
e8f4c3fd-d731-5996-9ccc-34edf2fdb26c	chr6	3319917	17066915	4	2	2
e8f4c3fd-d731-5996-9ccc-34edf2fdb26c	chr6	17067587	23973144	5	3	2
e8f4c3fd-d731-5996-9ccc-34edf2fdb26c	chr6	23973290	38712626	4	2	2
e8f4c3fd-d731-5996-9ccc-34edf2fdb26c	chr6	38713167	41069031	5	3	2
e8f4c3fd-d731-5996-9ccc-34edf2fdb26c	chr6	41069249	44534136	4	2	2
e8f4c3fd-d731-5996-9ccc-34edf2fdb26c	chr6	44534618	60351931	5	3	2
e8f4c3fd-d731-5996-9ccc-34edf2fdb26c	chr6	60352984	61530738	6	3	3
e8f4c3fd-d731-5996-9ccc-34edf2fdb26c	chr6	61530850	78253172	3	2	1
e8f4c3fd-d731-5996-9ccc-34edf2fdb26c	chr6	78259348	78325468	0	0	0
e8f4c3fd-d731-5996-9ccc-34edf2fdb26c	chr6	78329517	101015444	3	2	1
e8f4c3fd-d731-5996-9ccc-34edf2fdb26c	chr6	101016149	101479172	2	2	0
e8f4c3fd-d731-5996-9ccc-34edf2fdb26c	chr6	101479425	103286954	4	3	1
e8f4c3fd-d731-5996-9ccc-34edf2fdb26c	chr6	103290101	103323069	1	1	0
e8f4c3fd-d731-5996-9ccc-34edf2fdb26c	chr6	103326915	161984960	3	2	1
e8f4c3fd-d731-5996-9ccc-34edf2fdb26c	chr6	161985925	163066448	2	2	0
e8f4c3fd-d731-5996-9ccc-34edf2fdb26c	chr6	163066653	163109393	1	1	0
e8f4c3fd-d731-5996-9ccc-34edf2fdb26c	chr6	163109475	170741917	2	2	0
e8f4c3fd-d731-5996-9ccc-34edf2fdb26c	chr7	43259	7533774	5	3	2
e8f4c3fd-d731-5996-9ccc-34edf2fdb26c	chr7	7537190	7828079	4	2	2
e8f4c3fd-d731-5996-9ccc-34edf2fdb26c	chr7	7828099	10836267	6	4	2
e8f4c3fd-d731-5996-9ccc-34edf2fdb26c	chr7	10836566	14213804	5	3	2
e8f4c3fd-d731-5996-9ccc-34edf2fdb26c	chr7	14214150	14592928	7	5	2
e8f4c3fd-d731-5996-9ccc-34edf2fdb26c	chr7	14594975	15132787	5	3	2
e8f4c3fd-d731-5996-9ccc-34edf2fdb26c	chr7	15132838	15171470	7	5	2
e8f4c3fd-d731-5996-9ccc-34edf2fdb26c	chr7	15173752	16830567	5	3	2
e8f4c3fd-d731-5996-9ccc-34edf2fdb26c	chr7	16830875	17841539	6	4	2
e8f4c3fd-d731-5996-9ccc-34edf2fdb26c	chr7	17846425	18855274	5	3	2
e8f4c3fd-d731-5996-9ccc-34edf2fdb26c	chr7	18855674	19240590	6	4	2
e8f4c3fd-d731-5996-9ccc-34edf2fdb26c	chr7	19241170	22164826	5	3	2
e8f4c3fd-d731-5996-9ccc-34edf2fdb26c	chr7	22166454	22410414	7	5	2
e8f4c3fd-d731-5996-9ccc-34edf2fdb26c	chr7	22411031	22541407	8	5	3
e8f4c3fd-d731-5996-9ccc-34edf2fdb26c	chr7	22545462	23901845	5	3	2
e8f4c3fd-d731-5996-9ccc-34edf2fdb26c	chr7	23902897	24858817	6	4	2
e8f4c3fd-d731-5996-9ccc-34edf2fdb26c	chr7	24859792	25523928	4	2	2
e8f4c3fd-d731-5996-9ccc-34edf2fdb26c	chr7	25524341	26275574	6	4	2
e8f4c3fd-d731-5996-9ccc-34edf2fdb26c	chr7	26275807	50295636	5	3	2
e8f4c3fd-d731-5996-9ccc-34edf2fdb26c	chr7	50296955	51622991	4	2	2
e8f4c3fd-d731-5996-9ccc-34edf2fdb26c	chr7	51623807	54347132	5	3	2
e8f4c3fd-d731-5996-9ccc-34edf2fdb26c	chr7	54348774	57283275	4	2	2
e8f4c3fd-d731-5996-9ccc-34edf2fdb26c	chr7	57284246	64015431	5	3	2
e8f4c3fd-d731-5996-9ccc-34edf2fdb26c	chr7	64016169	78034474	4	2	2
e8f4c3fd-d731-5996-9ccc-34edf2fdb26c	chr7	78037698	78068964	6	3	3
e8f4c3fd-d731-5996-9ccc-34edf2fdb26c	chr7	78069292	80046087	4	2	2
e8f4c3fd-d731-5996-9ccc-34edf2fdb26c	chr7	80046191	85381881	5	3	2
e8f4c3fd-d731-5996-9ccc-34edf2fdb26c	chr7	85382331	142090177	4	2	2
e8f4c3fd-d731-5996-9ccc-34edf2fdb26c	chr7	142090279	142095481	0	0	0
e8f4c3fd-d731-5996-9ccc-34edf2fdb26c	chr7	142099190	146785879	4	2	2
e8f4c3fd-d731-5996-9ccc-34edf2fdb26c	chr7	146786318	147402250	2	2	0
e8f4c3fd-d731-5996-9ccc-34edf2fdb26c	chr7	147402708	159334314	4	2	2
e8f4c3fd-d731-5996-9ccc-34edf2fdb26c	chr8	81254	2202066	2	2	0
e8f4c3fd-d731-5996-9ccc-34edf2fdb26c	chr8	2202103	11357463	4	2	2
e8f4c3fd-d731-5996-9ccc-34edf2fdb26c	chr8	11358108	11391151	3	2	1
e8f4c3fd-d731-5996-9ccc-34edf2fdb26c	chr8	11391752	46225073	4	2	2
e8f4c3fd-d731-5996-9ccc-34edf2fdb26c	chr8	46226889	145072769	3	2	1
e8f4c3fd-d731-5996-9ccc-34edf2fdb26c	chr9	46587	38709008	2	2	0
e8f4c3fd-d731-5996-9ccc-34edf2fdb26c	chr9	38715226	117759515	3	3	0
e8f4c3fd-d731-5996-9ccc-34edf2fdb26c	chr9	117759661	138200944	2	2	0
e8f4c3fd-d731-5996-9ccc-34edf2fdb26c	chr10	45792	659495	3	3	0
e8f4c3fd-d731-5996-9ccc-34edf2fdb26c	chr10	661842	16831817	5	3	2
e8f4c3fd-d731-5996-9ccc-34edf2fdb26c	chr10	16832243	16975338	4	3	1
e8f4c3fd-d731-5996-9ccc-34edf2fdb26c	chr10	16976319	24875543	5	3	2
e8f4c3fd-d731-5996-9ccc-34edf2fdb26c	chr10	24876297	26939492	6	4	2
e8f4c3fd-d731-5996-9ccc-34edf2fdb26c	chr10	26939510	38334447	4	2	2
e8f4c3fd-d731-5996-9ccc-34edf2fdb26c	chr10	38334541	50057884	5	3	2
e8f4c3fd-d731-5996-9ccc-34edf2fdb26c	chr10	50058725	51718452	3	2	1
e8f4c3fd-d731-5996-9ccc-34edf2fdb26c	chr10	51718510	51750683	2	2	0
e8f4c3fd-d731-5996-9ccc-34edf2fdb26c	chr10	51750701	133654968	3	2	1
e8f4c3fd-d731-5996-9ccc-34edf2fdb26c	chr11	198510	4949013	3	3	0
e8f4c3fd-d731-5996-9ccc-34edf2fdb26c	chr11	4949047	4952799	0	0	0
e8f4c3fd-d731-5996-9ccc-34edf2fdb26c	chr11	4953934	55608804	3	3	0
e8f4c3fd-d731-5996-9ccc-34edf2fdb26c	chr11	55609022	55654863	0	0	0
e8f4c3fd-d731-5996-9ccc-34edf2fdb26c	chr11	55661931	84329415	2	2	0
e8f4c3fd-d731-5996-9ccc-34edf2fdb26c	chr11	84335741	84670494	0	0	0
e8f4c3fd-d731-5996-9ccc-34edf2fdb26c	chr11	84671439	85165165	2	2	0
e8f4c3fd-d731-5996-9ccc-34edf2fdb26c	chr11	85165608	86282742	1	1	0
e8f4c3fd-d731-5996-9ccc-34edf2fdb26c	chr11	86283196	135074876	2	2	0
e8f4c3fd-d731-5996-9ccc-34edf2fdb26c	chr12	51460	90366	3	2	1
e8f4c3fd-d731-5996-9ccc-34edf2fdb26c	chr12	92076	3118731	4	2	2
e8f4c3fd-d731-5996-9ccc-34edf2fdb26c	chr12	3120765	3133126	7	4	3
e8f4c3fd-d731-5996-9ccc-34edf2fdb26c	chr12	3133626	3444926	4	2	2
e8f4c3fd-d731-5996-9ccc-34edf2fdb26c	chr12	3445549	3447184	2	1	1
e8f4c3fd-d731-5996-9ccc-34edf2fdb26c	chr12	3448154	8834027	4	2	2
e8f4c3fd-d731-5996-9ccc-34edf2fdb26c	chr12	8836913	9026411	5	3	2
e8f4c3fd-d731-5996-9ccc-34edf2fdb26c	chr12	9026438	9467109	4	2	2
e8f4c3fd-d731-5996-9ccc-34edf2fdb26c	chr12	9467513	9590931	1	1	0
e8f4c3fd-d731-5996-9ccc-34edf2fdb26c	chr12	9591203	15021681	4	2	2
e8f4c3fd-d731-5996-9ccc-34edf2fdb26c	chr12	15021972	40778567	5	3	2
e8f4c3fd-d731-5996-9ccc-34edf2fdb26c	chr12	40780208	42277467	4	2	2
e8f4c3fd-d731-5996-9ccc-34edf2fdb26c	chr12	42279263	77436516	3	2	1
e8f4c3fd-d731-5996-9ccc-34edf2fdb26c	chr12	77438342	77458510	2	1	1
e8f4c3fd-d731-5996-9ccc-34edf2fdb26c	chr12	77461641	77535918	1	1	0
e8f4c3fd-d731-5996-9ccc-34edf2fdb26c	chr12	77536623	77666128	2	1	1
e8f4c3fd-d731-5996-9ccc-34edf2fdb26c	chr12	77666853	119326625	3	2	1
e8f4c3fd-d731-5996-9ccc-34edf2fdb26c	chr12	119327138	119338065	2	1	1
e8f4c3fd-d731-5996-9ccc-34edf2fdb26c	chr12	119341162	133201603	3	2	1
e8f4c3fd-d731-5996-9ccc-34edf2fdb26c	chr13	18452809	44242433	2	2	0
e8f4c3fd-d731-5996-9ccc-34edf2fdb26c	chr13	44243049	48989163	3	3	0
e8f4c3fd-d731-5996-9ccc-34edf2fdb26c	chr13	48989564	52938988	2	2	0
e8f4c3fd-d731-5996-9ccc-34edf2fdb26c	chr13	52939328	52966723	4	4	0
e8f4c3fd-d731-5996-9ccc-34edf2fdb26c	chr13	52967168	59330556	3	3	0
e8f4c3fd-d731-5996-9ccc-34edf2fdb26c	chr13	59336366	75657613	2	2	0
e8f4c3fd-d731-5996-9ccc-34edf2fdb26c	chr13	75664052	75811602	0	0	0
e8f4c3fd-d731-5996-9ccc-34edf2fdb26c	chr13	75812481	79654789	2	2	0
e8f4c3fd-d731-5996-9ccc-34edf2fdb26c	chr13	79655768	99551319	3	3	0
e8f4c3fd-d731-5996-9ccc-34edf2fdb26c	chr13	99553078	109775729	4	4	0
e8f4c3fd-d731-5996-9ccc-34edf2fdb26c	chr13	109776371	114342922	3	3	0
e8f4c3fd-d731-5996-9ccc-34edf2fdb26c	chr14	18239283	19958388	7	5	2
e8f4c3fd-d731-5996-9ccc-34edf2fdb26c	chr14	19958545	24120609	3	2	1
e8f4c3fd-d731-5996-9ccc-34edf2fdb26c	chr14	24125524	28647335	4	3	1
e8f4c3fd-d731-5996-9ccc-34edf2fdb26c	chr14	28650332	78501133	3	2	1
e8f4c3fd-d731-5996-9ccc-34edf2fdb26c	chr14	78502141	87963650	4	3	1
e8f4c3fd-d731-5996-9ccc-34edf2fdb26c	chr14	87963704	106877229	3	2	1
e8f4c3fd-d731-5996-9ccc-34edf2fdb26c	chr15	19811075	76586021	3	2	1
e8f4c3fd-d731-5996-9ccc-34edf2fdb26c	chr15	76598900	76603434	0	0	0
e8f4c3fd-d731-5996-9ccc-34edf2fdb26c	chr15	76609838	99161466	4	2	2
e8f4c3fd-d731-5996-9ccc-34edf2fdb26c	chr15	99162009	101928837	3	2	1
e8f4c3fd-d731-5996-9ccc-34edf2fdb26c	chr16	10777	580902	1	1	0
e8f4c3fd-d731-5996-9ccc-34edf2fdb26c	chr16	592152	36048855	3	2	1
e8f4c3fd-d731-5996-9ccc-34edf2fdb26c	chr16	46441986	60141789	2	1	1
e8f4c3fd-d731-5996-9ccc-34edf2fdb26c	chr16	60146070	65909747	4	3	1
e8f4c3fd-d731-5996-9ccc-34edf2fdb26c	chr16	65912565	73224722	3	2	1
e8f4c3fd-d731-5996-9ccc-34edf2fdb26c	chr16	73228219	73576541	1	1	0
e8f4c3fd-d731-5996-9ccc-34edf2fdb26c	chr16	73577027	90096867	3	2	1
e8f4c3fd-d731-5996-9ccc-34edf2fdb26c	chr17	150733	22719870	2	2	0
e8f4c3fd-d731-5996-9ccc-34edf2fdb26c	chr17	22720241	29649718	4	2	2
e8f4c3fd-d731-5996-9ccc-34edf2fdb26c	chr17	29651651	43222561	2	2	0
e8f4c3fd-d731-5996-9ccc-34edf2fdb26c	chr17	43322294	51251344	4	2	2
e8f4c3fd-d731-5996-9ccc-34edf2fdb26c	chr17	51256327	52811589	5	3	2
e8f4c3fd-d731-5996-9ccc-34edf2fdb26c	chr17	52821626	53068472	2	2	0
e8f4c3fd-d731-5996-9ccc-34edf2fdb26c	chr17	53074439	53794940	4	3	1
e8f4c3fd-d731-5996-9ccc-34edf2fdb26c	chr17	53795038	53954473	4	2	2
e8f4c3fd-d731-5996-9ccc-34edf2fdb26c	chr17	53959450	54655632	3	2	1
e8f4c3fd-d731-5996-9ccc-34edf2fdb26c	chr17	54662101	69830435	4	2	2
e8f4c3fd-d731-5996-9ccc-34edf2fdb26c	chr17	69831994	71990271	5	3	2
e8f4c3fd-d731-5996-9ccc-34edf2fdb26c	chr17	71991231	82959812	4	2	2
e8f4c3fd-d731-5996-9ccc-34edf2fdb26c	chr17	82962720	83091923	3	2	1
e8f4c3fd-d731-5996-9ccc-34edf2fdb26c	chr18	48133	4467751	2	1	1
e8f4c3fd-d731-5996-9ccc-34edf2fdb26c	chr18	4468555	15402409	3	2	1
e8f4c3fd-d731-5996-9ccc-34edf2fdb26c	chr18	20949392	64468677	4	2	2
e8f4c3fd-d731-5996-9ccc-34edf2fdb26c	chr18	64468828	80257174	3	2	1
e8f4c3fd-d731-5996-9ccc-34edf2fdb26c	chr19	90910	3156075	2	2	0
e8f4c3fd-d731-5996-9ccc-34edf2fdb26c	chr19	3158118	16620909	3	2	1
e8f4c3fd-d731-5996-9ccc-34edf2fdb26c	chr19	16621095	16909878	4	2	2
e8f4c3fd-d731-5996-9ccc-34edf2fdb26c	chr19	16912776	19207349	3	2	1
e8f4c3fd-d731-5996-9ccc-34edf2fdb26c	chr19	19207970	21558914	5	3	2
e8f4c3fd-d731-5996-9ccc-34edf2fdb26c	chr19	21560281	23501309	3	2	1
e8f4c3fd-d731-5996-9ccc-34edf2fdb26c	chr19	23503402	35723272	4	2	2
e8f4c3fd-d731-5996-9ccc-34edf2fdb26c	chr19	35725155	36267995	3	2	1
e8f4c3fd-d731-5996-9ccc-34edf2fdb26c	chr19	36314803	38059095	5	3	2
e8f4c3fd-d731-5996-9ccc-34edf2fdb26c	chr19	38061439	38421327	3	2	1
e8f4c3fd-d731-5996-9ccc-34edf2fdb26c	chr19	38422124	41592902	5	3	2
e8f4c3fd-d731-5996-9ccc-34edf2fdb26c	chr19	41593498	43320255	6	4	2
e8f4c3fd-d731-5996-9ccc-34edf2fdb26c	chr19	43320619	44692615	5	3	2
e8f4c3fd-d731-5996-9ccc-34edf2fdb26c	chr19	44692690	58192614	3	2	1
e8f4c3fd-d731-5996-9ccc-34edf2fdb26c	chr19	58195649	58586487	2	2	0
e8f4c3fd-d731-5996-9ccc-34edf2fdb26c	chr20	80664	4635949	3	2	1
e8f4c3fd-d731-5996-9ccc-34edf2fdb26c	chr20	4636745	5752029	4	2	2
e8f4c3fd-d731-5996-9ccc-34edf2fdb26c	chr20	5755287	14933242	3	2	1
e8f4c3fd-d731-5996-9ccc-34edf2fdb26c	chr20	14934063	15106645	1	1	0
e8f4c3fd-d731-5996-9ccc-34edf2fdb26c	chr20	15113320	26261803	3	2	1
e8f4c3fd-d731-5996-9ccc-34edf2fdb26c	chr20	26266956	32620549	4	2	2
e8f4c3fd-d731-5996-9ccc-34edf2fdb26c	chr20	32623933	64260467	3	2	1
e8f4c3fd-d731-5996-9ccc-34edf2fdb26c	chr20	64261403	64324800	1	1	0
e8f4c3fd-d731-5996-9ccc-34edf2fdb26c	chr21	12973348	13812646	4	3	1
e8f4c3fd-d731-5996-9ccc-34edf2fdb26c	chr21	13818379	19240384	5	3	2
e8f4c3fd-d731-5996-9ccc-34edf2fdb26c	chr21	19240567	19416041	4	3	1
e8f4c3fd-d731-5996-9ccc-34edf2fdb26c	chr21	19416476	21823074	5	3	2
e8f4c3fd-d731-5996-9ccc-34edf2fdb26c	chr21	21823929	23950166	2	2	0
e8f4c3fd-d731-5996-9ccc-34edf2fdb26c	chr21	23950337	24550519	3	2	1
e8f4c3fd-d731-5996-9ccc-34edf2fdb26c	chr21	24558224	24835368	2	2	0
e8f4c3fd-d731-5996-9ccc-34edf2fdb26c	chr21	24837200	25079119	2	1	1
e8f4c3fd-d731-5996-9ccc-34edf2fdb26c	chr21	25079320	29620536	5	3	2
e8f4c3fd-d731-5996-9ccc-34edf2fdb26c	chr21	29621801	30136163	2	2	0
e8f4c3fd-d731-5996-9ccc-34edf2fdb26c	chr21	30138122	30350320	5	3	2
e8f4c3fd-d731-5996-9ccc-34edf2fdb26c	chr21	30350445	39737097	6	3	3
e8f4c3fd-d731-5996-9ccc-34edf2fdb26c	chr21	39738355	46677045	3	2	1
e8f4c3fd-d731-5996-9ccc-34edf2fdb26c	chr22	16392123	25882727	4	2	2
e8f4c3fd-d731-5996-9ccc-34edf2fdb26c	chr22	25883878	26072399	6	4	2
e8f4c3fd-d731-5996-9ccc-34edf2fdb26c	chr22	26073263	29257420	4	2	2
e8f4c3fd-d731-5996-9ccc-34edf2fdb26c	chr22	29257430	29300707	6	4	2
e8f4c3fd-d731-5996-9ccc-34edf2fdb26c	chr22	29309892	34825076	4	2	2
e8f4c3fd-d731-5996-9ccc-34edf2fdb26c	chr22	34825520	34919595	6	4	2
e8f4c3fd-d731-5996-9ccc-34edf2fdb26c	chr22	34919961	40725425	4	2	2
e8f4c3fd-d731-5996-9ccc-34edf2fdb26c	chr22	40727200	42683748	3	2	1
e8f4c3fd-d731-5996-9ccc-34edf2fdb26c	chr22	42686820	42762383	5	3	2
e8f4c3fd-d731-5996-9ccc-34edf2fdb26c	chr22	42768404	43869105	3	2	1
e8f4c3fd-d731-5996-9ccc-34edf2fdb26c	chr22	43871136	43990626	5	3	2
e8f4c3fd-d731-5996-9ccc-34edf2fdb26c	chr22	43990744	44569952	3	2	1
e8f4c3fd-d731-5996-9ccc-34edf2fdb26c	chr22	44571887	44814230	4	2	2
e8f4c3fd-d731-5996-9ccc-34edf2fdb26c	chr22	44814285	47596755	3	2	1
e8f4c3fd-d731-5996-9ccc-34edf2fdb26c	chr22	47597718	48506909	6	4	2
e8f4c3fd-d731-5996-9ccc-34edf2fdb26c	chr22	48510483	50796027	4	2	2
e8f4c3fd-d731-5996-9ccc-34edf2fdb26c	chrX	251810	490407	4	2	2
e8f4c3fd-d731-5996-9ccc-34edf2fdb26c	chrX	507629	2788903	5	3	2
e8f4c3fd-d731-5996-9ccc-34edf2fdb26c	chrX	2789693	94411447	1	1	0
e8f4c3fd-d731-5996-9ccc-34edf2fdb26c	chrX	94411716	103999203	0	0	0
e8f4c3fd-d731-5996-9ccc-34edf2fdb26c	chrX	104003417	104090650	2	2	0
e8f4c3fd-d731-5996-9ccc-34edf2fdb26c	chrX	104091067	155299238	0	0	0
e8f4c3fd-d731-5996-9ccc-34edf2fdb26c	chrX	155312291	156004181	1	1	0
e8f4c3fd-d731-5996-9ccc-34edf2fdb26c	chrY	2782397	4771346	5	5	0
e8f4c3fd-d731-5996-9ccc-34edf2fdb26c	chrY	4777369	4970187	12	12	0
e8f4c3fd-d731-5996-9ccc-34edf2fdb26c	chrY	4979773	56872112	4	4	0
