GDC_Aliquot	Chromosome	Start	End	Copy_Number	Major_Copy_Number	Minor_Copy_Number
621fe1b4-b027-57bf-9d94-d8ac994f35ee	chr1	62920	121705338	6	3	3
621fe1b4-b027-57bf-9d94-d8ac994f35ee	chr1	143541857	149985935	4	2	2
621fe1b4-b027-57bf-9d94-d8ac994f35ee	chr1	149990380	179718511	7	5	2
621fe1b4-b027-57bf-9d94-d8ac994f35ee	chr1	179718571	179777902	5	3	2
621fe1b4-b027-57bf-9d94-d8ac994f35ee	chr1	179777979	183285837	6	4	2
621fe1b4-b027-57bf-9d94-d8ac994f35ee	chr1	183285932	187830281	7	5	2
621fe1b4-b027-57bf-9d94-d8ac994f35ee	chr1	187840020	192609633	4	2	2
621fe1b4-b027-57bf-9d94-d8ac994f35ee	chr1	192609862	192617726	2	1	1
621fe1b4-b027-57bf-9d94-d8ac994f35ee	chr1	192618733	248930189	4	2	2
621fe1b4-b027-57bf-9d94-d8ac994f35ee	chr2	12784	4538871	4	2	2
621fe1b4-b027-57bf-9d94-d8ac994f35ee	chr2	4539445	10363369	2	2	0
621fe1b4-b027-57bf-9d94-d8ac994f35ee	chr2	10365027	10383745	3	3	0
621fe1b4-b027-57bf-9d94-d8ac994f35ee	chr2	10385601	10973588	2	2	0
621fe1b4-b027-57bf-9d94-d8ac994f35ee	chr2	10978710	16854442	4	2	2
621fe1b4-b027-57bf-9d94-d8ac994f35ee	chr2	16856053	16939375	3	2	1
621fe1b4-b027-57bf-9d94-d8ac994f35ee	chr2	16940361	25137881	4	2	2
621fe1b4-b027-57bf-9d94-d8ac994f35ee	chr2	25139646	34633306	7	5	2
621fe1b4-b027-57bf-9d94-d8ac994f35ee	chr2	34633852	34681770	5	5	0
621fe1b4-b027-57bf-9d94-d8ac994f35ee	chr2	34681900	35449911	4	4	0
621fe1b4-b027-57bf-9d94-d8ac994f35ee	chr2	35450034	48097668	6	4	2
621fe1b4-b027-57bf-9d94-d8ac994f35ee	chr2	48104418	80952881	2	2	0
621fe1b4-b027-57bf-9d94-d8ac994f35ee	chr2	80953479	81619778	4	3	1
621fe1b4-b027-57bf-9d94-d8ac994f35ee	chr2	81624328	82866455	2	2	0
621fe1b4-b027-57bf-9d94-d8ac994f35ee	chr2	82866478	83765100	6	4	2
621fe1b4-b027-57bf-9d94-d8ac994f35ee	chr2	83774684	83823049	3	3	0
621fe1b4-b027-57bf-9d94-d8ac994f35ee	chr2	83824258	84559050	2	2	0
621fe1b4-b027-57bf-9d94-d8ac994f35ee	chr2	84559117	84625538	7	6	1
621fe1b4-b027-57bf-9d94-d8ac994f35ee	chr2	84627722	85745797	2	2	0
621fe1b4-b027-57bf-9d94-d8ac994f35ee	chr2	85745991	86829682	1	1	0
621fe1b4-b027-57bf-9d94-d8ac994f35ee	chr2	86830052	86893372	4	3	1
621fe1b4-b027-57bf-9d94-d8ac994f35ee	chr2	86893779	88216193	3	2	1
621fe1b4-b027-57bf-9d94-d8ac994f35ee	chr2	88216243	88585559	4	2	2
621fe1b4-b027-57bf-9d94-d8ac994f35ee	chr2	88589108	88862049	7	5	2
621fe1b4-b027-57bf-9d94-d8ac994f35ee	chr2	88862158	89069842	20	20	0
621fe1b4-b027-57bf-9d94-d8ac994f35ee	chr2	89085826	104782610	7	5	2
621fe1b4-b027-57bf-9d94-d8ac994f35ee	chr2	104784848	146104517	6	3	3
621fe1b4-b027-57bf-9d94-d8ac994f35ee	chr2	146106836	146109366	0	0	0
621fe1b4-b027-57bf-9d94-d8ac994f35ee	chr2	146120238	153217542	6	3	3
621fe1b4-b027-57bf-9d94-d8ac994f35ee	chr2	153217683	160348909	6	4	2
621fe1b4-b027-57bf-9d94-d8ac994f35ee	chr2	160350996	242147305	2	2	0
621fe1b4-b027-57bf-9d94-d8ac994f35ee	chr3	20930	2223800	5	3	2
621fe1b4-b027-57bf-9d94-d8ac994f35ee	chr3	2232383	28986073	4	2	2
621fe1b4-b027-57bf-9d94-d8ac994f35ee	chr3	28986317	75348062	2	2	0
621fe1b4-b027-57bf-9d94-d8ac994f35ee	chr3	75355012	75904323	3	3	0
621fe1b4-b027-57bf-9d94-d8ac994f35ee	chr3	75904354	85458081	2	2	0
621fe1b4-b027-57bf-9d94-d8ac994f35ee	chr3	85459761	85565017	0	0	0
621fe1b4-b027-57bf-9d94-d8ac994f35ee	chr3	85565031	88820719	2	2	0
621fe1b4-b027-57bf-9d94-d8ac994f35ee	chr3	88822123	88969716	2	1	1
621fe1b4-b027-57bf-9d94-d8ac994f35ee	chr3	88972656	116035048	4	2	2
621fe1b4-b027-57bf-9d94-d8ac994f35ee	chr3	116035259	116221900	4	4	0
621fe1b4-b027-57bf-9d94-d8ac994f35ee	chr3	116223122	116583386	2	2	0
621fe1b4-b027-57bf-9d94-d8ac994f35ee	chr3	116583595	117199542	0	0	0
621fe1b4-b027-57bf-9d94-d8ac994f35ee	chr3	117199555	117388959	1	1	0
621fe1b4-b027-57bf-9d94-d8ac994f35ee	chr3	117389305	173510096	4	2	2
621fe1b4-b027-57bf-9d94-d8ac994f35ee	chr3	173511006	173540076	7	5	2
621fe1b4-b027-57bf-9d94-d8ac994f35ee	chr3	173543641	173571890	9	6	3
621fe1b4-b027-57bf-9d94-d8ac994f35ee	chr3	173582403	175181322	4	2	2
621fe1b4-b027-57bf-9d94-d8ac994f35ee	chr3	175185305	175206051	2	1	1
621fe1b4-b027-57bf-9d94-d8ac994f35ee	chr3	175206228	175348449	1	1	0
621fe1b4-b027-57bf-9d94-d8ac994f35ee	chr3	175348473	175434759	2	2	0
621fe1b4-b027-57bf-9d94-d8ac994f35ee	chr3	175439544	175498581	4	4	0
621fe1b4-b027-57bf-9d94-d8ac994f35ee	chr3	175498608	198169247	4	2	2
621fe1b4-b027-57bf-9d94-d8ac994f35ee	chr4	68929	3982817	5	3	2
621fe1b4-b027-57bf-9d94-d8ac994f35ee	chr4	3983081	4193673	6	4	2
621fe1b4-b027-57bf-9d94-d8ac994f35ee	chr4	4194719	18615566	4	2	2
621fe1b4-b027-57bf-9d94-d8ac994f35ee	chr4	18616152	18637458	2	1	1
621fe1b4-b027-57bf-9d94-d8ac994f35ee	chr4	18638078	52128029	4	2	2
621fe1b4-b027-57bf-9d94-d8ac994f35ee	chr4	52129371	52273469	5	3	2
621fe1b4-b027-57bf-9d94-d8ac994f35ee	chr4	52273576	141194537	4	2	2
621fe1b4-b027-57bf-9d94-d8ac994f35ee	chr4	141195342	141242121	1	1	0
621fe1b4-b027-57bf-9d94-d8ac994f35ee	chr4	141246415	190106768	4	2	2
621fe1b4-b027-57bf-9d94-d8ac994f35ee	chr5	15532	33596771	5	3	2
621fe1b4-b027-57bf-9d94-d8ac994f35ee	chr5	33597351	33603305	3	2	1
621fe1b4-b027-57bf-9d94-d8ac994f35ee	chr5	33603654	46389171	5	3	2
621fe1b4-b027-57bf-9d94-d8ac994f35ee	chr5	50146124	50938113	4	2	2
621fe1b4-b027-57bf-9d94-d8ac994f35ee	chr5	50938425	141767551	3	2	1
621fe1b4-b027-57bf-9d94-d8ac994f35ee	chr5	141768731	143726753	4	2	2
621fe1b4-b027-57bf-9d94-d8ac994f35ee	chr5	143727918	145375928	3	2	1
621fe1b4-b027-57bf-9d94-d8ac994f35ee	chr5	145380397	181363319	2	2	0
621fe1b4-b027-57bf-9d94-d8ac994f35ee	chr6	149661	320872	4	3	1
621fe1b4-b027-57bf-9d94-d8ac994f35ee	chr6	322696	31714252	4	2	2
621fe1b4-b027-57bf-9d94-d8ac994f35ee	chr6	31719231	47146554	7	5	2
621fe1b4-b027-57bf-9d94-d8ac994f35ee	chr6	47147134	54460149	4	2	2
621fe1b4-b027-57bf-9d94-d8ac994f35ee	chr6	54468484	57049471	2	2	0
621fe1b4-b027-57bf-9d94-d8ac994f35ee	chr6	57051459	58416164	4	2	2
621fe1b4-b027-57bf-9d94-d8ac994f35ee	chr6	58416347	61864351	2	1	1
621fe1b4-b027-57bf-9d94-d8ac994f35ee	chr6	61866014	62121676	4	2	2
621fe1b4-b027-57bf-9d94-d8ac994f35ee	chr6	62122235	62203089	1	1	0
621fe1b4-b027-57bf-9d94-d8ac994f35ee	chr6	62208079	66971679	4	2	2
621fe1b4-b027-57bf-9d94-d8ac994f35ee	chr6	66971862	66971862	7	5	2
621fe1b4-b027-57bf-9d94-d8ac994f35ee	chr6	66971937	66992123	4	4	0
621fe1b4-b027-57bf-9d94-d8ac994f35ee	chr6	66995037	67497212	1	1	0
621fe1b4-b027-57bf-9d94-d8ac994f35ee	chr6	67498112	101052488	4	2	2
621fe1b4-b027-57bf-9d94-d8ac994f35ee	chr6	101062329	103286954	3	2	1
621fe1b4-b027-57bf-9d94-d8ac994f35ee	chr6	103290101	103314186	9	9	0
621fe1b4-b027-57bf-9d94-d8ac994f35ee	chr6	103317795	170741917	3	2	1
621fe1b4-b027-57bf-9d94-d8ac994f35ee	chr7	43259	2727076	6	3	3
621fe1b4-b027-57bf-9d94-d8ac994f35ee	chr7	2731870	23504877	5	3	2
621fe1b4-b027-57bf-9d94-d8ac994f35ee	chr7	23507946	27255999	4	2	2
621fe1b4-b027-57bf-9d94-d8ac994f35ee	chr7	27258172	27885539	5	3	2
621fe1b4-b027-57bf-9d94-d8ac994f35ee	chr7	27886026	38293400	4	2	2
621fe1b4-b027-57bf-9d94-d8ac994f35ee	chr7	38293417	39423220	5	3	2
621fe1b4-b027-57bf-9d94-d8ac994f35ee	chr7	39424447	41478000	4	2	2
621fe1b4-b027-57bf-9d94-d8ac994f35ee	chr7	41478478	45479255	5	3	2
621fe1b4-b027-57bf-9d94-d8ac994f35ee	chr7	45481449	50160277	4	2	2
621fe1b4-b027-57bf-9d94-d8ac994f35ee	chr7	50162581	63864600	5	3	2
621fe1b4-b027-57bf-9d94-d8ac994f35ee	chr7	63867702	78357216	4	2	2
621fe1b4-b027-57bf-9d94-d8ac994f35ee	chr7	78357322	78373719	1	1	0
621fe1b4-b027-57bf-9d94-d8ac994f35ee	chr7	78384352	78585287	2	2	0
621fe1b4-b027-57bf-9d94-d8ac994f35ee	chr7	78589732	114174493	4	2	2
621fe1b4-b027-57bf-9d94-d8ac994f35ee	chr7	114174798	146919801	3	2	1
621fe1b4-b027-57bf-9d94-d8ac994f35ee	chr7	146921637	147644140	0	0	0
621fe1b4-b027-57bf-9d94-d8ac994f35ee	chr7	147646649	147963567	1	1	0
621fe1b4-b027-57bf-9d94-d8ac994f35ee	chr7	147965468	148024499	0	0	0
621fe1b4-b027-57bf-9d94-d8ac994f35ee	chr7	148032407	159334314	1	1	0
621fe1b4-b027-57bf-9d94-d8ac994f35ee	chr8	81254	5628344	2	2	0
621fe1b4-b027-57bf-9d94-d8ac994f35ee	chr8	5628547	5968573	1	1	0
621fe1b4-b027-57bf-9d94-d8ac994f35ee	chr8	5968989	12693626	2	2	0
621fe1b4-b027-57bf-9d94-d8ac994f35ee	chr8	12694109	12701420	6	5	1
621fe1b4-b027-57bf-9d94-d8ac994f35ee	chr8	12702326	15811009	2	2	0
621fe1b4-b027-57bf-9d94-d8ac994f35ee	chr8	15811321	15847990	4	2	2
621fe1b4-b027-57bf-9d94-d8ac994f35ee	chr8	15848734	35676447	2	2	0
621fe1b4-b027-57bf-9d94-d8ac994f35ee	chr8	35676620	35768999	5	5	0
621fe1b4-b027-57bf-9d94-d8ac994f35ee	chr8	35769277	38941539	2	2	0
621fe1b4-b027-57bf-9d94-d8ac994f35ee	chr8	38945158	39733853	1	1	0
621fe1b4-b027-57bf-9d94-d8ac994f35ee	chr8	39736289	43925152	2	2	0
621fe1b4-b027-57bf-9d94-d8ac994f35ee	chr8	43928841	145072769	4	2	2
621fe1b4-b027-57bf-9d94-d8ac994f35ee	chr9	46587	16715131	4	2	2
621fe1b4-b027-57bf-9d94-d8ac994f35ee	chr9	16715828	33421252	3	2	1
621fe1b4-b027-57bf-9d94-d8ac994f35ee	chr9	33425272	36183232	4	2	2
621fe1b4-b027-57bf-9d94-d8ac994f35ee	chr9	36185855	41741113	3	2	1
621fe1b4-b027-57bf-9d94-d8ac994f35ee	chr9	60863881	122565900	4	2	2
621fe1b4-b027-57bf-9d94-d8ac994f35ee	chr9	122565972	122628848	3	2	1
621fe1b4-b027-57bf-9d94-d8ac994f35ee	chr9	122629090	125884584	4	2	2
621fe1b4-b027-57bf-9d94-d8ac994f35ee	chr9	125887837	125942373	1	1	0
621fe1b4-b027-57bf-9d94-d8ac994f35ee	chr9	125949176	129400191	4	2	2
621fe1b4-b027-57bf-9d94-d8ac994f35ee	chr9	129405673	138200944	5	3	2
621fe1b4-b027-57bf-9d94-d8ac994f35ee	chr10	45792	2490672	2	2	0
621fe1b4-b027-57bf-9d94-d8ac994f35ee	chr10	2494346	2550717	4	3	1
621fe1b4-b027-57bf-9d94-d8ac994f35ee	chr10	2550885	2669148	2	2	0
621fe1b4-b027-57bf-9d94-d8ac994f35ee	chr10	2671779	2750613	4	2	2
621fe1b4-b027-57bf-9d94-d8ac994f35ee	chr10	2750671	2835311	1	1	0
621fe1b4-b027-57bf-9d94-d8ac994f35ee	chr10	2840624	4251879	4	2	2
621fe1b4-b027-57bf-9d94-d8ac994f35ee	chr10	4254989	38270793	2	2	0
621fe1b4-b027-57bf-9d94-d8ac994f35ee	chr10	38277716	38397214	3	3	0
621fe1b4-b027-57bf-9d94-d8ac994f35ee	chr10	38407748	51539541	4	2	2
621fe1b4-b027-57bf-9d94-d8ac994f35ee	chr10	51539657	63581464	2	2	0
621fe1b4-b027-57bf-9d94-d8ac994f35ee	chr10	63584689	63599005	2	1	1
621fe1b4-b027-57bf-9d94-d8ac994f35ee	chr10	63599941	67505151	4	2	2
621fe1b4-b027-57bf-9d94-d8ac994f35ee	chr10	67512524	71579403	6	3	3
621fe1b4-b027-57bf-9d94-d8ac994f35ee	chr10	71580221	71592088	3	2	1
621fe1b4-b027-57bf-9d94-d8ac994f35ee	chr10	71593300	72267782	3	3	0
621fe1b4-b027-57bf-9d94-d8ac994f35ee	chr10	72268339	72286454	4	2	2
621fe1b4-b027-57bf-9d94-d8ac994f35ee	chr10	72287280	72373979	4	4	0
621fe1b4-b027-57bf-9d94-d8ac994f35ee	chr10	72375477	72422642	3	2	1
621fe1b4-b027-57bf-9d94-d8ac994f35ee	chr10	72424642	75962732	6	3	3
621fe1b4-b027-57bf-9d94-d8ac994f35ee	chr10	75962964	76838712	3	3	0
621fe1b4-b027-57bf-9d94-d8ac994f35ee	chr10	76840870	77052740	6	4	2
621fe1b4-b027-57bf-9d94-d8ac994f35ee	chr10	77053191	79117333	3	3	0
621fe1b4-b027-57bf-9d94-d8ac994f35ee	chr10	79117529	79159685	4	2	2
621fe1b4-b027-57bf-9d94-d8ac994f35ee	chr10	79160956	80130414	6	3	3
621fe1b4-b027-57bf-9d94-d8ac994f35ee	chr10	80130614	106449027	3	3	0
621fe1b4-b027-57bf-9d94-d8ac994f35ee	chr10	106449197	108351946	5	3	2
621fe1b4-b027-57bf-9d94-d8ac994f35ee	chr10	108352082	110462246	3	3	0
621fe1b4-b027-57bf-9d94-d8ac994f35ee	chr10	110463528	111274825	5	3	2
621fe1b4-b027-57bf-9d94-d8ac994f35ee	chr10	111275213	111340782	3	2	1
621fe1b4-b027-57bf-9d94-d8ac994f35ee	chr10	111340872	114562901	3	3	0
621fe1b4-b027-57bf-9d94-d8ac994f35ee	chr10	114563153	119846121	5	3	2
621fe1b4-b027-57bf-9d94-d8ac994f35ee	chr10	119846161	127548041	6	3	3
621fe1b4-b027-57bf-9d94-d8ac994f35ee	chr10	127549852	133654968	3	3	0
621fe1b4-b027-57bf-9d94-d8ac994f35ee	chr11	198510	28229444	2	2	0
621fe1b4-b027-57bf-9d94-d8ac994f35ee	chr11	28232977	35052255	4	2	2
621fe1b4-b027-57bf-9d94-d8ac994f35ee	chr11	35052453	35058837	2	1	1
621fe1b4-b027-57bf-9d94-d8ac994f35ee	chr11	35061638	56515501	4	2	2
621fe1b4-b027-57bf-9d94-d8ac994f35ee	chr11	56516383	56542327	3	2	1
621fe1b4-b027-57bf-9d94-d8ac994f35ee	chr11	56542420	83942191	4	2	2
621fe1b4-b027-57bf-9d94-d8ac994f35ee	chr11	83942565	83948640	1	1	0
621fe1b4-b027-57bf-9d94-d8ac994f35ee	chr11	83950125	83972747	4	3	1
621fe1b4-b027-57bf-9d94-d8ac994f35ee	chr11	83979356	84268903	1	1	0
621fe1b4-b027-57bf-9d94-d8ac994f35ee	chr11	84273153	84769104	0	0	0
621fe1b4-b027-57bf-9d94-d8ac994f35ee	chr11	84770174	84864223	1	1	0
621fe1b4-b027-57bf-9d94-d8ac994f35ee	chr11	84864262	135074876	4	2	2
621fe1b4-b027-57bf-9d94-d8ac994f35ee	chr12	51460	18229439	2	2	0
621fe1b4-b027-57bf-9d94-d8ac994f35ee	chr12	18229494	108411789	3	2	1
621fe1b4-b027-57bf-9d94-d8ac994f35ee	chr12	108413257	133201603	2	1	1
621fe1b4-b027-57bf-9d94-d8ac994f35ee	chr13	18452809	18610206	5	5	0
621fe1b4-b027-57bf-9d94-d8ac994f35ee	chr13	18613658	18886418	3	3	0
621fe1b4-b027-57bf-9d94-d8ac994f35ee	chr13	18887344	52944910	2	2	0
621fe1b4-b027-57bf-9d94-d8ac994f35ee	chr13	52945557	52974058	4	3	1
621fe1b4-b027-57bf-9d94-d8ac994f35ee	chr13	52975207	57520784	2	2	0
621fe1b4-b027-57bf-9d94-d8ac994f35ee	chr13	57524130	60147123	5	3	2
621fe1b4-b027-57bf-9d94-d8ac994f35ee	chr13	60147506	62024721	6	3	3
621fe1b4-b027-57bf-9d94-d8ac994f35ee	chr13	62025244	65351261	7	4	3
621fe1b4-b027-57bf-9d94-d8ac994f35ee	chr13	65354422	68496631	6	3	3
621fe1b4-b027-57bf-9d94-d8ac994f35ee	chr13	68497666	91149885	5	3	2
621fe1b4-b027-57bf-9d94-d8ac994f35ee	chr13	91151507	91289646	4	3	1
621fe1b4-b027-57bf-9d94-d8ac994f35ee	chr13	91290514	92530877	5	3	2
621fe1b4-b027-57bf-9d94-d8ac994f35ee	chr13	92531433	92544659	3	3	0
621fe1b4-b027-57bf-9d94-d8ac994f35ee	chr13	92544756	92653065	1	1	0
621fe1b4-b027-57bf-9d94-d8ac994f35ee	chr13	92653210	105333588	5	3	2
621fe1b4-b027-57bf-9d94-d8ac994f35ee	chr13	105333930	114342922	6	3	3
621fe1b4-b027-57bf-9d94-d8ac994f35ee	chr14	18239283	39861959	4	2	2
621fe1b4-b027-57bf-9d94-d8ac994f35ee	chr14	39864694	39904507	1	1	0
621fe1b4-b027-57bf-9d94-d8ac994f35ee	chr14	39915370	79004549	4	2	2
621fe1b4-b027-57bf-9d94-d8ac994f35ee	chr14	79004800	79115039	1	1	0
621fe1b4-b027-57bf-9d94-d8ac994f35ee	chr14	79116286	79376844	4	3	1
621fe1b4-b027-57bf-9d94-d8ac994f35ee	chr14	79379024	79646626	1	1	0
621fe1b4-b027-57bf-9d94-d8ac994f35ee	chr14	79650973	94393708	4	2	2
621fe1b4-b027-57bf-9d94-d8ac994f35ee	chr14	94395179	94400321	8	4	4
621fe1b4-b027-57bf-9d94-d8ac994f35ee	chr14	94402634	106877229	5	3	2
621fe1b4-b027-57bf-9d94-d8ac994f35ee	chr15	19811075	33670983	4	2	2
621fe1b4-b027-57bf-9d94-d8ac994f35ee	chr15	33674461	37556789	5	3	2
621fe1b4-b027-57bf-9d94-d8ac994f35ee	chr15	37557062	38727515	4	2	2
621fe1b4-b027-57bf-9d94-d8ac994f35ee	chr15	38727632	39352226	5	3	2
621fe1b4-b027-57bf-9d94-d8ac994f35ee	chr15	39352940	62987099	4	2	2
621fe1b4-b027-57bf-9d94-d8ac994f35ee	chr15	62987723	63892426	5	3	2
621fe1b4-b027-57bf-9d94-d8ac994f35ee	chr15	63893331	70735977	4	2	2
621fe1b4-b027-57bf-9d94-d8ac994f35ee	chr15	70736132	70761365	6	4	2
621fe1b4-b027-57bf-9d94-d8ac994f35ee	chr15	70766181	76598900	4	2	2
621fe1b4-b027-57bf-9d94-d8ac994f35ee	chr15	76599170	76603434	0	0	0
621fe1b4-b027-57bf-9d94-d8ac994f35ee	chr15	76609838	79174123	4	2	2
621fe1b4-b027-57bf-9d94-d8ac994f35ee	chr15	79175740	80199111	5	3	2
621fe1b4-b027-57bf-9d94-d8ac994f35ee	chr15	80199258	101928837	4	2	2
621fe1b4-b027-57bf-9d94-d8ac994f35ee	chr16	10777	603284	2	2	0
621fe1b4-b027-57bf-9d94-d8ac994f35ee	chr16	603333	2849128	5	3	2
621fe1b4-b027-57bf-9d94-d8ac994f35ee	chr16	2850435	3114698	7	4	3
621fe1b4-b027-57bf-9d94-d8ac994f35ee	chr16	3115050	7583191	5	3	2
621fe1b4-b027-57bf-9d94-d8ac994f35ee	chr16	7583261	7586716	7	6	1
621fe1b4-b027-57bf-9d94-d8ac994f35ee	chr16	7587386	31948830	2	2	0
621fe1b4-b027-57bf-9d94-d8ac994f35ee	chr16	31954295	36048855	5	3	2
621fe1b4-b027-57bf-9d94-d8ac994f35ee	chr16	46441986	72873076	3	2	1
621fe1b4-b027-57bf-9d94-d8ac994f35ee	chr16	72873105	73312135	1	1	0
621fe1b4-b027-57bf-9d94-d8ac994f35ee	chr16	73312485	73531257	2	2	0
621fe1b4-b027-57bf-9d94-d8ac994f35ee	chr16	73531400	78824509	3	2	1
621fe1b4-b027-57bf-9d94-d8ac994f35ee	chr16	78824663	78853733	1	1	0
621fe1b4-b027-57bf-9d94-d8ac994f35ee	chr16	78854349	88661325	3	2	1
621fe1b4-b027-57bf-9d94-d8ac994f35ee	chr16	88667860	90096867	4	2	2
621fe1b4-b027-57bf-9d94-d8ac994f35ee	chr17	150733	7729775	2	2	0
621fe1b4-b027-57bf-9d94-d8ac994f35ee	chr17	7730374	7878869	5	4	1
621fe1b4-b027-57bf-9d94-d8ac994f35ee	chr17	7879807	15192009	7	5	2
621fe1b4-b027-57bf-9d94-d8ac994f35ee	chr17	15192414	70074066	4	2	2
621fe1b4-b027-57bf-9d94-d8ac994f35ee	chr17	70077509	70094066	6	4	2
621fe1b4-b027-57bf-9d94-d8ac994f35ee	chr17	70097028	83091923	5	3	2
621fe1b4-b027-57bf-9d94-d8ac994f35ee	chr18	48133	1905357	4	2	2
621fe1b4-b027-57bf-9d94-d8ac994f35ee	chr18	1907315	1986262	2	1	1
621fe1b4-b027-57bf-9d94-d8ac994f35ee	chr18	1987537	4970270	4	2	2
621fe1b4-b027-57bf-9d94-d8ac994f35ee	chr18	4970507	4980178	2	1	1
621fe1b4-b027-57bf-9d94-d8ac994f35ee	chr18	4985483	15402409	5	3	2
621fe1b4-b027-57bf-9d94-d8ac994f35ee	chr18	20949392	80257174	4	2	2
621fe1b4-b027-57bf-9d94-d8ac994f35ee	chr19	90910	1546923	3	3	0
621fe1b4-b027-57bf-9d94-d8ac994f35ee	chr19	1548817	6690971	2	2	0
621fe1b4-b027-57bf-9d94-d8ac994f35ee	chr19	6690999	14732350	5	3	2
621fe1b4-b027-57bf-9d94-d8ac994f35ee	chr19	14732678	58586487	2	2	0
621fe1b4-b027-57bf-9d94-d8ac994f35ee	chr20	80664	51237525	4	2	2
621fe1b4-b027-57bf-9d94-d8ac994f35ee	chr20	51239225	51263677	3	2	1
621fe1b4-b027-57bf-9d94-d8ac994f35ee	chr20	51267557	64324800	4	2	2
621fe1b4-b027-57bf-9d94-d8ac994f35ee	chr21	12973348	14086358	5	3	2
621fe1b4-b027-57bf-9d94-d8ac994f35ee	chr21	14087115	44806236	4	2	2
621fe1b4-b027-57bf-9d94-d8ac994f35ee	chr21	44807248	46677045	5	3	2
621fe1b4-b027-57bf-9d94-d8ac994f35ee	chr22	16392123	50796027	2	2	0
621fe1b4-b027-57bf-9d94-d8ac994f35ee	chrX	251810	138895711	4	2	2
621fe1b4-b027-57bf-9d94-d8ac994f35ee	chrX	138896754	138941784	1	1	0
621fe1b4-b027-57bf-9d94-d8ac994f35ee	chrX	138942825	156004181	4	2	2
621fe1b4-b027-57bf-9d94-d8ac994f35ee	chrY	2782397	26653788	0	0	0
621fe1b4-b027-57bf-9d94-d8ac994f35ee	chrY	56872112	56872112	6	6	0
