GDC_Aliquot	Chromosome	Start	End	Copy_Number	Major_Copy_Number	Minor_Copy_Number
c63f1c6d-d974-556b-9873-c393e0de54c0	chr1	62920	7435711	3	2	1
c63f1c6d-d974-556b-9873-c393e0de54c0	chr1	7445781	67834989	4	2	2
c63f1c6d-d974-556b-9873-c393e0de54c0	chr1	67835134	67850408	3	2	1
c63f1c6d-d974-556b-9873-c393e0de54c0	chr1	67850739	154260540	4	2	2
c63f1c6d-d974-556b-9873-c393e0de54c0	chr1	154262388	188544625	3	2	1
c63f1c6d-d974-556b-9873-c393e0de54c0	chr1	188544769	188564169	2	1	1
c63f1c6d-d974-556b-9873-c393e0de54c0	chr1	188564708	216529343	3	2	1
c63f1c6d-d974-556b-9873-c393e0de54c0	chr1	216533601	216598475	5	4	1
c63f1c6d-d974-556b-9873-c393e0de54c0	chr1	216603625	248930189	3	2	1
c63f1c6d-d974-556b-9873-c393e0de54c0	chr2	12784	53266159	2	1	1
c63f1c6d-d974-556b-9873-c393e0de54c0	chr2	53269553	53286711	4	2	2
c63f1c6d-d974-556b-9873-c393e0de54c0	chr2	53286884	54916966	5	3	2
c63f1c6d-d974-556b-9873-c393e0de54c0	chr2	54917269	60561346	4	2	2
c63f1c6d-d974-556b-9873-c393e0de54c0	chr2	60561918	60860694	5	3	2
c63f1c6d-d974-556b-9873-c393e0de54c0	chr2	60862104	62391407	3	2	1
c63f1c6d-d974-556b-9873-c393e0de54c0	chr2	62393410	62565919	5	3	2
c63f1c6d-d974-556b-9873-c393e0de54c0	chr2	62566104	67367705	3	2	1
c63f1c6d-d974-556b-9873-c393e0de54c0	chr2	67368007	88706284	4	2	2
c63f1c6d-d974-556b-9873-c393e0de54c0	chr2	88707239	89268711	6	4	2
c63f1c6d-d974-556b-9873-c393e0de54c0	chr2	89271229	90230139	3	3	0
c63f1c6d-d974-556b-9873-c393e0de54c0	chr2	90235899	95431649	6	4	2
c63f1c6d-d974-556b-9873-c393e0de54c0	chr2	95483057	96707608	9	7	2
c63f1c6d-d974-556b-9873-c393e0de54c0	chr2	96712146	97648228	8	6	2
c63f1c6d-d974-556b-9873-c393e0de54c0	chr2	97651925	99310483	7	5	2
c63f1c6d-d974-556b-9873-c393e0de54c0	chr2	99311872	116707782	5	3	2
c63f1c6d-d974-556b-9873-c393e0de54c0	chr2	116708153	117021749	7	5	2
c63f1c6d-d974-556b-9873-c393e0de54c0	chr2	117028005	133288591	5	3	2
c63f1c6d-d974-556b-9873-c393e0de54c0	chr2	133290468	134030106	11	9	2
c63f1c6d-d974-556b-9873-c393e0de54c0	chr2	134030465	138222307	5	3	2
c63f1c6d-d974-556b-9873-c393e0de54c0	chr2	138238148	139032737	2	2	0
c63f1c6d-d974-556b-9873-c393e0de54c0	chr2	139043307	143331286	5	3	2
c63f1c6d-d974-556b-9873-c393e0de54c0	chr2	143332012	144030955	6	4	2
c63f1c6d-d974-556b-9873-c393e0de54c0	chr2	144035987	242147305	2	2	0
c63f1c6d-d974-556b-9873-c393e0de54c0	chr3	20930	8971202	1	1	0
c63f1c6d-d974-556b-9873-c393e0de54c0	chr3	8971219	10974637	2	2	0
c63f1c6d-d974-556b-9873-c393e0de54c0	chr3	10975450	11806369	1	1	0
c63f1c6d-d974-556b-9873-c393e0de54c0	chr3	11812423	20095016	2	2	0
c63f1c6d-d974-556b-9873-c393e0de54c0	chr3	20095153	20544215	1	1	0
c63f1c6d-d974-556b-9873-c393e0de54c0	chr3	20547181	41237866	2	2	0
c63f1c6d-d974-556b-9873-c393e0de54c0	chr3	41237883	41452100	1	1	0
c63f1c6d-d974-556b-9873-c393e0de54c0	chr3	41452940	116503703	2	2	0
c63f1c6d-d974-556b-9873-c393e0de54c0	chr3	116510764	117143648	0	0	0
c63f1c6d-d974-556b-9873-c393e0de54c0	chr3	117147171	174962519	2	2	0
c63f1c6d-d974-556b-9873-c393e0de54c0	chr3	174963457	175185305	1	1	0
c63f1c6d-d974-556b-9873-c393e0de54c0	chr3	175186102	194980425	4	4	0
c63f1c6d-d974-556b-9873-c393e0de54c0	chr3	194981108	195060592	5	5	0
c63f1c6d-d974-556b-9873-c393e0de54c0	chr3	195061665	198169247	4	4	0
c63f1c6d-d974-556b-9873-c393e0de54c0	chr4	68929	104570107	3	2	1
c63f1c6d-d974-556b-9873-c393e0de54c0	chr4	104570214	104587258	4	3	1
c63f1c6d-d974-556b-9873-c393e0de54c0	chr4	104587519	188996718	3	2	1
c63f1c6d-d974-556b-9873-c393e0de54c0	chr4	189001733	189359214	1	1	0
c63f1c6d-d974-556b-9873-c393e0de54c0	chr4	189360614	190106768	3	2	1
c63f1c6d-d974-556b-9873-c393e0de54c0	chr5	15532	17515692	3	2	1
c63f1c6d-d974-556b-9873-c393e0de54c0	chr5	17601444	17642442	1	1	0
c63f1c6d-d974-556b-9873-c393e0de54c0	chr5	17655029	83050405	3	2	1
c63f1c6d-d974-556b-9873-c393e0de54c0	chr5	83054785	83487245	2	1	1
c63f1c6d-d974-556b-9873-c393e0de54c0	chr5	83489793	165225685	3	2	1
c63f1c6d-d974-556b-9873-c393e0de54c0	chr5	165225860	165589889	2	2	0
c63f1c6d-d974-556b-9873-c393e0de54c0	chr5	165594225	165638040	1	1	0
c63f1c6d-d974-556b-9873-c393e0de54c0	chr5	165638313	165792640	0	0	0
c63f1c6d-d974-556b-9873-c393e0de54c0	chr5	165796116	166277037	1	1	0
c63f1c6d-d974-556b-9873-c393e0de54c0	chr5	166277426	166667136	2	1	1
c63f1c6d-d974-556b-9873-c393e0de54c0	chr5	166669785	181363319	3	2	1
c63f1c6d-d974-556b-9873-c393e0de54c0	chr6	149661	740464	4	2	2
c63f1c6d-d974-556b-9873-c393e0de54c0	chr6	742311	1597992	3	2	1
c63f1c6d-d974-556b-9873-c393e0de54c0	chr6	1608396	3579520	2	1	1
c63f1c6d-d974-556b-9873-c393e0de54c0	chr6	3580001	4017473	1	1	0
c63f1c6d-d974-556b-9873-c393e0de54c0	chr6	4018098	4506321	2	1	1
c63f1c6d-d974-556b-9873-c393e0de54c0	chr6	4506557	4653616	1	1	0
c63f1c6d-d974-556b-9873-c393e0de54c0	chr6	4654748	5275049	2	1	1
c63f1c6d-d974-556b-9873-c393e0de54c0	chr6	5275069	7325041	5	3	2
c63f1c6d-d974-556b-9873-c393e0de54c0	chr6	7327613	10795955	3	2	1
c63f1c6d-d974-556b-9873-c393e0de54c0	chr6	10801155	12069196	4	2	2
c63f1c6d-d974-556b-9873-c393e0de54c0	chr6	12069490	14457367	3	2	1
c63f1c6d-d974-556b-9873-c393e0de54c0	chr6	14461719	17116403	5	3	2
c63f1c6d-d974-556b-9873-c393e0de54c0	chr6	17117372	17711230	7	5	2
c63f1c6d-d974-556b-9873-c393e0de54c0	chr6	17711532	19427599	6	4	2
c63f1c6d-d974-556b-9873-c393e0de54c0	chr6	19429298	24652857	8	6	2
c63f1c6d-d974-556b-9873-c393e0de54c0	chr6	24653045	26197579	6	4	2
c63f1c6d-d974-556b-9873-c393e0de54c0	chr6	26197818	28120553	9	7	2
c63f1c6d-d974-556b-9873-c393e0de54c0	chr6	28121235	30353280	6	4	2
c63f1c6d-d974-556b-9873-c393e0de54c0	chr6	30353412	30804567	4	2	2
c63f1c6d-d974-556b-9873-c393e0de54c0	chr6	30804601	31113632	5	3	2
c63f1c6d-d974-556b-9873-c393e0de54c0	chr6	31114061	37454021	6	4	2
c63f1c6d-d974-556b-9873-c393e0de54c0	chr6	37454661	38654078	9	7	2
c63f1c6d-d974-556b-9873-c393e0de54c0	chr6	38655224	39237240	12	10	2
c63f1c6d-d974-556b-9873-c393e0de54c0	chr6	39244515	41682167	6	4	2
c63f1c6d-d974-556b-9873-c393e0de54c0	chr6	41682998	42191518	5	3	2
c63f1c6d-d974-556b-9873-c393e0de54c0	chr6	42194265	64774549	3	2	1
c63f1c6d-d974-556b-9873-c393e0de54c0	chr6	64775126	68265054	4	3	1
c63f1c6d-d974-556b-9873-c393e0de54c0	chr6	68265848	71120548	3	2	1
c63f1c6d-d974-556b-9873-c393e0de54c0	chr6	71124176	78253157	2	1	1
c63f1c6d-d974-556b-9873-c393e0de54c0	chr6	78253172	78325468	0	0	0
c63f1c6d-d974-556b-9873-c393e0de54c0	chr6	78329517	121471866	2	1	1
c63f1c6d-d974-556b-9873-c393e0de54c0	chr6	121472189	165913654	5	4	1
c63f1c6d-d974-556b-9873-c393e0de54c0	chr6	165913983	165929162	2	2	0
c63f1c6d-d974-556b-9873-c393e0de54c0	chr6	165929656	167099734	4	3	1
c63f1c6d-d974-556b-9873-c393e0de54c0	chr6	167099764	170741917	5	4	1
c63f1c6d-d974-556b-9873-c393e0de54c0	chr7	43259	81400	8	6	2
c63f1c6d-d974-556b-9873-c393e0de54c0	chr7	83656	2191009	3	2	1
c63f1c6d-d974-556b-9873-c393e0de54c0	chr7	2193036	10635271	4	2	2
c63f1c6d-d974-556b-9873-c393e0de54c0	chr7	10636287	13830154	5	3	2
c63f1c6d-d974-556b-9873-c393e0de54c0	chr7	13830872	57295547	2	2	0
c63f1c6d-d974-556b-9873-c393e0de54c0	chr7	57296276	65263183	3	3	0
c63f1c6d-d974-556b-9873-c393e0de54c0	chr7	65265058	65473676	0	0	0
c63f1c6d-d974-556b-9873-c393e0de54c0	chr7	65475914	65626711	1	1	0
c63f1c6d-d974-556b-9873-c393e0de54c0	chr7	65630053	78071602	3	3	0
c63f1c6d-d974-556b-9873-c393e0de54c0	chr7	78073763	78127407	2	2	0
c63f1c6d-d974-556b-9873-c393e0de54c0	chr7	78127787	78323177	0	0	0
c63f1c6d-d974-556b-9873-c393e0de54c0	chr7	78326076	144118714	3	3	0
c63f1c6d-d974-556b-9873-c393e0de54c0	chr7	144118992	144164679	2	2	0
c63f1c6d-d974-556b-9873-c393e0de54c0	chr7	144165265	147137550	3	3	0
c63f1c6d-d974-556b-9873-c393e0de54c0	chr7	147139587	147277702	0	0	0
c63f1c6d-d974-556b-9873-c393e0de54c0	chr7	147277740	148740917	3	3	0
c63f1c6d-d974-556b-9873-c393e0de54c0	chr7	148745607	151628173	5	3	2
c63f1c6d-d974-556b-9873-c393e0de54c0	chr7	151628313	151654999	8	5	3
c63f1c6d-d974-556b-9873-c393e0de54c0	chr7	151657314	151955054	8	4	4
c63f1c6d-d974-556b-9873-c393e0de54c0	chr7	151956550	153236156	10	7	3
c63f1c6d-d974-556b-9873-c393e0de54c0	chr7	153241292	154003461	7	4	3
c63f1c6d-d974-556b-9873-c393e0de54c0	chr7	154016029	154466454	10	7	3
c63f1c6d-d974-556b-9873-c393e0de54c0	chr7	154466471	155603583	7	4	3
c63f1c6d-d974-556b-9873-c393e0de54c0	chr7	155606662	156846194	9	6	3
c63f1c6d-d974-556b-9873-c393e0de54c0	chr7	156847195	157866054	7	4	3
c63f1c6d-d974-556b-9873-c393e0de54c0	chr7	157870121	158368809	5	3	2
c63f1c6d-d974-556b-9873-c393e0de54c0	chr7	158371310	159334314	7	4	3
c63f1c6d-d974-556b-9873-c393e0de54c0	chr8	81254	101248199	4	2	2
c63f1c6d-d974-556b-9873-c393e0de54c0	chr8	101253952	101454483	5	3	2
c63f1c6d-d974-556b-9873-c393e0de54c0	chr8	101456053	141693971	4	2	2
c63f1c6d-d974-556b-9873-c393e0de54c0	chr8	141695798	145072769	3	2	1
c63f1c6d-d974-556b-9873-c393e0de54c0	chr9	46587	2233969	5	3	2
c63f1c6d-d974-556b-9873-c393e0de54c0	chr9	2234069	2431360	7	5	2
c63f1c6d-d974-556b-9873-c393e0de54c0	chr9	2431445	2559553	5	4	1
c63f1c6d-d974-556b-9873-c393e0de54c0	chr9	2559581	3132236	3	2	1
c63f1c6d-d974-556b-9873-c393e0de54c0	chr9	3134738	3139301	2	1	1
c63f1c6d-d974-556b-9873-c393e0de54c0	chr9	3139596	21819478	3	2	1
c63f1c6d-d974-556b-9873-c393e0de54c0	chr9	21828111	41741113	2	1	1
c63f1c6d-d974-556b-9873-c393e0de54c0	chr9	60863881	68420787	3	2	1
c63f1c6d-d974-556b-9873-c393e0de54c0	chr9	68421022	129194707	4	3	1
c63f1c6d-d974-556b-9873-c393e0de54c0	chr9	129196051	138200944	3	2	1
c63f1c6d-d974-556b-9873-c393e0de54c0	chr10	45792	8107317	2	2	0
c63f1c6d-d974-556b-9873-c393e0de54c0	chr10	8109685	10759676	4	2	2
c63f1c6d-d974-556b-9873-c393e0de54c0	chr10	10760258	10909655	3	2	1
c63f1c6d-d974-556b-9873-c393e0de54c0	chr10	10910005	11286900	1	1	0
c63f1c6d-d974-556b-9873-c393e0de54c0	chr10	11287286	11445299	4	3	1
c63f1c6d-d974-556b-9873-c393e0de54c0	chr10	11448024	14602438	2	2	0
c63f1c6d-d974-556b-9873-c393e0de54c0	chr10	14602456	14646031	4	3	1
c63f1c6d-d974-556b-9873-c393e0de54c0	chr10	14646246	14813483	2	2	0
c63f1c6d-d974-556b-9873-c393e0de54c0	chr10	14814255	19278718	4	2	2
c63f1c6d-d974-556b-9873-c393e0de54c0	chr10	19283800	19460751	7	5	2
c63f1c6d-d974-556b-9873-c393e0de54c0	chr10	19460878	20040547	4	2	2
c63f1c6d-d974-556b-9873-c393e0de54c0	chr10	20040563	20485231	7	5	2
c63f1c6d-d974-556b-9873-c393e0de54c0	chr10	20486045	22640093	4	2	2
c63f1c6d-d974-556b-9873-c393e0de54c0	chr10	22643219	23395047	7	5	2
c63f1c6d-d974-556b-9873-c393e0de54c0	chr10	23396527	23920268	5	3	2
c63f1c6d-d974-556b-9873-c393e0de54c0	chr10	23921479	25109177	2	2	0
c63f1c6d-d974-556b-9873-c393e0de54c0	chr10	25109202	25157316	2	1	1
c63f1c6d-d974-556b-9873-c393e0de54c0	chr10	25157685	44982644	4	2	2
c63f1c6d-d974-556b-9873-c393e0de54c0	chr10	44983233	45998155	2	2	0
c63f1c6d-d974-556b-9873-c393e0de54c0	chr10	46169953	46525728	6	3	3
c63f1c6d-d974-556b-9873-c393e0de54c0	chr10	46525759	48271126	2	2	0
c63f1c6d-d974-556b-9873-c393e0de54c0	chr10	48271725	51338310	4	2	2
c63f1c6d-d974-556b-9873-c393e0de54c0	chr10	51340053	51554892	15	13	2
c63f1c6d-d974-556b-9873-c393e0de54c0	chr10	51555683	51930014	13	10	3
c63f1c6d-d974-556b-9873-c393e0de54c0	chr10	51930530	52311266	9	7	2
c63f1c6d-d974-556b-9873-c393e0de54c0	chr10	52311582	52442988	7	5	2
c63f1c6d-d974-556b-9873-c393e0de54c0	chr10	52443336	53957807	10	8	2
c63f1c6d-d974-556b-9873-c393e0de54c0	chr10	53963959	54507474	13	11	2
c63f1c6d-d974-556b-9873-c393e0de54c0	chr10	54513728	89317584	2	2	0
c63f1c6d-d974-556b-9873-c393e0de54c0	chr10	89322027	89816027	4	2	2
c63f1c6d-d974-556b-9873-c393e0de54c0	chr10	89816128	89972004	2	2	0
c63f1c6d-d974-556b-9873-c393e0de54c0	chr10	89972467	90007512	12	10	2
c63f1c6d-d974-556b-9873-c393e0de54c0	chr10	90017394	106567083	2	2	0
c63f1c6d-d974-556b-9873-c393e0de54c0	chr10	106567497	108244392	6	4	2
c63f1c6d-d974-556b-9873-c393e0de54c0	chr10	108244716	110406009	5	3	2
c63f1c6d-d974-556b-9873-c393e0de54c0	chr10	110406376	111127713	2	2	0
c63f1c6d-d974-556b-9873-c393e0de54c0	chr10	111127791	111156024	4	3	1
c63f1c6d-d974-556b-9873-c393e0de54c0	chr10	111158418	111167642	5	4	1
c63f1c6d-d974-556b-9873-c393e0de54c0	chr10	111168278	112209764	2	2	0
c63f1c6d-d974-556b-9873-c393e0de54c0	chr10	112213111	112478612	5	3	2
c63f1c6d-d974-556b-9873-c393e0de54c0	chr10	112484985	113091427	9	7	2
c63f1c6d-d974-556b-9873-c393e0de54c0	chr10	113093166	113302292	6	3	3
c63f1c6d-d974-556b-9873-c393e0de54c0	chr10	113302721	113687282	5	3	2
c63f1c6d-d974-556b-9873-c393e0de54c0	chr10	113692559	114222403	2	2	0
c63f1c6d-d974-556b-9873-c393e0de54c0	chr10	114223955	116136680	5	3	2
c63f1c6d-d974-556b-9873-c393e0de54c0	chr10	116138528	116591902	6	4	2
c63f1c6d-d974-556b-9873-c393e0de54c0	chr10	116592873	117464334	2	2	0
c63f1c6d-d974-556b-9873-c393e0de54c0	chr10	117467831	117605159	5	3	2
c63f1c6d-d974-556b-9873-c393e0de54c0	chr10	117607909	131037829	2	2	0
c63f1c6d-d974-556b-9873-c393e0de54c0	chr10	131038182	131354790	4	2	2
c63f1c6d-d974-556b-9873-c393e0de54c0	chr10	131355673	133654968	2	2	0
c63f1c6d-d974-556b-9873-c393e0de54c0	chr11	198510	80569321	3	2	1
c63f1c6d-d974-556b-9873-c393e0de54c0	chr11	80571320	80635395	2	2	0
c63f1c6d-d974-556b-9873-c393e0de54c0	chr11	80638613	84358092	3	2	1
c63f1c6d-d974-556b-9873-c393e0de54c0	chr11	84368314	84472844	1	1	0
c63f1c6d-d974-556b-9873-c393e0de54c0	chr11	84474204	84607407	2	2	0
c63f1c6d-d974-556b-9873-c393e0de54c0	chr11	84617427	134848620	3	2	1
c63f1c6d-d974-556b-9873-c393e0de54c0	chr11	134849175	135074876	1	1	0
c63f1c6d-d974-556b-9873-c393e0de54c0	chr12	51460	103347855	4	2	2
c63f1c6d-d974-556b-9873-c393e0de54c0	chr12	103348172	103444552	2	1	1
c63f1c6d-d974-556b-9873-c393e0de54c0	chr12	103446161	133201603	3	2	1
c63f1c6d-d974-556b-9873-c393e0de54c0	chr13	18452809	42971715	3	3	0
c63f1c6d-d974-556b-9873-c393e0de54c0	chr13	42975272	43160572	7	7	0
c63f1c6d-d974-556b-9873-c393e0de54c0	chr13	43166276	51967959	3	3	0
c63f1c6d-d974-556b-9873-c393e0de54c0	chr13	51970669	105335612	5	3	2
c63f1c6d-d974-556b-9873-c393e0de54c0	chr13	105335792	107678246	6	4	2
c63f1c6d-d974-556b-9873-c393e0de54c0	chr13	107679726	114342922	5	3	2
c63f1c6d-d974-556b-9873-c393e0de54c0	chr14	18239283	79370637	4	2	2
c63f1c6d-d974-556b-9873-c393e0de54c0	chr14	79372202	79846703	3	2	1
c63f1c6d-d974-556b-9873-c393e0de54c0	chr14	79846967	105037518	4	2	2
c63f1c6d-d974-556b-9873-c393e0de54c0	chr14	105042329	106584053	5	3	2
c63f1c6d-d974-556b-9873-c393e0de54c0	chr14	106588166	106877229	3	2	1
c63f1c6d-d974-556b-9873-c393e0de54c0	chr15	19811075	24184236	3	2	1
c63f1c6d-d974-556b-9873-c393e0de54c0	chr15	24185219	24237898	1	1	0
c63f1c6d-d974-556b-9873-c393e0de54c0	chr15	24240681	33782879	4	2	2
c63f1c6d-d974-556b-9873-c393e0de54c0	chr15	33782950	33804007	3	2	1
c63f1c6d-d974-556b-9873-c393e0de54c0	chr15	33806101	101928837	4	2	2
c63f1c6d-d974-556b-9873-c393e0de54c0	chr16	10777	155144	1	1	0
c63f1c6d-d974-556b-9873-c393e0de54c0	chr16	155285	391809	2	1	1
c63f1c6d-d974-556b-9873-c393e0de54c0	chr16	395897	54817129	3	2	1
c63f1c6d-d974-556b-9873-c393e0de54c0	chr16	54817966	55390215	4	3	1
c63f1c6d-d974-556b-9873-c393e0de54c0	chr16	55391471	58654972	3	2	1
c63f1c6d-d974-556b-9873-c393e0de54c0	chr16	58656193	62307902	4	3	1
c63f1c6d-d974-556b-9873-c393e0de54c0	chr16	62307915	74853173	3	2	1
c63f1c6d-d974-556b-9873-c393e0de54c0	chr16	74853874	75994966	5	3	2
c63f1c6d-d974-556b-9873-c393e0de54c0	chr16	75995274	77763352	7	5	2
c63f1c6d-d974-556b-9873-c393e0de54c0	chr16	77764156	79713988	3	2	1
c63f1c6d-d974-556b-9873-c393e0de54c0	chr16	79714637	79991469	5	3	2
c63f1c6d-d974-556b-9873-c393e0de54c0	chr16	79993251	80056745	9	7	2
c63f1c6d-d974-556b-9873-c393e0de54c0	chr16	80057234	83031886	3	2	1
c63f1c6d-d974-556b-9873-c393e0de54c0	chr16	83032360	83555377	5	3	2
c63f1c6d-d974-556b-9873-c393e0de54c0	chr16	83555884	87268163	3	2	1
c63f1c6d-d974-556b-9873-c393e0de54c0	chr16	87271230	88843380	4	2	2
c63f1c6d-d974-556b-9873-c393e0de54c0	chr16	88846491	90096867	4	3	1
c63f1c6d-d974-556b-9873-c393e0de54c0	chr17	150733	585976	4	4	0
c63f1c6d-d974-556b-9873-c393e0de54c0	chr17	588484	22191101	3	3	0
c63f1c6d-d974-556b-9873-c393e0de54c0	chr17	22191121	27014516	5	5	0
c63f1c6d-d974-556b-9873-c393e0de54c0	chr17	27015487	40271954	2	2	0
c63f1c6d-d974-556b-9873-c393e0de54c0	chr17	40280824	76892597	5	3	2
c63f1c6d-d974-556b-9873-c393e0de54c0	chr17	76893064	83091923	4	2	2
c63f1c6d-d974-556b-9873-c393e0de54c0	chr18	48133	4315254	4	2	2
c63f1c6d-d974-556b-9873-c393e0de54c0	chr18	4316070	4342609	6	4	2
c63f1c6d-d974-556b-9873-c393e0de54c0	chr18	4344138	15402409	4	2	2
c63f1c6d-d974-556b-9873-c393e0de54c0	chr18	20949392	22799592	3	2	1
c63f1c6d-d974-556b-9873-c393e0de54c0	chr18	22799752	22934347	4	2	2
c63f1c6d-d974-556b-9873-c393e0de54c0	chr18	22940725	26627838	3	2	1
c63f1c6d-d974-556b-9873-c393e0de54c0	chr18	26628816	27115460	4	2	2
c63f1c6d-d974-556b-9873-c393e0de54c0	chr18	27120164	27865608	6	3	3
c63f1c6d-d974-556b-9873-c393e0de54c0	chr18	27869856	29628247	4	2	2
c63f1c6d-d974-556b-9873-c393e0de54c0	chr18	29628391	30407438	5	3	2
c63f1c6d-d974-556b-9873-c393e0de54c0	chr18	30407542	30653860	4	2	2
c63f1c6d-d974-556b-9873-c393e0de54c0	chr18	30654270	60430306	3	2	1
c63f1c6d-d974-556b-9873-c393e0de54c0	chr18	60432192	60453998	1	1	0
c63f1c6d-d974-556b-9873-c393e0de54c0	chr18	60459078	61724307	3	2	1
c63f1c6d-d974-556b-9873-c393e0de54c0	chr18	61726757	66615898	4	2	2
c63f1c6d-d974-556b-9873-c393e0de54c0	chr18	66621727	77176653	3	2	1
c63f1c6d-d974-556b-9873-c393e0de54c0	chr18	77181783	79930746	2	1	1
c63f1c6d-d974-556b-9873-c393e0de54c0	chr18	79933807	80257174	1	1	0
c63f1c6d-d974-556b-9873-c393e0de54c0	chr19	90910	665896	3	2	1
c63f1c6d-d974-556b-9873-c393e0de54c0	chr19	669363	9850893	2	2	0
c63f1c6d-d974-556b-9873-c393e0de54c0	chr19	9851384	11643018	3	3	0
c63f1c6d-d974-556b-9873-c393e0de54c0	chr19	11644922	12915269	2	2	0
c63f1c6d-d974-556b-9873-c393e0de54c0	chr19	12916048	14276073	4	3	1
c63f1c6d-d974-556b-9873-c393e0de54c0	chr19	14279268	17660393	3	3	0
c63f1c6d-d974-556b-9873-c393e0de54c0	chr19	17662624	22955945	2	2	0
c63f1c6d-d974-556b-9873-c393e0de54c0	chr19	22956894	23132108	3	3	0
c63f1c6d-d974-556b-9873-c393e0de54c0	chr19	23132178	24400510	2	2	0
c63f1c6d-d974-556b-9873-c393e0de54c0	chr19	24413948	29681434	3	2	1
c63f1c6d-d974-556b-9873-c393e0de54c0	chr19	29684642	31396415	4	2	2
c63f1c6d-d974-556b-9873-c393e0de54c0	chr19	31396593	31409102	6	4	2
c63f1c6d-d974-556b-9873-c393e0de54c0	chr19	31409562	53169034	4	2	2
c63f1c6d-d974-556b-9873-c393e0de54c0	chr19	53171385	53228141	5	3	2
c63f1c6d-d974-556b-9873-c393e0de54c0	chr19	53228237	58586487	4	2	2
c63f1c6d-d974-556b-9873-c393e0de54c0	chr20	80664	1580353	3	2	1
c63f1c6d-d974-556b-9873-c393e0de54c0	chr20	1580934	1613247	27	27	0
c63f1c6d-d974-556b-9873-c393e0de54c0	chr20	1617300	42075267	4	2	2
c63f1c6d-d974-556b-9873-c393e0de54c0	chr20	42079297	64324800	4	3	1
c63f1c6d-d974-556b-9873-c393e0de54c0	chr21	12973348	18638359	4	2	2
c63f1c6d-d974-556b-9873-c393e0de54c0	chr21	18641887	36103191	7	5	2
c63f1c6d-d974-556b-9873-c393e0de54c0	chr21	36104061	36247216	8	4	4
c63f1c6d-d974-556b-9873-c393e0de54c0	chr21	36247984	38860884	6	4	2
c63f1c6d-d974-556b-9873-c393e0de54c0	chr21	38862988	42121141	7	5	2
c63f1c6d-d974-556b-9873-c393e0de54c0	chr21	42121232	42126862	10	8	2
c63f1c6d-d974-556b-9873-c393e0de54c0	chr21	42127502	44721872	7	5	2
c63f1c6d-d974-556b-9873-c393e0de54c0	chr21	44722944	46677045	5	3	2
c63f1c6d-d974-556b-9873-c393e0de54c0	chr22	16392123	50796027	3	2	1
c63f1c6d-d974-556b-9873-c393e0de54c0	chrX	251810	490407	5	3	2
c63f1c6d-d974-556b-9873-c393e0de54c0	chrX	507629	554899	7	4	3
c63f1c6d-d974-556b-9873-c393e0de54c0	chrX	555958	707991	5	3	2
c63f1c6d-d974-556b-9873-c393e0de54c0	chrX	717914	733195	7	4	3
c63f1c6d-d974-556b-9873-c393e0de54c0	chrX	733497	956301	5	3	2
c63f1c6d-d974-556b-9873-c393e0de54c0	chrX	959750	1059510	6	3	3
c63f1c6d-d974-556b-9873-c393e0de54c0	chrX	1059715	1480942	4	2	2
c63f1c6d-d974-556b-9873-c393e0de54c0	chrX	1482489	1803878	6	3	3
c63f1c6d-d974-556b-9873-c393e0de54c0	chrX	1804061	2634737	5	3	2
c63f1c6d-d974-556b-9873-c393e0de54c0	chrX	2639107	2710375	6	3	3
c63f1c6d-d974-556b-9873-c393e0de54c0	chrX	2714781	2775583	5	3	2
c63f1c6d-d974-556b-9873-c393e0de54c0	chrX	2776199	89180255	2	2	0
c63f1c6d-d974-556b-9873-c393e0de54c0	chrX	89183262	90963623	4	3	1
c63f1c6d-d974-556b-9873-c393e0de54c0	chrX	90966184	108772825	3	2	1
c63f1c6d-d974-556b-9873-c393e0de54c0	chrX	108776549	155699647	1	1	0
c63f1c6d-d974-556b-9873-c393e0de54c0	chrX	155699837	156004181	3	2	1
c63f1c6d-d974-556b-9873-c393e0de54c0	chrY	2782397	26653788	4	4	0
c63f1c6d-d974-556b-9873-c393e0de54c0	chrY	56872112	56872112	1	1	0
