GDC_Aliquot	Chromosome	Start	End	Copy_Number	Major_Copy_Number	Minor_Copy_Number
b1e82ea6-0f9b-59da-95c5-1913a60d63d7	chr1	62920	53122742	4	2	2
b1e82ea6-0f9b-59da-95c5-1913a60d63d7	chr1	53122771	53145180	5	3	2
b1e82ea6-0f9b-59da-95c5-1913a60d63d7	chr1	53148235	55325628	4	2	2
b1e82ea6-0f9b-59da-95c5-1913a60d63d7	chr1	55327049	55354768	5	3	2
b1e82ea6-0f9b-59da-95c5-1913a60d63d7	chr1	55354964	71243124	4	2	2
b1e82ea6-0f9b-59da-95c5-1913a60d63d7	chr1	71243522	71407988	3	2	1
b1e82ea6-0f9b-59da-95c5-1913a60d63d7	chr1	71408845	71864741	4	2	2
b1e82ea6-0f9b-59da-95c5-1913a60d63d7	chr1	71865679	72063195	2	1	1
b1e82ea6-0f9b-59da-95c5-1913a60d63d7	chr1	72064183	121705338	4	2	2
b1e82ea6-0f9b-59da-95c5-1913a60d63d7	chr1	143541857	150162143	4	3	1
b1e82ea6-0f9b-59da-95c5-1913a60d63d7	chr1	150163957	150940120	9	6	3
b1e82ea6-0f9b-59da-95c5-1913a60d63d7	chr1	150941402	152583051	6	3	3
b1e82ea6-0f9b-59da-95c5-1913a60d63d7	chr1	152583230	152614064	0	0	0
b1e82ea6-0f9b-59da-95c5-1913a60d63d7	chr1	152614100	152772486	5	3	2
b1e82ea6-0f9b-59da-95c5-1913a60d63d7	chr1	152774650	155765221	4	3	1
b1e82ea6-0f9b-59da-95c5-1913a60d63d7	chr1	155767594	156057759	5	3	2
b1e82ea6-0f9b-59da-95c5-1913a60d63d7	chr1	156057846	157650099	4	3	1
b1e82ea6-0f9b-59da-95c5-1913a60d63d7	chr1	157650353	158691149	5	3	2
b1e82ea6-0f9b-59da-95c5-1913a60d63d7	chr1	158692940	172327461	4	3	1
b1e82ea6-0f9b-59da-95c5-1913a60d63d7	chr1	172328203	172393661	9	7	2
b1e82ea6-0f9b-59da-95c5-1913a60d63d7	chr1	172396016	192592234	4	3	1
b1e82ea6-0f9b-59da-95c5-1913a60d63d7	chr1	192593028	193292213	4	2	2
b1e82ea6-0f9b-59da-95c5-1913a60d63d7	chr1	193293423	194974524	5	3	2
b1e82ea6-0f9b-59da-95c5-1913a60d63d7	chr1	194978124	197926587	6	3	3
b1e82ea6-0f9b-59da-95c5-1913a60d63d7	chr1	197927872	207853847	4	3	1
b1e82ea6-0f9b-59da-95c5-1913a60d63d7	chr1	207854114	217250521	1	1	0
b1e82ea6-0f9b-59da-95c5-1913a60d63d7	chr1	217251120	224515791	2	2	0
b1e82ea6-0f9b-59da-95c5-1913a60d63d7	chr1	224516534	225535447	1	1	0
b1e82ea6-0f9b-59da-95c5-1913a60d63d7	chr1	225536312	226993384	2	2	0
b1e82ea6-0f9b-59da-95c5-1913a60d63d7	chr1	227000597	227690298	1	1	0
b1e82ea6-0f9b-59da-95c5-1913a60d63d7	chr1	227693052	229295666	2	2	0
b1e82ea6-0f9b-59da-95c5-1913a60d63d7	chr1	229296169	233818311	1	1	0
b1e82ea6-0f9b-59da-95c5-1913a60d63d7	chr1	233818537	234431555	2	2	0
b1e82ea6-0f9b-59da-95c5-1913a60d63d7	chr1	234431722	241054463	1	1	0
b1e82ea6-0f9b-59da-95c5-1913a60d63d7	chr1	241055011	241514374	3	3	0
b1e82ea6-0f9b-59da-95c5-1913a60d63d7	chr1	241516007	248930189	2	2	0
b1e82ea6-0f9b-59da-95c5-1913a60d63d7	chr2	12784	7286476	2	2	0
b1e82ea6-0f9b-59da-95c5-1913a60d63d7	chr2	7287182	7424162	6	4	2
b1e82ea6-0f9b-59da-95c5-1913a60d63d7	chr2	7424637	8861779	5	3	2
b1e82ea6-0f9b-59da-95c5-1913a60d63d7	chr2	8862347	10089537	4	2	2
b1e82ea6-0f9b-59da-95c5-1913a60d63d7	chr2	10089604	10724471	6	4	2
b1e82ea6-0f9b-59da-95c5-1913a60d63d7	chr2	10724990	11646706	2	2	0
b1e82ea6-0f9b-59da-95c5-1913a60d63d7	chr2	11647113	11785209	6	4	2
b1e82ea6-0f9b-59da-95c5-1913a60d63d7	chr2	11789202	17767339	3	2	1
b1e82ea6-0f9b-59da-95c5-1913a60d63d7	chr2	17767382	17807531	4	2	2
b1e82ea6-0f9b-59da-95c5-1913a60d63d7	chr2	17808199	20736756	3	2	1
b1e82ea6-0f9b-59da-95c5-1913a60d63d7	chr2	20738654	24086830	5	4	1
b1e82ea6-0f9b-59da-95c5-1913a60d63d7	chr2	24087235	24469770	6	4	2
b1e82ea6-0f9b-59da-95c5-1913a60d63d7	chr2	24469940	25239416	5	4	1
b1e82ea6-0f9b-59da-95c5-1913a60d63d7	chr2	25241002	37358820	6	4	2
b1e82ea6-0f9b-59da-95c5-1913a60d63d7	chr2	37359103	38181818	5	4	1
b1e82ea6-0f9b-59da-95c5-1913a60d63d7	chr2	38182078	38648645	4	4	0
b1e82ea6-0f9b-59da-95c5-1913a60d63d7	chr2	38651175	39667215	5	4	1
b1e82ea6-0f9b-59da-95c5-1913a60d63d7	chr2	39667692	39896092	6	4	2
b1e82ea6-0f9b-59da-95c5-1913a60d63d7	chr2	39896764	42380771	8	4	4
b1e82ea6-0f9b-59da-95c5-1913a60d63d7	chr2	42383411	50287963	6	4	2
b1e82ea6-0f9b-59da-95c5-1913a60d63d7	chr2	50288790	51334855	5	4	1
b1e82ea6-0f9b-59da-95c5-1913a60d63d7	chr2	51339566	54738471	4	4	0
b1e82ea6-0f9b-59da-95c5-1913a60d63d7	chr2	54741258	54992418	5	5	0
b1e82ea6-0f9b-59da-95c5-1913a60d63d7	chr2	54992663	79445329	4	4	0
b1e82ea6-0f9b-59da-95c5-1913a60d63d7	chr2	79447201	81404588	8	4	4
b1e82ea6-0f9b-59da-95c5-1913a60d63d7	chr2	81404956	81605395	4	4	0
b1e82ea6-0f9b-59da-95c5-1913a60d63d7	chr2	81605453	82317083	2	2	0
b1e82ea6-0f9b-59da-95c5-1913a60d63d7	chr2	82318639	83275068	6	4	2
b1e82ea6-0f9b-59da-95c5-1913a60d63d7	chr2	83277004	83884229	8	6	2
b1e82ea6-0f9b-59da-95c5-1913a60d63d7	chr2	83884554	84674051	6	4	2
b1e82ea6-0f9b-59da-95c5-1913a60d63d7	chr2	84674731	85684538	7	5	2
b1e82ea6-0f9b-59da-95c5-1913a60d63d7	chr2	85684554	88826703	2	2	0
b1e82ea6-0f9b-59da-95c5-1913a60d63d7	chr2	88826790	91585286	4	3	1
b1e82ea6-0f9b-59da-95c5-1913a60d63d7	chr2	91670923	124111748	3	2	1
b1e82ea6-0f9b-59da-95c5-1913a60d63d7	chr2	124112088	124135015	5	3	2
b1e82ea6-0f9b-59da-95c5-1913a60d63d7	chr2	124135385	141215800	3	2	1
b1e82ea6-0f9b-59da-95c5-1913a60d63d7	chr2	141217853	141389864	1	1	0
b1e82ea6-0f9b-59da-95c5-1913a60d63d7	chr2	141391759	144906044	4	3	1
b1e82ea6-0f9b-59da-95c5-1913a60d63d7	chr2	144906630	146804519	5	3	2
b1e82ea6-0f9b-59da-95c5-1913a60d63d7	chr2	146807109	176807657	4	3	1
b1e82ea6-0f9b-59da-95c5-1913a60d63d7	chr2	176807998	176812759	7	5	2
b1e82ea6-0f9b-59da-95c5-1913a60d63d7	chr2	176813212	187378968	4	3	1
b1e82ea6-0f9b-59da-95c5-1913a60d63d7	chr2	187379835	188938163	5	3	2
b1e82ea6-0f9b-59da-95c5-1913a60d63d7	chr2	188940049	198217390	4	3	1
b1e82ea6-0f9b-59da-95c5-1913a60d63d7	chr2	198217555	199975745	5	3	2
b1e82ea6-0f9b-59da-95c5-1913a60d63d7	chr2	199976451	204112891	4	3	1
b1e82ea6-0f9b-59da-95c5-1913a60d63d7	chr2	204114888	204478736	3	3	0
b1e82ea6-0f9b-59da-95c5-1913a60d63d7	chr2	204479236	204484001	0	0	0
b1e82ea6-0f9b-59da-95c5-1913a60d63d7	chr2	204484672	212965437	3	3	0
b1e82ea6-0f9b-59da-95c5-1913a60d63d7	chr2	212966611	212973677	4	4	0
b1e82ea6-0f9b-59da-95c5-1913a60d63d7	chr2	212974495	241138489	3	3	0
b1e82ea6-0f9b-59da-95c5-1913a60d63d7	chr2	241138642	242147305	2	2	0
b1e82ea6-0f9b-59da-95c5-1913a60d63d7	chr3	20930	5336132	3	2	1
b1e82ea6-0f9b-59da-95c5-1913a60d63d7	chr3	5336724	8595903	4	3	1
b1e82ea6-0f9b-59da-95c5-1913a60d63d7	chr3	8597882	8669889	6	4	2
b1e82ea6-0f9b-59da-95c5-1913a60d63d7	chr3	8670541	10928956	3	3	0
b1e82ea6-0f9b-59da-95c5-1913a60d63d7	chr3	10931199	51734893	2	2	0
b1e82ea6-0f9b-59da-95c5-1913a60d63d7	chr3	51735190	52034720	3	2	1
b1e82ea6-0f9b-59da-95c5-1913a60d63d7	chr3	52041821	60501157	2	2	0
b1e82ea6-0f9b-59da-95c5-1913a60d63d7	chr3	60501281	60557750	0	0	0
b1e82ea6-0f9b-59da-95c5-1913a60d63d7	chr3	60558399	85691098	2	2	0
b1e82ea6-0f9b-59da-95c5-1913a60d63d7	chr3	85691284	86086825	1	1	0
b1e82ea6-0f9b-59da-95c5-1913a60d63d7	chr3	86089886	87085262	2	2	0
b1e82ea6-0f9b-59da-95c5-1913a60d63d7	chr3	87086479	88591464	3	2	1
b1e82ea6-0f9b-59da-95c5-1913a60d63d7	chr3	88593462	94252914	2	2	0
b1e82ea6-0f9b-59da-95c5-1913a60d63d7	chr3	94255136	96263881	2	1	1
b1e82ea6-0f9b-59da-95c5-1913a60d63d7	chr3	96268719	96327940	3	2	1
b1e82ea6-0f9b-59da-95c5-1913a60d63d7	chr3	96328659	99252819	2	1	1
b1e82ea6-0f9b-59da-95c5-1913a60d63d7	chr3	99252837	116450197	3	2	1
b1e82ea6-0f9b-59da-95c5-1913a60d63d7	chr3	116450569	116605574	1	1	0
b1e82ea6-0f9b-59da-95c5-1913a60d63d7	chr3	116606035	117226450	0	0	0
b1e82ea6-0f9b-59da-95c5-1913a60d63d7	chr3	117233479	117293507	2	2	0
b1e82ea6-0f9b-59da-95c5-1913a60d63d7	chr3	117295218	117463357	3	2	1
b1e82ea6-0f9b-59da-95c5-1913a60d63d7	chr3	117464796	117789354	2	1	1
b1e82ea6-0f9b-59da-95c5-1913a60d63d7	chr3	117790526	162790480	3	2	1
b1e82ea6-0f9b-59da-95c5-1913a60d63d7	chr3	162794869	162908207	8	8	0
b1e82ea6-0f9b-59da-95c5-1913a60d63d7	chr3	162908784	175099137	3	2	1
b1e82ea6-0f9b-59da-95c5-1913a60d63d7	chr3	175099246	175154111	2	1	1
b1e82ea6-0f9b-59da-95c5-1913a60d63d7	chr3	175163075	175211216	1	1	0
b1e82ea6-0f9b-59da-95c5-1913a60d63d7	chr3	175214414	175222949	2	1	1
b1e82ea6-0f9b-59da-95c5-1913a60d63d7	chr3	175223196	175223466	1	1	0
b1e82ea6-0f9b-59da-95c5-1913a60d63d7	chr3	175226150	177784254	3	2	1
b1e82ea6-0f9b-59da-95c5-1913a60d63d7	chr3	177784383	178254524	4	3	1
b1e82ea6-0f9b-59da-95c5-1913a60d63d7	chr3	178261782	178431265	7	5	2
b1e82ea6-0f9b-59da-95c5-1913a60d63d7	chr3	178431390	182399133	3	2	1
b1e82ea6-0f9b-59da-95c5-1913a60d63d7	chr3	182401733	183847696	5	3	2
b1e82ea6-0f9b-59da-95c5-1913a60d63d7	chr3	183849154	189831634	3	2	1
b1e82ea6-0f9b-59da-95c5-1913a60d63d7	chr3	189832412	189856658	11	8	3
b1e82ea6-0f9b-59da-95c5-1913a60d63d7	chr3	189861013	190497159	7	5	2
b1e82ea6-0f9b-59da-95c5-1913a60d63d7	chr3	190498021	191679778	3	2	1
b1e82ea6-0f9b-59da-95c5-1913a60d63d7	chr3	191680786	192577494	5	3	2
b1e82ea6-0f9b-59da-95c5-1913a60d63d7	chr3	192580488	192597610	8	6	2
b1e82ea6-0f9b-59da-95c5-1913a60d63d7	chr3	192597670	193201667	6	4	2
b1e82ea6-0f9b-59da-95c5-1913a60d63d7	chr3	193201821	194574022	3	2	1
b1e82ea6-0f9b-59da-95c5-1913a60d63d7	chr3	194576041	196046906	8	6	2
b1e82ea6-0f9b-59da-95c5-1913a60d63d7	chr3	196049719	198169247	3	2	1
b1e82ea6-0f9b-59da-95c5-1913a60d63d7	chr4	68929	6759849	2	2	0
b1e82ea6-0f9b-59da-95c5-1913a60d63d7	chr4	6765143	8665160	7	5	2
b1e82ea6-0f9b-59da-95c5-1913a60d63d7	chr4	8676638	10716305	4	2	2
b1e82ea6-0f9b-59da-95c5-1913a60d63d7	chr4	10722151	14796342	3	2	1
b1e82ea6-0f9b-59da-95c5-1913a60d63d7	chr4	14801259	15143372	7	5	2
b1e82ea6-0f9b-59da-95c5-1913a60d63d7	chr4	15144305	15593275	5	3	2
b1e82ea6-0f9b-59da-95c5-1913a60d63d7	chr4	15595898	16017000	3	2	1
b1e82ea6-0f9b-59da-95c5-1913a60d63d7	chr4	16017297	16911285	2	2	0
b1e82ea6-0f9b-59da-95c5-1913a60d63d7	chr4	16912143	17040213	3	2	1
b1e82ea6-0f9b-59da-95c5-1913a60d63d7	chr4	17042144	18579411	4	2	2
b1e82ea6-0f9b-59da-95c5-1913a60d63d7	chr4	18579958	19386743	2	2	0
b1e82ea6-0f9b-59da-95c5-1913a60d63d7	chr4	19393514	20142200	7	5	2
b1e82ea6-0f9b-59da-95c5-1913a60d63d7	chr4	20153934	20649884	10	8	2
b1e82ea6-0f9b-59da-95c5-1913a60d63d7	chr4	20652912	22144929	4	2	2
b1e82ea6-0f9b-59da-95c5-1913a60d63d7	chr4	22145069	23519719	9	7	2
b1e82ea6-0f9b-59da-95c5-1913a60d63d7	chr4	23520124	25109688	7	5	2
b1e82ea6-0f9b-59da-95c5-1913a60d63d7	chr4	25113724	26247922	2	2	0
b1e82ea6-0f9b-59da-95c5-1913a60d63d7	chr4	26252955	27302906	4	2	2
b1e82ea6-0f9b-59da-95c5-1913a60d63d7	chr4	27302923	27742585	3	2	1
b1e82ea6-0f9b-59da-95c5-1913a60d63d7	chr4	27749969	28707094	8	6	2
b1e82ea6-0f9b-59da-95c5-1913a60d63d7	chr4	28707460	30057762	4	2	2
b1e82ea6-0f9b-59da-95c5-1913a60d63d7	chr4	30058929	30835572	8	6	2
b1e82ea6-0f9b-59da-95c5-1913a60d63d7	chr4	30837682	31306077	12	10	2
b1e82ea6-0f9b-59da-95c5-1913a60d63d7	chr4	31306168	31520981	8	6	2
b1e82ea6-0f9b-59da-95c5-1913a60d63d7	chr4	31521408	32172212	15	13	2
b1e82ea6-0f9b-59da-95c5-1913a60d63d7	chr4	32179660	32929488	8	6	2
b1e82ea6-0f9b-59da-95c5-1913a60d63d7	chr4	32934566	38509290	4	2	2
b1e82ea6-0f9b-59da-95c5-1913a60d63d7	chr4	38509307	39404466	8	6	2
b1e82ea6-0f9b-59da-95c5-1913a60d63d7	chr4	39407796	39941248	4	2	2
b1e82ea6-0f9b-59da-95c5-1913a60d63d7	chr4	39944977	40869970	6	4	2
b1e82ea6-0f9b-59da-95c5-1913a60d63d7	chr4	40871728	42550821	7	5	2
b1e82ea6-0f9b-59da-95c5-1913a60d63d7	chr4	42559601	44624829	5	5	0
b1e82ea6-0f9b-59da-95c5-1913a60d63d7	chr4	44628531	45917619	7	7	0
b1e82ea6-0f9b-59da-95c5-1913a60d63d7	chr4	45919971	47546220	5	5	0
b1e82ea6-0f9b-59da-95c5-1913a60d63d7	chr4	47546237	49091769	3	3	0
b1e82ea6-0f9b-59da-95c5-1913a60d63d7	chr4	49112078	55143998	3	2	1
b1e82ea6-0f9b-59da-95c5-1913a60d63d7	chr4	55145149	67433235	4	2	2
b1e82ea6-0f9b-59da-95c5-1913a60d63d7	chr4	67439067	75692916	6	4	2
b1e82ea6-0f9b-59da-95c5-1913a60d63d7	chr4	75699181	78330328	10	8	2
b1e82ea6-0f9b-59da-95c5-1913a60d63d7	chr4	78331948	80476359	6	4	2
b1e82ea6-0f9b-59da-95c5-1913a60d63d7	chr4	80478682	80569111	11	7	4
b1e82ea6-0f9b-59da-95c5-1913a60d63d7	chr4	80569223	83597739	9	7	2
b1e82ea6-0f9b-59da-95c5-1913a60d63d7	chr4	83597923	85546080	6	4	2
b1e82ea6-0f9b-59da-95c5-1913a60d63d7	chr4	85546179	85868515	5	3	2
b1e82ea6-0f9b-59da-95c5-1913a60d63d7	chr4	85869578	86775509	3	2	1
b1e82ea6-0f9b-59da-95c5-1913a60d63d7	chr4	86779527	88110665	5	3	2
b1e82ea6-0f9b-59da-95c5-1913a60d63d7	chr4	88117930	89916979	6	4	2
b1e82ea6-0f9b-59da-95c5-1913a60d63d7	chr4	89923841	90450842	4	2	2
b1e82ea6-0f9b-59da-95c5-1913a60d63d7	chr4	90457621	91130528	5	3	2
b1e82ea6-0f9b-59da-95c5-1913a60d63d7	chr4	91132431	96663710	4	2	2
b1e82ea6-0f9b-59da-95c5-1913a60d63d7	chr4	96664846	97270326	3	2	1
b1e82ea6-0f9b-59da-95c5-1913a60d63d7	chr4	97271204	101726832	4	2	2
b1e82ea6-0f9b-59da-95c5-1913a60d63d7	chr4	101730875	103011447	3	2	1
b1e82ea6-0f9b-59da-95c5-1913a60d63d7	chr4	103013032	105751041	2	2	0
b1e82ea6-0f9b-59da-95c5-1913a60d63d7	chr4	105751406	119319983	4	2	2
b1e82ea6-0f9b-59da-95c5-1913a60d63d7	chr4	119320069	119341580	3	2	1
b1e82ea6-0f9b-59da-95c5-1913a60d63d7	chr4	119341909	122004374	4	2	2
b1e82ea6-0f9b-59da-95c5-1913a60d63d7	chr4	122007101	127529906	5	3	2
b1e82ea6-0f9b-59da-95c5-1913a60d63d7	chr4	127533276	145047164	4	2	2
b1e82ea6-0f9b-59da-95c5-1913a60d63d7	chr4	145047356	145231257	6	4	2
b1e82ea6-0f9b-59da-95c5-1913a60d63d7	chr4	145231646	146693233	4	2	2
b1e82ea6-0f9b-59da-95c5-1913a60d63d7	chr4	146697661	168594011	2	2	0
b1e82ea6-0f9b-59da-95c5-1913a60d63d7	chr4	168594524	180183958	4	2	2
b1e82ea6-0f9b-59da-95c5-1913a60d63d7	chr4	180186879	180652223	3	2	1
b1e82ea6-0f9b-59da-95c5-1913a60d63d7	chr4	180652761	180861945	4	2	2
b1e82ea6-0f9b-59da-95c5-1913a60d63d7	chr4	180862799	181227668	3	2	1
b1e82ea6-0f9b-59da-95c5-1913a60d63d7	chr4	181234669	181403906	1	1	0
b1e82ea6-0f9b-59da-95c5-1913a60d63d7	chr4	181404827	182315574	2	2	0
b1e82ea6-0f9b-59da-95c5-1913a60d63d7	chr4	182318139	190106768	4	2	2
b1e82ea6-0f9b-59da-95c5-1913a60d63d7	chr5	15532	16472715	3	2	1
b1e82ea6-0f9b-59da-95c5-1913a60d63d7	chr5	16474310	19960312	5	3	2
b1e82ea6-0f9b-59da-95c5-1913a60d63d7	chr5	19960432	20270381	3	2	1
b1e82ea6-0f9b-59da-95c5-1913a60d63d7	chr5	20270431	23522543	4	2	2
b1e82ea6-0f9b-59da-95c5-1913a60d63d7	chr5	23522876	26593927	3	2	1
b1e82ea6-0f9b-59da-95c5-1913a60d63d7	chr5	26602094	30971853	5	3	2
b1e82ea6-0f9b-59da-95c5-1913a60d63d7	chr5	30971986	40122085	3	2	1
b1e82ea6-0f9b-59da-95c5-1913a60d63d7	chr5	40124296	41413567	4	2	2
b1e82ea6-0f9b-59da-95c5-1913a60d63d7	chr5	41413594	52758090	3	2	1
b1e82ea6-0f9b-59da-95c5-1913a60d63d7	chr5	52758161	55061605	4	2	2
b1e82ea6-0f9b-59da-95c5-1913a60d63d7	chr5	55061929	55690947	3	2	1
b1e82ea6-0f9b-59da-95c5-1913a60d63d7	chr5	55698236	55924222	4	2	2
b1e82ea6-0f9b-59da-95c5-1913a60d63d7	chr5	55926674	165260354	3	2	1
b1e82ea6-0f9b-59da-95c5-1913a60d63d7	chr5	165262791	165343217	1	1	0
b1e82ea6-0f9b-59da-95c5-1913a60d63d7	chr5	165346345	165537206	0	0	0
b1e82ea6-0f9b-59da-95c5-1913a60d63d7	chr5	165538822	165759167	1	1	0
b1e82ea6-0f9b-59da-95c5-1913a60d63d7	chr5	165761444	165829187	2	2	0
b1e82ea6-0f9b-59da-95c5-1913a60d63d7	chr5	165830534	165951090	1	1	0
b1e82ea6-0f9b-59da-95c5-1913a60d63d7	chr5	165952481	166083557	0	0	0
b1e82ea6-0f9b-59da-95c5-1913a60d63d7	chr5	166084240	166940735	1	1	0
b1e82ea6-0f9b-59da-95c5-1913a60d63d7	chr5	166941165	167046814	2	1	1
b1e82ea6-0f9b-59da-95c5-1913a60d63d7	chr5	167053540	167596996	2	2	0
b1e82ea6-0f9b-59da-95c5-1913a60d63d7	chr5	167597414	167760111	3	2	1
b1e82ea6-0f9b-59da-95c5-1913a60d63d7	chr5	167761030	172525600	4	2	2
b1e82ea6-0f9b-59da-95c5-1913a60d63d7	chr5	172529105	172868343	5	3	2
b1e82ea6-0f9b-59da-95c5-1913a60d63d7	chr5	172868651	181363319	4	2	2
b1e82ea6-0f9b-59da-95c5-1913a60d63d7	chr6	149661	1645597	3	2	1
b1e82ea6-0f9b-59da-95c5-1913a60d63d7	chr6	1649642	2141240	2	2	0
b1e82ea6-0f9b-59da-95c5-1913a60d63d7	chr6	2141999	4957941	4	2	2
b1e82ea6-0f9b-59da-95c5-1913a60d63d7	chr6	4958248	4976774	11	7	4
b1e82ea6-0f9b-59da-95c5-1913a60d63d7	chr6	4977975	11805373	4	2	2
b1e82ea6-0f9b-59da-95c5-1913a60d63d7	chr6	11806902	11888051	3	2	1
b1e82ea6-0f9b-59da-95c5-1913a60d63d7	chr6	11889294	12182469	6	4	2
b1e82ea6-0f9b-59da-95c5-1913a60d63d7	chr6	12185366	15321628	4	2	2
b1e82ea6-0f9b-59da-95c5-1913a60d63d7	chr6	15326158	15502076	3	2	1
b1e82ea6-0f9b-59da-95c5-1913a60d63d7	chr6	15503315	18837254	4	2	2
b1e82ea6-0f9b-59da-95c5-1913a60d63d7	chr6	18838906	18921087	5	3	2
b1e82ea6-0f9b-59da-95c5-1913a60d63d7	chr6	18921943	38493484	4	2	2
b1e82ea6-0f9b-59da-95c5-1913a60d63d7	chr6	38496060	38931709	11	9	2
b1e82ea6-0f9b-59da-95c5-1913a60d63d7	chr6	38931906	39340431	4	2	2
b1e82ea6-0f9b-59da-95c5-1913a60d63d7	chr6	39340663	39656058	11	7	4
b1e82ea6-0f9b-59da-95c5-1913a60d63d7	chr6	39657598	44534136	4	2	2
b1e82ea6-0f9b-59da-95c5-1913a60d63d7	chr6	44534618	44703389	5	3	2
b1e82ea6-0f9b-59da-95c5-1913a60d63d7	chr6	44705661	46453186	4	2	2
b1e82ea6-0f9b-59da-95c5-1913a60d63d7	chr6	46453596	46974251	3	2	1
b1e82ea6-0f9b-59da-95c5-1913a60d63d7	chr6	46974817	56135322	4	2	2
b1e82ea6-0f9b-59da-95c5-1913a60d63d7	chr6	56135374	56412564	3	2	1
b1e82ea6-0f9b-59da-95c5-1913a60d63d7	chr6	56413055	61737072	4	2	2
b1e82ea6-0f9b-59da-95c5-1913a60d63d7	chr6	61737562	101554480	3	2	1
b1e82ea6-0f9b-59da-95c5-1913a60d63d7	chr6	101554992	105082089	4	3	1
b1e82ea6-0f9b-59da-95c5-1913a60d63d7	chr6	105084968	105096244	5	4	1
b1e82ea6-0f9b-59da-95c5-1913a60d63d7	chr6	105097515	117258195	4	3	1
b1e82ea6-0f9b-59da-95c5-1913a60d63d7	chr6	117258422	117494882	3	2	1
b1e82ea6-0f9b-59da-95c5-1913a60d63d7	chr6	117494930	120177540	4	3	1
b1e82ea6-0f9b-59da-95c5-1913a60d63d7	chr6	120180214	120579429	1	1	0
b1e82ea6-0f9b-59da-95c5-1913a60d63d7	chr6	120579945	121494582	4	3	1
b1e82ea6-0f9b-59da-95c5-1913a60d63d7	chr6	121499063	121659486	8	5	3
b1e82ea6-0f9b-59da-95c5-1913a60d63d7	chr6	121660295	122210754	5	4	1
b1e82ea6-0f9b-59da-95c5-1913a60d63d7	chr6	122215124	122436840	6	4	2
b1e82ea6-0f9b-59da-95c5-1913a60d63d7	chr6	122436905	166118967	4	3	1
b1e82ea6-0f9b-59da-95c5-1913a60d63d7	chr6	166121170	166630591	3	2	1
b1e82ea6-0f9b-59da-95c5-1913a60d63d7	chr6	166634139	166645252	2	2	0
b1e82ea6-0f9b-59da-95c5-1913a60d63d7	chr6	166646040	170741917	4	3	1
b1e82ea6-0f9b-59da-95c5-1913a60d63d7	chr7	43259	14928551	3	2	1
b1e82ea6-0f9b-59da-95c5-1913a60d63d7	chr7	14930897	15041968	2	1	1
b1e82ea6-0f9b-59da-95c5-1913a60d63d7	chr7	15042540	19724266	3	2	1
b1e82ea6-0f9b-59da-95c5-1913a60d63d7	chr7	19725890	19940344	4	2	2
b1e82ea6-0f9b-59da-95c5-1913a60d63d7	chr7	19940369	24308908	3	2	1
b1e82ea6-0f9b-59da-95c5-1913a60d63d7	chr7	24309394	24756806	5	3	2
b1e82ea6-0f9b-59da-95c5-1913a60d63d7	chr7	24758145	49599715	3	2	1
b1e82ea6-0f9b-59da-95c5-1913a60d63d7	chr7	49599806	49613483	2	1	1
b1e82ea6-0f9b-59da-95c5-1913a60d63d7	chr7	49613826	78527655	3	2	1
b1e82ea6-0f9b-59da-95c5-1913a60d63d7	chr7	78528252	78748434	2	2	0
b1e82ea6-0f9b-59da-95c5-1913a60d63d7	chr7	78749820	96285955	3	2	1
b1e82ea6-0f9b-59da-95c5-1913a60d63d7	chr7	96287240	96384733	4	3	1
b1e82ea6-0f9b-59da-95c5-1913a60d63d7	chr7	96387699	146845045	3	2	1
b1e82ea6-0f9b-59da-95c5-1913a60d63d7	chr7	146845414	147187464	2	1	1
b1e82ea6-0f9b-59da-95c5-1913a60d63d7	chr7	147187691	159334314	3	2	1
b1e82ea6-0f9b-59da-95c5-1913a60d63d7	chr8	81254	7422376	2	1	1
b1e82ea6-0f9b-59da-95c5-1913a60d63d7	chr8	7425015	11386425	3	2	1
b1e82ea6-0f9b-59da-95c5-1913a60d63d7	chr8	11387167	11544690	5	3	2
b1e82ea6-0f9b-59da-95c5-1913a60d63d7	chr8	11545098	11680280	2	1	1
b1e82ea6-0f9b-59da-95c5-1913a60d63d7	chr8	11683215	12134777	3	2	1
b1e82ea6-0f9b-59da-95c5-1913a60d63d7	chr8	12139586	14175235	5	3	2
b1e82ea6-0f9b-59da-95c5-1913a60d63d7	chr8	14177334	14312002	17	15	2
b1e82ea6-0f9b-59da-95c5-1913a60d63d7	chr8	14312202	14406954	24	22	2
b1e82ea6-0f9b-59da-95c5-1913a60d63d7	chr8	14407698	14647898	9	7	2
b1e82ea6-0f9b-59da-95c5-1913a60d63d7	chr8	14647985	14667007	13	11	2
b1e82ea6-0f9b-59da-95c5-1913a60d63d7	chr8	14669472	15054581	7	5	2
b1e82ea6-0f9b-59da-95c5-1913a60d63d7	chr8	15054992	15174631	19	15	4
b1e82ea6-0f9b-59da-95c5-1913a60d63d7	chr8	15175643	15845381	7	4	3
b1e82ea6-0f9b-59da-95c5-1913a60d63d7	chr8	15845468	15929380	10	5	5
b1e82ea6-0f9b-59da-95c5-1913a60d63d7	chr8	15930760	15955642	24	18	6
b1e82ea6-0f9b-59da-95c5-1913a60d63d7	chr8	15956222	16501508	5	4	1
b1e82ea6-0f9b-59da-95c5-1913a60d63d7	chr8	16503110	19357392	4	3	1
b1e82ea6-0f9b-59da-95c5-1913a60d63d7	chr8	19357500	19650159	5	4	1
b1e82ea6-0f9b-59da-95c5-1913a60d63d7	chr8	19650541	19736499	4	3	1
b1e82ea6-0f9b-59da-95c5-1913a60d63d7	chr8	19737008	28565832	2	1	1
b1e82ea6-0f9b-59da-95c5-1913a60d63d7	chr8	28568534	30166628	3	2	1
b1e82ea6-0f9b-59da-95c5-1913a60d63d7	chr8	30167612	30897985	4	2	2
b1e82ea6-0f9b-59da-95c5-1913a60d63d7	chr8	30898544	31194559	3	2	1
b1e82ea6-0f9b-59da-95c5-1913a60d63d7	chr8	31195296	31799346	4	2	2
b1e82ea6-0f9b-59da-95c5-1913a60d63d7	chr8	31799820	32221585	3	2	1
b1e82ea6-0f9b-59da-95c5-1913a60d63d7	chr8	32222155	33373519	4	2	2
b1e82ea6-0f9b-59da-95c5-1913a60d63d7	chr8	33373959	34014848	3	2	1
b1e82ea6-0f9b-59da-95c5-1913a60d63d7	chr8	34016741	37006356	2	1	1
b1e82ea6-0f9b-59da-95c5-1913a60d63d7	chr8	37008821	37305025	3	2	1
b1e82ea6-0f9b-59da-95c5-1913a60d63d7	chr8	37307231	39707562	2	1	1
b1e82ea6-0f9b-59da-95c5-1913a60d63d7	chr8	39708023	43012035	3	2	1
b1e82ea6-0f9b-59da-95c5-1913a60d63d7	chr8	43013908	43235789	5	3	2
b1e82ea6-0f9b-59da-95c5-1913a60d63d7	chr8	43249839	84837294	4	3	1
b1e82ea6-0f9b-59da-95c5-1913a60d63d7	chr8	84844800	84913226	2	2	0
b1e82ea6-0f9b-59da-95c5-1913a60d63d7	chr8	84919109	88189013	4	3	1
b1e82ea6-0f9b-59da-95c5-1913a60d63d7	chr8	88189718	88277516	1	1	0
b1e82ea6-0f9b-59da-95c5-1913a60d63d7	chr8	88280256	118114009	4	3	1
b1e82ea6-0f9b-59da-95c5-1913a60d63d7	chr8	118114658	118202157	5	4	1
b1e82ea6-0f9b-59da-95c5-1913a60d63d7	chr8	118202706	145072769	4	3	1
b1e82ea6-0f9b-59da-95c5-1913a60d63d7	chr9	46587	5386180	3	2	1
b1e82ea6-0f9b-59da-95c5-1913a60d63d7	chr9	5389075	5394837	0	0	0
b1e82ea6-0f9b-59da-95c5-1913a60d63d7	chr9	5396960	8332433	3	2	1
b1e82ea6-0f9b-59da-95c5-1913a60d63d7	chr9	8332515	9337675	2	2	0
b1e82ea6-0f9b-59da-95c5-1913a60d63d7	chr9	9338146	9664440	2	1	1
b1e82ea6-0f9b-59da-95c5-1913a60d63d7	chr9	9666083	9698530	1	1	0
b1e82ea6-0f9b-59da-95c5-1913a60d63d7	chr9	9698642	38739944	2	1	1
b1e82ea6-0f9b-59da-95c5-1913a60d63d7	chr9	38742424	69897300	3	2	1
b1e82ea6-0f9b-59da-95c5-1913a60d63d7	chr9	69897376	82806559	4	2	2
b1e82ea6-0f9b-59da-95c5-1913a60d63d7	chr9	82808371	104212998	3	2	1
b1e82ea6-0f9b-59da-95c5-1913a60d63d7	chr9	104213916	108404439	4	2	2
b1e82ea6-0f9b-59da-95c5-1913a60d63d7	chr9	108404480	114824742	3	2	1
b1e82ea6-0f9b-59da-95c5-1913a60d63d7	chr9	114824812	116177920	4	2	2
b1e82ea6-0f9b-59da-95c5-1913a60d63d7	chr9	116180145	116267109	6	4	2
b1e82ea6-0f9b-59da-95c5-1913a60d63d7	chr9	116267371	119545150	4	2	2
b1e82ea6-0f9b-59da-95c5-1913a60d63d7	chr9	119545170	138200944	3	2	1
b1e82ea6-0f9b-59da-95c5-1913a60d63d7	chr10	45792	17000013	2	2	0
b1e82ea6-0f9b-59da-95c5-1913a60d63d7	chr10	17002163	17173754	0	0	0
b1e82ea6-0f9b-59da-95c5-1913a60d63d7	chr10	17174124	24349292	2	2	0
b1e82ea6-0f9b-59da-95c5-1913a60d63d7	chr10	24351270	24508479	3	3	0
b1e82ea6-0f9b-59da-95c5-1913a60d63d7	chr10	24509439	38752615	2	2	0
b1e82ea6-0f9b-59da-95c5-1913a60d63d7	chr10	38752733	42713372	3	2	1
b1e82ea6-0f9b-59da-95c5-1913a60d63d7	chr10	42713896	42993975	4	2	2
b1e82ea6-0f9b-59da-95c5-1913a60d63d7	chr10	42995581	45719983	3	2	1
b1e82ea6-0f9b-59da-95c5-1913a60d63d7	chr10	45720318	47680348	4	2	2
b1e82ea6-0f9b-59da-95c5-1913a60d63d7	chr10	47684886	49069320	7	5	2
b1e82ea6-0f9b-59da-95c5-1913a60d63d7	chr10	49071994	49893576	5	3	2
b1e82ea6-0f9b-59da-95c5-1913a60d63d7	chr10	49894474	50975418	4	2	2
b1e82ea6-0f9b-59da-95c5-1913a60d63d7	chr10	50978715	51160722	8	6	2
b1e82ea6-0f9b-59da-95c5-1913a60d63d7	chr10	51166202	51351028	3	2	1
b1e82ea6-0f9b-59da-95c5-1913a60d63d7	chr10	51356858	51406891	5	3	2
b1e82ea6-0f9b-59da-95c5-1913a60d63d7	chr10	51408026	51599141	7	5	2
b1e82ea6-0f9b-59da-95c5-1913a60d63d7	chr10	51600580	52053173	3	2	1
b1e82ea6-0f9b-59da-95c5-1913a60d63d7	chr10	52054623	52220521	3	3	0
b1e82ea6-0f9b-59da-95c5-1913a60d63d7	chr10	52221510	53310340	2	2	0
b1e82ea6-0f9b-59da-95c5-1913a60d63d7	chr10	53310923	54769488	3	2	1
b1e82ea6-0f9b-59da-95c5-1913a60d63d7	chr10	54771834	56132386	2	2	0
b1e82ea6-0f9b-59da-95c5-1913a60d63d7	chr10	56133016	56594224	5	3	2
b1e82ea6-0f9b-59da-95c5-1913a60d63d7	chr10	56594858	57195598	4	2	2
b1e82ea6-0f9b-59da-95c5-1913a60d63d7	chr10	57196112	97631893	2	2	0
b1e82ea6-0f9b-59da-95c5-1913a60d63d7	chr10	97634505	97931277	3	3	0
b1e82ea6-0f9b-59da-95c5-1913a60d63d7	chr10	97931319	124911121	2	2	0
b1e82ea6-0f9b-59da-95c5-1913a60d63d7	chr10	124912995	125037511	0	0	0
b1e82ea6-0f9b-59da-95c5-1913a60d63d7	chr10	125043989	133420688	2	2	0
b1e82ea6-0f9b-59da-95c5-1913a60d63d7	chr10	133429369	133533455	7	5	2
b1e82ea6-0f9b-59da-95c5-1913a60d63d7	chr10	133533893	133563774	7	6	1
b1e82ea6-0f9b-59da-95c5-1913a60d63d7	chr10	133573736	133654968	2	2	0
b1e82ea6-0f9b-59da-95c5-1913a60d63d7	chr11	198510	9725605	3	2	1
b1e82ea6-0f9b-59da-95c5-1913a60d63d7	chr11	9726936	9805924	4	2	2
b1e82ea6-0f9b-59da-95c5-1913a60d63d7	chr11	9806429	49774918	3	2	1
b1e82ea6-0f9b-59da-95c5-1913a60d63d7	chr11	49781039	56951290	5	3	2
b1e82ea6-0f9b-59da-95c5-1913a60d63d7	chr11	56953844	59312601	3	2	1
b1e82ea6-0f9b-59da-95c5-1913a60d63d7	chr11	59315893	60287442	4	2	2
b1e82ea6-0f9b-59da-95c5-1913a60d63d7	chr11	60292337	62321275	3	2	1
b1e82ea6-0f9b-59da-95c5-1913a60d63d7	chr11	62321366	63079880	4	3	1
b1e82ea6-0f9b-59da-95c5-1913a60d63d7	chr11	63079981	79728398	3	2	1
b1e82ea6-0f9b-59da-95c5-1913a60d63d7	chr11	79728696	80686561	1	1	0
b1e82ea6-0f9b-59da-95c5-1913a60d63d7	chr11	80688043	84541607	3	2	1
b1e82ea6-0f9b-59da-95c5-1913a60d63d7	chr11	84542004	84583229	1	1	0
b1e82ea6-0f9b-59da-95c5-1913a60d63d7	chr11	84589915	84605664	2	2	0
b1e82ea6-0f9b-59da-95c5-1913a60d63d7	chr11	84605705	84671439	1	1	0
b1e82ea6-0f9b-59da-95c5-1913a60d63d7	chr11	84674841	85278921	3	2	1
b1e82ea6-0f9b-59da-95c5-1913a60d63d7	chr11	85279778	85538546	2	1	1
b1e82ea6-0f9b-59da-95c5-1913a60d63d7	chr11	85547036	87856678	3	2	1
b1e82ea6-0f9b-59da-95c5-1913a60d63d7	chr11	87858797	87970164	5	4	1
b1e82ea6-0f9b-59da-95c5-1913a60d63d7	chr11	88005993	92834407	3	2	1
b1e82ea6-0f9b-59da-95c5-1913a60d63d7	chr11	92835386	93049920	4	3	1
b1e82ea6-0f9b-59da-95c5-1913a60d63d7	chr11	93050173	99451271	3	2	1
b1e82ea6-0f9b-59da-95c5-1913a60d63d7	chr11	99451318	99653393	2	2	0
b1e82ea6-0f9b-59da-95c5-1913a60d63d7	chr11	99655702	99723431	1	1	0
b1e82ea6-0f9b-59da-95c5-1913a60d63d7	chr11	99723719	125199220	3	2	1
b1e82ea6-0f9b-59da-95c5-1913a60d63d7	chr11	125199897	125204606	6	4	2
b1e82ea6-0f9b-59da-95c5-1913a60d63d7	chr11	125205392	135074876	3	2	1
b1e82ea6-0f9b-59da-95c5-1913a60d63d7	chr12	51460	2203323	4	3	1
b1e82ea6-0f9b-59da-95c5-1913a60d63d7	chr12	2203799	2344992	3	2	1
b1e82ea6-0f9b-59da-95c5-1913a60d63d7	chr12	2346760	23593496	4	3	1
b1e82ea6-0f9b-59da-95c5-1913a60d63d7	chr12	23593548	26161882	3	2	1
b1e82ea6-0f9b-59da-95c5-1913a60d63d7	chr12	26162045	38305430	4	2	2
b1e82ea6-0f9b-59da-95c5-1913a60d63d7	chr12	38305732	87027825	3	2	1
b1e82ea6-0f9b-59da-95c5-1913a60d63d7	chr12	87029035	87132845	1	1	0
b1e82ea6-0f9b-59da-95c5-1913a60d63d7	chr12	87137136	97296412	3	2	1
b1e82ea6-0f9b-59da-95c5-1913a60d63d7	chr12	97297834	97721048	4	2	2
b1e82ea6-0f9b-59da-95c5-1913a60d63d7	chr12	97721125	126062074	3	2	1
b1e82ea6-0f9b-59da-95c5-1913a60d63d7	chr12	126063074	126068375	1	1	0
b1e82ea6-0f9b-59da-95c5-1913a60d63d7	chr12	126068488	132174671	3	2	1
b1e82ea6-0f9b-59da-95c5-1913a60d63d7	chr12	132174775	133201603	2	1	1
b1e82ea6-0f9b-59da-95c5-1913a60d63d7	chr13	18452809	19684265	3	2	1
b1e82ea6-0f9b-59da-95c5-1913a60d63d7	chr13	19684312	93668760	4	2	2
b1e82ea6-0f9b-59da-95c5-1913a60d63d7	chr13	93669400	93926648	2	2	0
b1e82ea6-0f9b-59da-95c5-1913a60d63d7	chr13	93934636	93983865	3	3	0
b1e82ea6-0f9b-59da-95c5-1913a60d63d7	chr13	93984315	102630715	4	2	2
b1e82ea6-0f9b-59da-95c5-1913a60d63d7	chr13	102633973	102673648	3	2	1
b1e82ea6-0f9b-59da-95c5-1913a60d63d7	chr13	102673692	114342922	4	2	2
b1e82ea6-0f9b-59da-95c5-1913a60d63d7	chr14	18239283	20762013	1	1	0
b1e82ea6-0f9b-59da-95c5-1913a60d63d7	chr14	20762041	34796802	2	2	0
b1e82ea6-0f9b-59da-95c5-1913a60d63d7	chr14	34800638	35110721	3	3	0
b1e82ea6-0f9b-59da-95c5-1913a60d63d7	chr14	35110891	63015197	2	2	0
b1e82ea6-0f9b-59da-95c5-1913a60d63d7	chr14	63016173	63060793	1	1	0
b1e82ea6-0f9b-59da-95c5-1913a60d63d7	chr14	63062212	68495904	2	2	0
b1e82ea6-0f9b-59da-95c5-1913a60d63d7	chr14	68498552	68739261	3	3	0
b1e82ea6-0f9b-59da-95c5-1913a60d63d7	chr14	68739855	68893262	5	5	0
b1e82ea6-0f9b-59da-95c5-1913a60d63d7	chr14	68897313	69267844	3	3	0
b1e82ea6-0f9b-59da-95c5-1913a60d63d7	chr14	69268790	69339338	6	6	0
b1e82ea6-0f9b-59da-95c5-1913a60d63d7	chr14	69343364	81362828	3	3	0
b1e82ea6-0f9b-59da-95c5-1913a60d63d7	chr14	81363423	81536732	4	4	0
b1e82ea6-0f9b-59da-95c5-1913a60d63d7	chr14	81536780	106877229	3	3	0
b1e82ea6-0f9b-59da-95c5-1913a60d63d7	chr15	19811075	33782879	3	2	1
b1e82ea6-0f9b-59da-95c5-1913a60d63d7	chr15	33782950	33802231	1	1	0
b1e82ea6-0f9b-59da-95c5-1913a60d63d7	chr15	33802266	44528596	3	2	1
b1e82ea6-0f9b-59da-95c5-1913a60d63d7	chr15	44529645	45037998	4	3	1
b1e82ea6-0f9b-59da-95c5-1913a60d63d7	chr15	45040911	45725528	3	2	1
b1e82ea6-0f9b-59da-95c5-1913a60d63d7	chr15	45725885	46115210	4	3	1
b1e82ea6-0f9b-59da-95c5-1913a60d63d7	chr15	46115292	66497992	3	2	1
b1e82ea6-0f9b-59da-95c5-1913a60d63d7	chr15	66498368	66704749	5	4	1
b1e82ea6-0f9b-59da-95c5-1913a60d63d7	chr15	66708989	75342698	3	2	1
b1e82ea6-0f9b-59da-95c5-1913a60d63d7	chr15	75345665	101928837	4	3	1
b1e82ea6-0f9b-59da-95c5-1913a60d63d7	chr16	10777	36048855	3	2	1
b1e82ea6-0f9b-59da-95c5-1913a60d63d7	chr16	46441986	47400649	2	1	1
b1e82ea6-0f9b-59da-95c5-1913a60d63d7	chr16	47404094	59703199	3	2	1
b1e82ea6-0f9b-59da-95c5-1913a60d63d7	chr16	59703509	65891075	4	2	2
b1e82ea6-0f9b-59da-95c5-1913a60d63d7	chr16	65891922	72947041	3	2	1
b1e82ea6-0f9b-59da-95c5-1913a60d63d7	chr16	72947133	72998767	1	1	0
b1e82ea6-0f9b-59da-95c5-1913a60d63d7	chr16	72999080	73518908	3	2	1
b1e82ea6-0f9b-59da-95c5-1913a60d63d7	chr16	73519052	73728439	2	1	1
b1e82ea6-0f9b-59da-95c5-1913a60d63d7	chr16	73728472	76201128	3	2	1
b1e82ea6-0f9b-59da-95c5-1913a60d63d7	chr16	76201347	76202164	1	1	0
b1e82ea6-0f9b-59da-95c5-1913a60d63d7	chr16	76202214	90096867	3	2	1
b1e82ea6-0f9b-59da-95c5-1913a60d63d7	chr17	150733	7680826	2	2	0
b1e82ea6-0f9b-59da-95c5-1913a60d63d7	chr17	7688443	8282820	25	24	1
b1e82ea6-0f9b-59da-95c5-1913a60d63d7	chr17	8282981	8792891	34	34	0
b1e82ea6-0f9b-59da-95c5-1913a60d63d7	chr17	8800858	9361699	25	25	0
b1e82ea6-0f9b-59da-95c5-1913a60d63d7	chr17	9361817	9857272	37	36	1
b1e82ea6-0f9b-59da-95c5-1913a60d63d7	chr17	9858349	9971070	28	27	1
b1e82ea6-0f9b-59da-95c5-1913a60d63d7	chr17	9971911	10591928	39	38	1
b1e82ea6-0f9b-59da-95c5-1913a60d63d7	chr17	10593023	11532269	4	4	0
b1e82ea6-0f9b-59da-95c5-1913a60d63d7	chr17	11534671	11800211	13	13	0
b1e82ea6-0f9b-59da-95c5-1913a60d63d7	chr17	11805134	12896459	3	3	0
b1e82ea6-0f9b-59da-95c5-1913a60d63d7	chr17	12896972	13511546	20	20	0
b1e82ea6-0f9b-59da-95c5-1913a60d63d7	chr17	13513539	14826572	28	28	0
b1e82ea6-0f9b-59da-95c5-1913a60d63d7	chr17	14827886	18197304	22	22	0
b1e82ea6-0f9b-59da-95c5-1913a60d63d7	chr17	18197544	18757203	12	12	0
b1e82ea6-0f9b-59da-95c5-1913a60d63d7	chr17	18758014	19100750	1	1	0
b1e82ea6-0f9b-59da-95c5-1913a60d63d7	chr17	19126843	41071890	3	2	1
b1e82ea6-0f9b-59da-95c5-1913a60d63d7	chr17	41073806	60828611	4	2	2
b1e82ea6-0f9b-59da-95c5-1913a60d63d7	chr17	60835077	65976086	6	4	2
b1e82ea6-0f9b-59da-95c5-1913a60d63d7	chr17	65976360	65999022	9	6	3
b1e82ea6-0f9b-59da-95c5-1913a60d63d7	chr17	66000369	66435476	6	4	2
b1e82ea6-0f9b-59da-95c5-1913a60d63d7	chr17	66435506	83091923	5	4	1
b1e82ea6-0f9b-59da-95c5-1913a60d63d7	chr18	48133	12976656	4	2	2
b1e82ea6-0f9b-59da-95c5-1913a60d63d7	chr18	12977001	14101472	3	2	1
b1e82ea6-0f9b-59da-95c5-1913a60d63d7	chr18	14104214	24945267	4	2	2
b1e82ea6-0f9b-59da-95c5-1913a60d63d7	chr18	24947237	80173175	3	2	1
b1e82ea6-0f9b-59da-95c5-1913a60d63d7	chr18	80176798	80257174	1	1	0
b1e82ea6-0f9b-59da-95c5-1913a60d63d7	chr19	90910	24413948	3	2	1
b1e82ea6-0f9b-59da-95c5-1913a60d63d7	chr19	27257085	28062677	38	37	1
b1e82ea6-0f9b-59da-95c5-1913a60d63d7	chr19	28065290	28263337	43	42	1
b1e82ea6-0f9b-59da-95c5-1913a60d63d7	chr19	28265782	28291955	70	69	1
b1e82ea6-0f9b-59da-95c5-1913a60d63d7	chr19	28293064	28587464	40	39	1
b1e82ea6-0f9b-59da-95c5-1913a60d63d7	chr19	28589449	29308806	28	27	1
b1e82ea6-0f9b-59da-95c5-1913a60d63d7	chr19	29309994	29600025	36	34	2
b1e82ea6-0f9b-59da-95c5-1913a60d63d7	chr19	29600559	31232452	46	44	2
b1e82ea6-0f9b-59da-95c5-1913a60d63d7	chr19	31236163	32260951	27	25	2
b1e82ea6-0f9b-59da-95c5-1913a60d63d7	chr19	32263234	39682602	2	2	0
b1e82ea6-0f9b-59da-95c5-1913a60d63d7	chr19	39684048	39710694	22	20	2
b1e82ea6-0f9b-59da-95c5-1913a60d63d7	chr19	39710991	40085552	29	28	1
b1e82ea6-0f9b-59da-95c5-1913a60d63d7	chr19	40090276	41303951	24	22	2
b1e82ea6-0f9b-59da-95c5-1913a60d63d7	chr19	41309162	58586487	2	2	0
b1e82ea6-0f9b-59da-95c5-1913a60d63d7	chr20	80664	24891202	3	2	1
b1e82ea6-0f9b-59da-95c5-1913a60d63d7	chr20	24893459	30374604	4	2	2
b1e82ea6-0f9b-59da-95c5-1913a60d63d7	chr20	30377631	31423410	6	4	2
b1e82ea6-0f9b-59da-95c5-1913a60d63d7	chr20	31428640	31749531	7	4	3
b1e82ea6-0f9b-59da-95c5-1913a60d63d7	chr20	31751473	32062269	5	3	2
b1e82ea6-0f9b-59da-95c5-1913a60d63d7	chr20	32062769	32533761	5	4	1
b1e82ea6-0f9b-59da-95c5-1913a60d63d7	chr20	32534278	33252256	3	2	1
b1e82ea6-0f9b-59da-95c5-1913a60d63d7	chr20	33252605	50163294	4	2	2
b1e82ea6-0f9b-59da-95c5-1913a60d63d7	chr20	50165621	53578245	5	3	2
b1e82ea6-0f9b-59da-95c5-1913a60d63d7	chr20	53579165	53832072	4	3	1
b1e82ea6-0f9b-59da-95c5-1913a60d63d7	chr20	53832397	55797016	5	3	2
b1e82ea6-0f9b-59da-95c5-1913a60d63d7	chr20	55799366	64195996	4	2	2
b1e82ea6-0f9b-59da-95c5-1913a60d63d7	chr20	64196542	64324800	5	3	2
b1e82ea6-0f9b-59da-95c5-1913a60d63d7	chr21	12973348	14124787	5	3	2
b1e82ea6-0f9b-59da-95c5-1913a60d63d7	chr21	14128050	14978433	3	2	1
b1e82ea6-0f9b-59da-95c5-1913a60d63d7	chr21	14978947	15078169	5	3	2
b1e82ea6-0f9b-59da-95c5-1913a60d63d7	chr21	15078481	32537678	3	2	1
b1e82ea6-0f9b-59da-95c5-1913a60d63d7	chr21	32537812	32546830	2	1	1
b1e82ea6-0f9b-59da-95c5-1913a60d63d7	chr21	32546890	43008494	3	2	1
b1e82ea6-0f9b-59da-95c5-1913a60d63d7	chr21	43010949	43188895	5	4	1
b1e82ea6-0f9b-59da-95c5-1913a60d63d7	chr21	43189751	46677045	3	2	1
b1e82ea6-0f9b-59da-95c5-1913a60d63d7	chr22	16392123	21068747	3	2	1
b1e82ea6-0f9b-59da-95c5-1913a60d63d7	chr22	21070300	50796027	4	2	2
b1e82ea6-0f9b-59da-95c5-1913a60d63d7	chrX	251810	702474	3	3	0
b1e82ea6-0f9b-59da-95c5-1913a60d63d7	chrX	702544	1428177	5	5	0
b1e82ea6-0f9b-59da-95c5-1913a60d63d7	chrX	1456048	2458073	7	6	1
b1e82ea6-0f9b-59da-95c5-1913a60d63d7	chrX	2458303	2522895	5	5	0
b1e82ea6-0f9b-59da-95c5-1913a60d63d7	chrX	2522980	2649506	7	7	0
b1e82ea6-0f9b-59da-95c5-1913a60d63d7	chrX	2649606	3763329	6	6	0
b1e82ea6-0f9b-59da-95c5-1913a60d63d7	chrX	3771394	12913530	3	3	0
b1e82ea6-0f9b-59da-95c5-1913a60d63d7	chrX	12915500	16082793	5	5	0
b1e82ea6-0f9b-59da-95c5-1913a60d63d7	chrX	16083101	23096257	3	3	0
b1e82ea6-0f9b-59da-95c5-1913a60d63d7	chrX	23098555	25320231	5	5	0
b1e82ea6-0f9b-59da-95c5-1913a60d63d7	chrX	25321295	27784168	3	3	0
b1e82ea6-0f9b-59da-95c5-1913a60d63d7	chrX	27786923	28824985	5	5	0
b1e82ea6-0f9b-59da-95c5-1913a60d63d7	chrX	28832106	28998703	4	4	0
b1e82ea6-0f9b-59da-95c5-1913a60d63d7	chrX	28999063	29187599	3	3	0
b1e82ea6-0f9b-59da-95c5-1913a60d63d7	chrX	29187615	29245908	1	1	0
b1e82ea6-0f9b-59da-95c5-1913a60d63d7	chrX	29245981	29365269	0	0	0
b1e82ea6-0f9b-59da-95c5-1913a60d63d7	chrX	29368344	30234767	4	4	0
b1e82ea6-0f9b-59da-95c5-1913a60d63d7	chrX	30235374	31710792	3	3	0
b1e82ea6-0f9b-59da-95c5-1913a60d63d7	chrX	31716675	31902561	1	1	0
b1e82ea6-0f9b-59da-95c5-1913a60d63d7	chrX	31905516	32084690	5	4	1
b1e82ea6-0f9b-59da-95c5-1913a60d63d7	chrX	32084859	32132545	0	0	0
b1e82ea6-0f9b-59da-95c5-1913a60d63d7	chrX	32134553	32303451	3	3	0
b1e82ea6-0f9b-59da-95c5-1913a60d63d7	chrX	32309813	33290940	0	0	0
b1e82ea6-0f9b-59da-95c5-1913a60d63d7	chrX	33293651	44500396	2	2	0
b1e82ea6-0f9b-59da-95c5-1913a60d63d7	chrX	44503117	48542085	6	6	0
b1e82ea6-0f9b-59da-95c5-1913a60d63d7	chrX	48547626	48578119	2	2	0
b1e82ea6-0f9b-59da-95c5-1913a60d63d7	chrX	48583105	48611282	18	18	0
b1e82ea6-0f9b-59da-95c5-1913a60d63d7	chrX	48612345	48769392	12	12	0
b1e82ea6-0f9b-59da-95c5-1913a60d63d7	chrX	48772834	50929403	1	1	0
b1e82ea6-0f9b-59da-95c5-1913a60d63d7	chrX	50936187	52106115	0	0	0
b1e82ea6-0f9b-59da-95c5-1913a60d63d7	chrX	52106686	52636122	1	1	0
b1e82ea6-0f9b-59da-95c5-1913a60d63d7	chrX	52639163	54035689	2	2	0
b1e82ea6-0f9b-59da-95c5-1913a60d63d7	chrX	54038102	54097311	2	1	1
b1e82ea6-0f9b-59da-95c5-1913a60d63d7	chrX	54114174	55491806	1	1	0
b1e82ea6-0f9b-59da-95c5-1913a60d63d7	chrX	55521883	55584511	4	4	0
b1e82ea6-0f9b-59da-95c5-1913a60d63d7	chrX	55587908	55900001	4	3	1
b1e82ea6-0f9b-59da-95c5-1913a60d63d7	chrX	55900876	55921451	3	3	0
b1e82ea6-0f9b-59da-95c5-1913a60d63d7	chrX	55923209	68899394	1	1	0
b1e82ea6-0f9b-59da-95c5-1913a60d63d7	chrX	68899659	69363655	4	4	0
b1e82ea6-0f9b-59da-95c5-1913a60d63d7	chrX	69363924	69383102	4	3	1
b1e82ea6-0f9b-59da-95c5-1913a60d63d7	chrX	69390004	155733777	1	1	0
b1e82ea6-0f9b-59da-95c5-1913a60d63d7	chrX	155734393	156004181	4	3	1
b1e82ea6-0f9b-59da-95c5-1913a60d63d7	chrY	2782397	26653788	0	0	0
b1e82ea6-0f9b-59da-95c5-1913a60d63d7	chrY	56872112	56872112	1	1	0
