GDC_Aliquot	Chromosome	Start	End	Copy_Number	Major_Copy_Number	Minor_Copy_Number
049345c9-954d-573f-99ed-0dd640037fd8	chr1	62920	12555505	2	1	1
049345c9-954d-573f-99ed-0dd640037fd8	chr1	12555858	12723175	3	2	1
049345c9-954d-573f-99ed-0dd640037fd8	chr1	12724265	20422455	2	1	1
049345c9-954d-573f-99ed-0dd640037fd8	chr1	20423906	65002115	3	2	1
049345c9-954d-573f-99ed-0dd640037fd8	chr1	65008104	65399741	4	2	2
049345c9-954d-573f-99ed-0dd640037fd8	chr1	65400440	67320366	3	2	1
049345c9-954d-573f-99ed-0dd640037fd8	chr1	67321590	68713892	4	2	2
049345c9-954d-573f-99ed-0dd640037fd8	chr1	68714130	71203223	3	2	1
049345c9-954d-573f-99ed-0dd640037fd8	chr1	71204248	72296993	6	4	2
049345c9-954d-573f-99ed-0dd640037fd8	chr1	72297687	72345465	2	2	0
049345c9-954d-573f-99ed-0dd640037fd8	chr1	72346221	74538927	6	4	2
049345c9-954d-573f-99ed-0dd640037fd8	chr1	74539191	81681604	5	3	2
049345c9-954d-573f-99ed-0dd640037fd8	chr1	81681720	85053700	4	2	2
049345c9-954d-573f-99ed-0dd640037fd8	chr1	85054593	85093530	7	4	3
049345c9-954d-573f-99ed-0dd640037fd8	chr1	85094581	89462631	4	2	2
049345c9-954d-573f-99ed-0dd640037fd8	chr1	89463342	95421931	3	2	1
049345c9-954d-573f-99ed-0dd640037fd8	chr1	95422638	97764035	4	2	2
049345c9-954d-573f-99ed-0dd640037fd8	chr1	97765939	100316790	3	2	1
049345c9-954d-573f-99ed-0dd640037fd8	chr1	100318598	106132079	4	2	2
049345c9-954d-573f-99ed-0dd640037fd8	chr1	106134727	117687099	3	2	1
049345c9-954d-573f-99ed-0dd640037fd8	chr1	117687327	121705338	4	2	2
049345c9-954d-573f-99ed-0dd640037fd8	chr1	143541857	147482924	5	3	2
049345c9-954d-573f-99ed-0dd640037fd8	chr1	147485038	151665941	3	2	1
049345c9-954d-573f-99ed-0dd640037fd8	chr1	151670336	153684174	4	2	2
049345c9-954d-573f-99ed-0dd640037fd8	chr1	153685711	159961605	3	2	1
049345c9-954d-573f-99ed-0dd640037fd8	chr1	159963346	163320683	4	2	2
049345c9-954d-573f-99ed-0dd640037fd8	chr1	163321317	163376952	8	5	3
049345c9-954d-573f-99ed-0dd640037fd8	chr1	163377977	166758552	4	2	2
049345c9-954d-573f-99ed-0dd640037fd8	chr1	166760605	168088164	6	5	1
049345c9-954d-573f-99ed-0dd640037fd8	chr1	168088571	168339116	8	5	3
049345c9-954d-573f-99ed-0dd640037fd8	chr1	168339665	169827142	5	3	2
049345c9-954d-573f-99ed-0dd640037fd8	chr1	169827183	172771971	10	8	2
049345c9-954d-573f-99ed-0dd640037fd8	chr1	172774587	178562875	9	7	2
049345c9-954d-573f-99ed-0dd640037fd8	chr1	178563053	180019300	8	6	2
049345c9-954d-573f-99ed-0dd640037fd8	chr1	180020064	180195343	11	9	2
049345c9-954d-573f-99ed-0dd640037fd8	chr1	180198509	185395993	4	2	2
049345c9-954d-573f-99ed-0dd640037fd8	chr1	185396072	186749713	5	3	2
049345c9-954d-573f-99ed-0dd640037fd8	chr1	186750337	190895000	4	2	2
049345c9-954d-573f-99ed-0dd640037fd8	chr1	190902120	191046442	3	2	1
049345c9-954d-573f-99ed-0dd640037fd8	chr1	191048150	191686815	4	2	2
049345c9-954d-573f-99ed-0dd640037fd8	chr1	191689687	197714431	3	2	1
049345c9-954d-573f-99ed-0dd640037fd8	chr1	197714643	203522382	4	2	2
049345c9-954d-573f-99ed-0dd640037fd8	chr1	203524984	204113768	5	3	2
049345c9-954d-573f-99ed-0dd640037fd8	chr1	204113810	204307225	6	4	2
049345c9-954d-573f-99ed-0dd640037fd8	chr1	204309022	247102769	2	2	0
049345c9-954d-573f-99ed-0dd640037fd8	chr1	247107089	247539584	4	4	0
049345c9-954d-573f-99ed-0dd640037fd8	chr1	247539902	248930189	2	2	0
049345c9-954d-573f-99ed-0dd640037fd8	chr2	12784	416815	4	4	0
049345c9-954d-573f-99ed-0dd640037fd8	chr2	419457	4940253	6	4	2
049345c9-954d-573f-99ed-0dd640037fd8	chr2	4944453	5190871	2	2	0
049345c9-954d-573f-99ed-0dd640037fd8	chr2	5196348	8493662	6	4	2
049345c9-954d-573f-99ed-0dd640037fd8	chr2	8493856	13925151	7	5	2
049345c9-954d-573f-99ed-0dd640037fd8	chr2	13925197	40325515	5	3	2
049345c9-954d-573f-99ed-0dd640037fd8	chr2	40326049	46271482	4	2	2
049345c9-954d-573f-99ed-0dd640037fd8	chr2	46271512	68406763	2	2	0
049345c9-954d-573f-99ed-0dd640037fd8	chr2	68410993	68453747	2	1	1
049345c9-954d-573f-99ed-0dd640037fd8	chr2	68453889	75775553	4	2	2
049345c9-954d-573f-99ed-0dd640037fd8	chr2	75776234	77485370	5	3	2
049345c9-954d-573f-99ed-0dd640037fd8	chr2	77485481	105543169	4	2	2
049345c9-954d-573f-99ed-0dd640037fd8	chr2	105543877	105554228	5	3	2
049345c9-954d-573f-99ed-0dd640037fd8	chr2	105555544	210511770	4	2	2
049345c9-954d-573f-99ed-0dd640037fd8	chr2	210511877	210743128	6	4	2
049345c9-954d-573f-99ed-0dd640037fd8	chr2	210743859	226909137	4	2	2
049345c9-954d-573f-99ed-0dd640037fd8	chr2	226916025	228835052	2	2	0
049345c9-954d-573f-99ed-0dd640037fd8	chr2	228838270	229197000	4	2	2
049345c9-954d-573f-99ed-0dd640037fd8	chr2	229197374	232377193	2	2	0
049345c9-954d-573f-99ed-0dd640037fd8	chr2	232377268	234626579	4	2	2
049345c9-954d-573f-99ed-0dd640037fd8	chr2	234628409	242147305	2	2	0
049345c9-954d-573f-99ed-0dd640037fd8	chr3	20930	29834165	3	2	1
049345c9-954d-573f-99ed-0dd640037fd8	chr3	29850310	116535872	2	2	0
049345c9-954d-573f-99ed-0dd640037fd8	chr3	116544247	116751988	0	0	0
049345c9-954d-573f-99ed-0dd640037fd8	chr3	116753726	116817617	1	1	0
049345c9-954d-573f-99ed-0dd640037fd8	chr3	116817713	117083145	0	0	0
049345c9-954d-573f-99ed-0dd640037fd8	chr3	117083464	174978814	2	2	0
049345c9-954d-573f-99ed-0dd640037fd8	chr3	174980169	175199701	0	0	0
049345c9-954d-573f-99ed-0dd640037fd8	chr3	175202281	198169247	2	2	0
049345c9-954d-573f-99ed-0dd640037fd8	chr4	68929	657005	5	3	2
049345c9-954d-573f-99ed-0dd640037fd8	chr4	659393	11000904	3	2	1
049345c9-954d-573f-99ed-0dd640037fd8	chr4	11000981	18616165	4	2	2
049345c9-954d-573f-99ed-0dd640037fd8	chr4	18619466	18638901	2	1	1
049345c9-954d-573f-99ed-0dd640037fd8	chr4	18639521	20696481	4	2	2
049345c9-954d-573f-99ed-0dd640037fd8	chr4	20698760	21797035	3	2	1
049345c9-954d-573f-99ed-0dd640037fd8	chr4	21797914	25592467	4	2	2
049345c9-954d-573f-99ed-0dd640037fd8	chr4	25592713	25743735	7	4	3
049345c9-954d-573f-99ed-0dd640037fd8	chr4	25743867	27834641	3	2	1
049345c9-954d-573f-99ed-0dd640037fd8	chr4	27834717	28244944	4	2	2
049345c9-954d-573f-99ed-0dd640037fd8	chr4	28245630	36137471	3	2	1
049345c9-954d-573f-99ed-0dd640037fd8	chr4	36138451	37857167	4	2	2
049345c9-954d-573f-99ed-0dd640037fd8	chr4	37859346	40825659	5	3	2
049345c9-954d-573f-99ed-0dd640037fd8	chr4	40826303	41482820	4	2	2
049345c9-954d-573f-99ed-0dd640037fd8	chr4	41483195	42328806	5	3	2
049345c9-954d-573f-99ed-0dd640037fd8	chr4	42329168	43832403	4	2	2
049345c9-954d-573f-99ed-0dd640037fd8	chr4	43832827	44330927	3	2	1
049345c9-954d-573f-99ed-0dd640037fd8	chr4	44345518	49587131	4	2	2
049345c9-954d-573f-99ed-0dd640037fd8	chr4	49588316	78584814	4	3	1
049345c9-954d-573f-99ed-0dd640037fd8	chr4	78589213	79649346	12	9	3
049345c9-954d-573f-99ed-0dd640037fd8	chr4	79649892	80826614	18	15	3
049345c9-954d-573f-99ed-0dd640037fd8	chr4	80830905	85741000	5	3	2
049345c9-954d-573f-99ed-0dd640037fd8	chr4	85741902	89853847	6	3	3
049345c9-954d-573f-99ed-0dd640037fd8	chr4	89859312	91045213	3	2	1
049345c9-954d-573f-99ed-0dd640037fd8	chr4	91045464	93051649	5	3	2
049345c9-954d-573f-99ed-0dd640037fd8	chr4	93051785	101939231	3	2	1
049345c9-954d-573f-99ed-0dd640037fd8	chr4	101940915	106959400	1	1	0
049345c9-954d-573f-99ed-0dd640037fd8	chr4	106964322	111648520	4	2	2
049345c9-954d-573f-99ed-0dd640037fd8	chr4	111652565	114464915	3	2	1
049345c9-954d-573f-99ed-0dd640037fd8	chr4	114468362	119283606	4	2	2
049345c9-954d-573f-99ed-0dd640037fd8	chr4	119284861	125138401	3	2	1
049345c9-954d-573f-99ed-0dd640037fd8	chr4	125139614	129147005	2	1	1
049345c9-954d-573f-99ed-0dd640037fd8	chr4	129151408	129669516	4	3	1
049345c9-954d-573f-99ed-0dd640037fd8	chr4	129669749	134459373	3	2	1
049345c9-954d-573f-99ed-0dd640037fd8	chr4	134462360	146042145	4	2	2
049345c9-954d-573f-99ed-0dd640037fd8	chr4	146042936	146771121	3	2	1
049345c9-954d-573f-99ed-0dd640037fd8	chr4	146771661	150139476	4	2	2
049345c9-954d-573f-99ed-0dd640037fd8	chr4	150142684	152453597	3	2	1
049345c9-954d-573f-99ed-0dd640037fd8	chr4	152460638	153430427	1	1	0
049345c9-954d-573f-99ed-0dd640037fd8	chr4	153432302	155506942	4	2	2
049345c9-954d-573f-99ed-0dd640037fd8	chr4	155512959	156208487	12	10	2
049345c9-954d-573f-99ed-0dd640037fd8	chr4	156208968	157370374	17	14	3
049345c9-954d-573f-99ed-0dd640037fd8	chr4	157371890	158385847	11	9	2
049345c9-954d-573f-99ed-0dd640037fd8	chr4	158390108	159503234	9	7	2
049345c9-954d-573f-99ed-0dd640037fd8	chr4	159505368	161462145	10	8	2
049345c9-954d-573f-99ed-0dd640037fd8	chr4	161462314	163080850	8	6	2
049345c9-954d-573f-99ed-0dd640037fd8	chr4	163081400	165134452	12	10	2
049345c9-954d-573f-99ed-0dd640037fd8	chr4	165134837	169972149	14	12	2
049345c9-954d-573f-99ed-0dd640037fd8	chr4	169973469	170026774	3	3	0
049345c9-954d-573f-99ed-0dd640037fd8	chr4	170028190	170725149	11	9	2
049345c9-954d-573f-99ed-0dd640037fd8	chr4	170727379	172934901	10	9	1
049345c9-954d-573f-99ed-0dd640037fd8	chr4	172939338	176111288	13	12	1
049345c9-954d-573f-99ed-0dd640037fd8	chr4	176112495	176798780	2	2	0
049345c9-954d-573f-99ed-0dd640037fd8	chr4	176805221	179340224	1	1	0
049345c9-954d-573f-99ed-0dd640037fd8	chr4	179345665	179642607	2	1	1
049345c9-954d-573f-99ed-0dd640037fd8	chr4	179651463	180929104	5	4	1
049345c9-954d-573f-99ed-0dd640037fd8	chr4	180932570	181247534	6	5	1
049345c9-954d-573f-99ed-0dd640037fd8	chr4	181248735	184902127	1	1	0
049345c9-954d-573f-99ed-0dd640037fd8	chr4	184906135	187108241	12	11	1
049345c9-954d-573f-99ed-0dd640037fd8	chr4	187108697	190106768	1	1	0
049345c9-954d-573f-99ed-0dd640037fd8	chr5	15532	1397614	2	2	0
049345c9-954d-573f-99ed-0dd640037fd8	chr5	1397892	3361051	3	2	1
049345c9-954d-573f-99ed-0dd640037fd8	chr5	3361067	4788080	2	2	0
049345c9-954d-573f-99ed-0dd640037fd8	chr5	4793931	22990919	4	2	2
049345c9-954d-573f-99ed-0dd640037fd8	chr5	22990980	31359352	3	2	1
049345c9-954d-573f-99ed-0dd640037fd8	chr5	31359494	36086924	6	4	2
049345c9-954d-573f-99ed-0dd640037fd8	chr5	36087604	40174644	7	5	2
049345c9-954d-573f-99ed-0dd640037fd8	chr5	40176436	40342404	3	2	1
049345c9-954d-573f-99ed-0dd640037fd8	chr5	40343160	43047233	6	4	2
049345c9-954d-573f-99ed-0dd640037fd8	chr5	43054919	46382550	2	1	1
049345c9-954d-573f-99ed-0dd640037fd8	chr5	46383233	52898497	1	1	0
049345c9-954d-573f-99ed-0dd640037fd8	chr5	52899203	54548201	2	2	0
049345c9-954d-573f-99ed-0dd640037fd8	chr5	54554942	54604723	1	1	0
049345c9-954d-573f-99ed-0dd640037fd8	chr5	54604887	58025819	2	2	0
049345c9-954d-573f-99ed-0dd640037fd8	chr5	58030200	58037706	24	24	0
049345c9-954d-573f-99ed-0dd640037fd8	chr5	58042530	84684066	2	2	0
049345c9-954d-573f-99ed-0dd640037fd8	chr5	84686627	84741553	1	1	0
049345c9-954d-573f-99ed-0dd640037fd8	chr5	84747242	144645478	2	2	0
049345c9-954d-573f-99ed-0dd640037fd8	chr5	144646280	147055815	3	3	0
049345c9-954d-573f-99ed-0dd640037fd8	chr5	147058472	147247102	4	4	0
049345c9-954d-573f-99ed-0dd640037fd8	chr5	147250017	149777202	5	3	2
049345c9-954d-573f-99ed-0dd640037fd8	chr5	149779309	151319813	4	2	2
049345c9-954d-573f-99ed-0dd640037fd8	chr5	151320033	160890810	5	3	2
049345c9-954d-573f-99ed-0dd640037fd8	chr5	160891031	166131157	6	4	2
049345c9-954d-573f-99ed-0dd640037fd8	chr5	166138123	166250539	4	3	1
049345c9-954d-573f-99ed-0dd640037fd8	chr5	166251121	166334735	6	4	2
049345c9-954d-573f-99ed-0dd640037fd8	chr5	166336255	170892559	5	3	2
049345c9-954d-573f-99ed-0dd640037fd8	chr5	170894579	173146882	4	2	2
049345c9-954d-573f-99ed-0dd640037fd8	chr5	173148730	174581944	3	2	1
049345c9-954d-573f-99ed-0dd640037fd8	chr5	174583900	176654094	4	2	2
049345c9-954d-573f-99ed-0dd640037fd8	chr5	176655624	181363319	3	2	1
049345c9-954d-573f-99ed-0dd640037fd8	chr6	149661	40877184	2	2	0
049345c9-954d-573f-99ed-0dd640037fd8	chr6	40878369	42023063	5	3	2
049345c9-954d-573f-99ed-0dd640037fd8	chr6	42023203	44487005	4	2	2
049345c9-954d-573f-99ed-0dd640037fd8	chr6	44487328	46980051	6	3	3
049345c9-954d-573f-99ed-0dd640037fd8	chr6	46980982	47383004	5	3	2
049345c9-954d-573f-99ed-0dd640037fd8	chr6	47383596	48256360	6	4	2
049345c9-954d-573f-99ed-0dd640037fd8	chr6	48258797	49345184	4	2	2
049345c9-954d-573f-99ed-0dd640037fd8	chr6	49345215	49714133	7	5	2
049345c9-954d-573f-99ed-0dd640037fd8	chr6	49720163	50608355	5	3	2
049345c9-954d-573f-99ed-0dd640037fd8	chr6	50608755	55730086	3	2	1
049345c9-954d-573f-99ed-0dd640037fd8	chr6	55730916	55971985	4	2	2
049345c9-954d-573f-99ed-0dd640037fd8	chr6	55972489	57315049	7	5	2
049345c9-954d-573f-99ed-0dd640037fd8	chr6	57318083	58416164	5	3	2
049345c9-954d-573f-99ed-0dd640037fd8	chr6	58416347	63083016	2	2	0
049345c9-954d-573f-99ed-0dd640037fd8	chr6	63091938	63757816	4	3	1
049345c9-954d-573f-99ed-0dd640037fd8	chr6	63770638	64229954	17	14	3
049345c9-954d-573f-99ed-0dd640037fd8	chr6	64237326	66712197	4	2	2
049345c9-954d-573f-99ed-0dd640037fd8	chr6	66715178	72759684	2	2	0
049345c9-954d-573f-99ed-0dd640037fd8	chr6	72763599	74442938	4	2	2
049345c9-954d-573f-99ed-0dd640037fd8	chr6	74444427	76643154	2	2	0
049345c9-954d-573f-99ed-0dd640037fd8	chr6	76643423	76691424	3	2	1
049345c9-954d-573f-99ed-0dd640037fd8	chr6	76694723	77099430	2	2	0
049345c9-954d-573f-99ed-0dd640037fd8	chr6	77099546	79215612	4	2	2
049345c9-954d-573f-99ed-0dd640037fd8	chr6	79219013	122005092	2	2	0
049345c9-954d-573f-99ed-0dd640037fd8	chr6	122006241	122161929	3	3	0
049345c9-954d-573f-99ed-0dd640037fd8	chr6	122162791	170741917	2	2	0
049345c9-954d-573f-99ed-0dd640037fd8	chr7	43259	1083909	7	4	3
049345c9-954d-573f-99ed-0dd640037fd8	chr7	1083937	1790199	5	3	2
049345c9-954d-573f-99ed-0dd640037fd8	chr7	1794386	9780003	7	4	3
049345c9-954d-573f-99ed-0dd640037fd8	chr7	9780834	17591684	8	5	3
049345c9-954d-573f-99ed-0dd640037fd8	chr7	17591750	23514051	7	4	3
049345c9-954d-573f-99ed-0dd640037fd8	chr7	23514769	25685583	6	4	2
049345c9-954d-573f-99ed-0dd640037fd8	chr7	25685951	27182984	5	3	2
049345c9-954d-573f-99ed-0dd640037fd8	chr7	27183944	27848670	2	2	0
049345c9-954d-573f-99ed-0dd640037fd8	chr7	27852797	34627585	3	3	0
049345c9-954d-573f-99ed-0dd640037fd8	chr7	34628551	43868616	2	2	0
049345c9-954d-573f-99ed-0dd640037fd8	chr7	43871083	54248178	4	2	2
049345c9-954d-573f-99ed-0dd640037fd8	chr7	54250998	55439887	5	3	2
049345c9-954d-573f-99ed-0dd640037fd8	chr7	55441560	56627943	4	2	2
049345c9-954d-573f-99ed-0dd640037fd8	chr7	56629493	62526879	5	3	2
049345c9-954d-573f-99ed-0dd640037fd8	chr7	62526916	70745973	4	2	2
049345c9-954d-573f-99ed-0dd640037fd8	chr7	70746041	70759323	3	2	1
049345c9-954d-573f-99ed-0dd640037fd8	chr7	70759757	70864167	7	5	2
049345c9-954d-573f-99ed-0dd640037fd8	chr7	70864448	71785304	5	3	2
049345c9-954d-573f-99ed-0dd640037fd8	chr7	71785726	73629348	4	2	2
049345c9-954d-573f-99ed-0dd640037fd8	chr7	73632428	85079246	3	2	1
049345c9-954d-573f-99ed-0dd640037fd8	chr7	85080992	89533128	2	1	1
049345c9-954d-573f-99ed-0dd640037fd8	chr7	89533171	108157243	3	2	1
049345c9-954d-573f-99ed-0dd640037fd8	chr7	108157415	108353855	2	1	1
049345c9-954d-573f-99ed-0dd640037fd8	chr7	108354113	139886459	3	2	1
049345c9-954d-573f-99ed-0dd640037fd8	chr7	139886815	141312140	4	3	1
049345c9-954d-573f-99ed-0dd640037fd8	chr7	141312215	158987850	3	2	1
049345c9-954d-573f-99ed-0dd640037fd8	chr7	158989584	159042111	2	2	0
049345c9-954d-573f-99ed-0dd640037fd8	chr7	159045209	159179540	3	2	1
049345c9-954d-573f-99ed-0dd640037fd8	chr7	159179874	159334314	1	1	0
049345c9-954d-573f-99ed-0dd640037fd8	chr8	81254	562893	10	10	0
049345c9-954d-573f-99ed-0dd640037fd8	chr8	563226	2856171	9	9	0
049345c9-954d-573f-99ed-0dd640037fd8	chr8	2857146	5102829	8	8	0
049345c9-954d-573f-99ed-0dd640037fd8	chr8	5103917	5367275	7	7	0
049345c9-954d-573f-99ed-0dd640037fd8	chr8	5367333	5862449	6	6	0
049345c9-954d-573f-99ed-0dd640037fd8	chr8	5864667	6350514	3	3	0
049345c9-954d-573f-99ed-0dd640037fd8	chr8	6350617	10487482	4	4	0
049345c9-954d-573f-99ed-0dd640037fd8	chr8	10487512	11036817	6	6	0
049345c9-954d-573f-99ed-0dd640037fd8	chr8	11038879	11234743	10	10	0
049345c9-954d-573f-99ed-0dd640037fd8	chr8	11235828	11544292	7	7	0
049345c9-954d-573f-99ed-0dd640037fd8	chr8	11544690	11722293	5	5	0
049345c9-954d-573f-99ed-0dd640037fd8	chr8	11722445	13136073	3	3	0
049345c9-954d-573f-99ed-0dd640037fd8	chr8	13136119	43931659	1	1	0
049345c9-954d-573f-99ed-0dd640037fd8	chr8	45951913	55008408	4	2	2
049345c9-954d-573f-99ed-0dd640037fd8	chr8	55008803	56682148	3	2	1
049345c9-954d-573f-99ed-0dd640037fd8	chr8	56687246	65249433	4	2	2
049345c9-954d-573f-99ed-0dd640037fd8	chr8	65249921	66250074	3	2	1
049345c9-954d-573f-99ed-0dd640037fd8	chr8	66252991	102446496	4	2	2
049345c9-954d-573f-99ed-0dd640037fd8	chr8	102446513	107859245	3	2	1
049345c9-954d-573f-99ed-0dd640037fd8	chr8	107859361	107960099	4	2	2
049345c9-954d-573f-99ed-0dd640037fd8	chr8	107960417	112980143	3	2	1
049345c9-954d-573f-99ed-0dd640037fd8	chr8	112982589	113027451	4	3	1
049345c9-954d-573f-99ed-0dd640037fd8	chr8	113027662	118153745	3	2	1
049345c9-954d-573f-99ed-0dd640037fd8	chr8	118153793	118487512	5	3	2
049345c9-954d-573f-99ed-0dd640037fd8	chr8	118492283	139633945	4	2	2
049345c9-954d-573f-99ed-0dd640037fd8	chr8	139634747	139692634	6	4	2
049345c9-954d-573f-99ed-0dd640037fd8	chr8	139692727	144203744	4	2	2
049345c9-954d-573f-99ed-0dd640037fd8	chr8	144203787	145072769	6	4	2
049345c9-954d-573f-99ed-0dd640037fd8	chr9	46587	259138	14	14	0
049345c9-954d-573f-99ed-0dd640037fd8	chr9	259224	327303	27	27	0
049345c9-954d-573f-99ed-0dd640037fd8	chr9	327938	3132236	15	15	0
049345c9-954d-573f-99ed-0dd640037fd8	chr9	3134738	3139301	9	9	0
049345c9-954d-573f-99ed-0dd640037fd8	chr9	3139596	9238714	13	13	0
049345c9-954d-573f-99ed-0dd640037fd8	chr9	9238776	10679109	14	14	0
049345c9-954d-573f-99ed-0dd640037fd8	chr9	10679889	11212911	7	7	0
049345c9-954d-573f-99ed-0dd640037fd8	chr9	11213674	11934377	1	1	0
049345c9-954d-573f-99ed-0dd640037fd8	chr9	11941913	12399535	7	7	0
049345c9-954d-573f-99ed-0dd640037fd8	chr9	12400136	13003886	9	9	0
049345c9-954d-573f-99ed-0dd640037fd8	chr9	13006396	13301957	6	6	0
049345c9-954d-573f-99ed-0dd640037fd8	chr9	13307716	13757614	17	17	0
049345c9-954d-573f-99ed-0dd640037fd8	chr9	13757665	14294734	25	25	0
049345c9-954d-573f-99ed-0dd640037fd8	chr9	14294981	14727639	22	22	0
049345c9-954d-573f-99ed-0dd640037fd8	chr9	14728054	19979737	11	11	0
049345c9-954d-573f-99ed-0dd640037fd8	chr9	19980277	20937709	10	10	0
049345c9-954d-573f-99ed-0dd640037fd8	chr9	20940131	21420139	0	0	0
049345c9-954d-573f-99ed-0dd640037fd8	chr9	21427675	21615700	10	7	3
049345c9-954d-573f-99ed-0dd640037fd8	chr9	21617467	22361415	0	0	0
049345c9-954d-573f-99ed-0dd640037fd8	chr9	22361637	23321738	10	10	0
049345c9-954d-573f-99ed-0dd640037fd8	chr9	23322377	28939167	8	8	0
049345c9-954d-573f-99ed-0dd640037fd8	chr9	28939274	30657825	6	6	0
049345c9-954d-573f-99ed-0dd640037fd8	chr9	30661396	32283013	4	4	0
049345c9-954d-573f-99ed-0dd640037fd8	chr9	32283362	36946139	3	3	0
049345c9-954d-573f-99ed-0dd640037fd8	chr9	36950286	41741113	1	1	0
049345c9-954d-573f-99ed-0dd640037fd8	chr9	60863881	138200944	3	2	1
049345c9-954d-573f-99ed-0dd640037fd8	chr10	45792	20209330	2	2	0
049345c9-954d-573f-99ed-0dd640037fd8	chr10	20209689	20725576	3	3	0
049345c9-954d-573f-99ed-0dd640037fd8	chr10	20725639	38783075	1	1	0
049345c9-954d-573f-99ed-0dd640037fd8	chr10	38783090	42160224	5	5	0
049345c9-954d-573f-99ed-0dd640037fd8	chr10	42186685	42189813	2	2	0
049345c9-954d-573f-99ed-0dd640037fd8	chr10	42190201	51921306	4	2	2
049345c9-954d-573f-99ed-0dd640037fd8	chr10	51926444	52034467	6	4	2
049345c9-954d-573f-99ed-0dd640037fd8	chr10	52039505	52480421	4	4	0
049345c9-954d-573f-99ed-0dd640037fd8	chr10	52480952	65546518	2	2	0
049345c9-954d-573f-99ed-0dd640037fd8	chr10	65548165	65554688	0	0	0
049345c9-954d-573f-99ed-0dd640037fd8	chr10	65563037	133654968	2	2	0
049345c9-954d-573f-99ed-0dd640037fd8	chr11	198510	13929355	3	2	1
049345c9-954d-573f-99ed-0dd640037fd8	chr11	13931038	55949776	4	2	2
049345c9-954d-573f-99ed-0dd640037fd8	chr11	55954001	63611777	3	2	1
049345c9-954d-573f-99ed-0dd640037fd8	chr11	63612378	65953940	4	3	1
049345c9-954d-573f-99ed-0dd640037fd8	chr11	65954533	74635888	6	3	3
049345c9-954d-573f-99ed-0dd640037fd8	chr11	74636389	83903073	5	3	2
049345c9-954d-573f-99ed-0dd640037fd8	chr11	83904706	84896315	7	4	3
049345c9-954d-573f-99ed-0dd640037fd8	chr11	84899058	84957804	3	2	1
049345c9-954d-573f-99ed-0dd640037fd8	chr11	84957986	87190195	6	3	3
049345c9-954d-573f-99ed-0dd640037fd8	chr11	87195141	88165399	5	3	2
049345c9-954d-573f-99ed-0dd640037fd8	chr11	88168068	91285116	6	3	3
049345c9-954d-573f-99ed-0dd640037fd8	chr11	91285580	93074382	6	4	2
049345c9-954d-573f-99ed-0dd640037fd8	chr11	93074513	109998527	5	3	2
049345c9-954d-573f-99ed-0dd640037fd8	chr11	109998621	135074876	4	3	1
049345c9-954d-573f-99ed-0dd640037fd8	chr12	51460	24035163	4	2	2
049345c9-954d-573f-99ed-0dd640037fd8	chr12	24035295	34701563	5	3	2
049345c9-954d-573f-99ed-0dd640037fd8	chr12	37463949	38120638	2	2	0
049345c9-954d-573f-99ed-0dd640037fd8	chr12	38121041	38879636	1	1	0
049345c9-954d-573f-99ed-0dd640037fd8	chr12	38882154	39842290	10	9	1
049345c9-954d-573f-99ed-0dd640037fd8	chr12	39842483	40364850	15	14	1
049345c9-954d-573f-99ed-0dd640037fd8	chr12	40364981	40934232	21	20	1
049345c9-954d-573f-99ed-0dd640037fd8	chr12	40938707	56909015	2	1	1
049345c9-954d-573f-99ed-0dd640037fd8	chr12	56912628	60242265	3	2	1
049345c9-954d-573f-99ed-0dd640037fd8	chr12	60242891	65758002	2	1	1
049345c9-954d-573f-99ed-0dd640037fd8	chr12	65760017	67811711	3	2	1
049345c9-954d-573f-99ed-0dd640037fd8	chr12	67811824	68274406	2	1	1
049345c9-954d-573f-99ed-0dd640037fd8	chr12	68274587	74815332	4	3	1
049345c9-954d-573f-99ed-0dd640037fd8	chr12	74815346	114977974	2	1	1
049345c9-954d-573f-99ed-0dd640037fd8	chr12	114980205	116604537	4	3	1
049345c9-954d-573f-99ed-0dd640037fd8	chr12	116605535	133201603	3	2	1
049345c9-954d-573f-99ed-0dd640037fd8	chr13	18452809	33999808	3	2	1
049345c9-954d-573f-99ed-0dd640037fd8	chr13	33999882	55144761	4	2	2
049345c9-954d-573f-99ed-0dd640037fd8	chr13	55151102	56470362	3	2	1
049345c9-954d-573f-99ed-0dd640037fd8	chr13	56470440	57552347	6	4	2
049345c9-954d-573f-99ed-0dd640037fd8	chr13	57552386	77159868	3	2	1
049345c9-954d-573f-99ed-0dd640037fd8	chr13	77164011	82148504	5	3	2
049345c9-954d-573f-99ed-0dd640037fd8	chr13	82150925	112912686	3	2	1
049345c9-954d-573f-99ed-0dd640037fd8	chr13	112914297	114342922	1	1	0
049345c9-954d-573f-99ed-0dd640037fd8	chr14	18239283	21860829	3	2	1
049345c9-954d-573f-99ed-0dd640037fd8	chr14	21862151	39149293	4	2	2
049345c9-954d-573f-99ed-0dd640037fd8	chr14	39149482	76033159	3	2	1
049345c9-954d-573f-99ed-0dd640037fd8	chr14	76033960	105758187	4	2	2
049345c9-954d-573f-99ed-0dd640037fd8	chr14	105779965	106346115	10	10	0
049345c9-954d-573f-99ed-0dd640037fd8	chr14	106346129	106877229	5	3	2
049345c9-954d-573f-99ed-0dd640037fd8	chr15	19811075	24088085	3	2	1
049345c9-954d-573f-99ed-0dd640037fd8	chr15	24088193	25612710	2	1	1
049345c9-954d-573f-99ed-0dd640037fd8	chr15	25613915	30687047	4	3	1
049345c9-954d-573f-99ed-0dd640037fd8	chr15	30687738	55475950	2	1	1
049345c9-954d-573f-99ed-0dd640037fd8	chr15	55476309	71742310	3	2	1
049345c9-954d-573f-99ed-0dd640037fd8	chr15	71744842	89248285	4	2	2
049345c9-954d-573f-99ed-0dd640037fd8	chr15	89249255	92377797	3	2	1
049345c9-954d-573f-99ed-0dd640037fd8	chr15	92380366	94434601	4	2	2
049345c9-954d-573f-99ed-0dd640037fd8	chr15	94435933	95765744	3	2	1
049345c9-954d-573f-99ed-0dd640037fd8	chr15	95774154	98136972	5	3	2
049345c9-954d-573f-99ed-0dd640037fd8	chr15	98138085	100304167	4	2	2
049345c9-954d-573f-99ed-0dd640037fd8	chr15	100305254	101928837	3	2	1
049345c9-954d-573f-99ed-0dd640037fd8	chr16	10777	31948830	2	2	0
049345c9-954d-573f-99ed-0dd640037fd8	chr16	31954295	36048855	4	2	2
049345c9-954d-573f-99ed-0dd640037fd8	chr16	46441986	48506016	1	1	0
049345c9-954d-573f-99ed-0dd640037fd8	chr16	48508271	63456725	2	2	0
049345c9-954d-573f-99ed-0dd640037fd8	chr16	63458052	68691743	4	2	2
049345c9-954d-573f-99ed-0dd640037fd8	chr16	68693166	72400972	2	2	0
049345c9-954d-573f-99ed-0dd640037fd8	chr16	72404801	73338879	1	1	0
049345c9-954d-573f-99ed-0dd640037fd8	chr16	73339428	90096867	2	2	0
049345c9-954d-573f-99ed-0dd640037fd8	chr17	150733	7016938	2	2	0
049345c9-954d-573f-99ed-0dd640037fd8	chr17	7028821	18452078	4	2	2
049345c9-954d-573f-99ed-0dd640037fd8	chr17	18455632	18477080	0	0	0
049345c9-954d-573f-99ed-0dd640037fd8	chr17	18478497	27745030	4	2	2
049345c9-954d-573f-99ed-0dd640037fd8	chr17	27747965	68499871	2	1	1
049345c9-954d-573f-99ed-0dd640037fd8	chr17	68506935	83091923	3	2	1
049345c9-954d-573f-99ed-0dd640037fd8	chr18	48133	4973590	4	2	2
049345c9-954d-573f-99ed-0dd640037fd8	chr18	4974007	5000510	2	1	1
049345c9-954d-573f-99ed-0dd640037fd8	chr18	5003200	14144778	4	2	2
049345c9-954d-573f-99ed-0dd640037fd8	chr18	14144901	15402409	5	3	2
049345c9-954d-573f-99ed-0dd640037fd8	chr18	20949392	33411635	4	2	2
049345c9-954d-573f-99ed-0dd640037fd8	chr18	33411753	33476032	5	3	2
049345c9-954d-573f-99ed-0dd640037fd8	chr18	33476208	80257174	4	2	2
049345c9-954d-573f-99ed-0dd640037fd8	chr19	90910	3717734	3	2	1
049345c9-954d-573f-99ed-0dd640037fd8	chr19	3723922	3762500	1	1	0
049345c9-954d-573f-99ed-0dd640037fd8	chr19	3765582	7114985	3	2	1
049345c9-954d-573f-99ed-0dd640037fd8	chr19	7119564	7350826	8	6	2
049345c9-954d-573f-99ed-0dd640037fd8	chr19	7359234	14728348	3	2	1
049345c9-954d-573f-99ed-0dd640037fd8	chr19	14728678	16800862	4	3	1
049345c9-954d-573f-99ed-0dd640037fd8	chr19	16808001	27524872	2	1	1
049345c9-954d-573f-99ed-0dd640037fd8	chr19	27525281	28776655	4	3	1
049345c9-954d-573f-99ed-0dd640037fd8	chr19	28777436	30821432	5	4	1
049345c9-954d-573f-99ed-0dd640037fd8	chr19	30822989	31312276	4	3	1
049345c9-954d-573f-99ed-0dd640037fd8	chr19	31313195	32603546	3	2	1
049345c9-954d-573f-99ed-0dd640037fd8	chr19	32605150	32629346	9	7	2
049345c9-954d-573f-99ed-0dd640037fd8	chr19	32630823	39755700	3	2	1
049345c9-954d-573f-99ed-0dd640037fd8	chr19	39757389	42811459	2	1	1
049345c9-954d-573f-99ed-0dd640037fd8	chr19	42816985	43262507	1	1	0
049345c9-954d-573f-99ed-0dd640037fd8	chr19	43262860	47474620	2	1	1
049345c9-954d-573f-99ed-0dd640037fd8	chr19	47476896	47767428	3	2	1
049345c9-954d-573f-99ed-0dd640037fd8	chr19	47768127	52017089	2	1	1
049345c9-954d-573f-99ed-0dd640037fd8	chr19	52021515	52596384	4	3	1
049345c9-954d-573f-99ed-0dd640037fd8	chr19	52596400	52617358	3	2	1
049345c9-954d-573f-99ed-0dd640037fd8	chr19	52617918	55581607	4	3	1
049345c9-954d-573f-99ed-0dd640037fd8	chr19	55582190	58586487	3	2	1
049345c9-954d-573f-99ed-0dd640037fd8	chr20	80664	26285677	2	2	0
049345c9-954d-573f-99ed-0dd640037fd8	chr20	26285930	64324800	3	2	1
049345c9-954d-573f-99ed-0dd640037fd8	chr21	12973348	14450086	6	3	3
049345c9-954d-573f-99ed-0dd640037fd8	chr21	14451045	14743691	7	5	2
049345c9-954d-573f-99ed-0dd640037fd8	chr21	14744071	15641329	6	4	2
049345c9-954d-573f-99ed-0dd640037fd8	chr21	15641723	18158396	4	3	1
049345c9-954d-573f-99ed-0dd640037fd8	chr21	18161075	46677045	5	4	1
049345c9-954d-573f-99ed-0dd640037fd8	chr22	16392123	18760941	3	2	1
049345c9-954d-573f-99ed-0dd640037fd8	chr22	18783014	37798395	5	3	2
049345c9-954d-573f-99ed-0dd640037fd8	chr22	37799142	40859815	3	3	0
049345c9-954d-573f-99ed-0dd640037fd8	chr22	40861203	41583967	4	4	0
049345c9-954d-573f-99ed-0dd640037fd8	chr22	41596983	46520988	3	3	0
049345c9-954d-573f-99ed-0dd640037fd8	chr22	46521063	47393534	5	5	0
049345c9-954d-573f-99ed-0dd640037fd8	chr22	47394305	50485501	6	6	0
049345c9-954d-573f-99ed-0dd640037fd8	chr22	50490675	50635020	4	4	0
049345c9-954d-573f-99ed-0dd640037fd8	chr22	50648848	50796027	1	1	0
049345c9-954d-573f-99ed-0dd640037fd8	chrX	251810	2627552	1	1	0
049345c9-954d-573f-99ed-0dd640037fd8	chrX	2627862	2649506	2	2	0
049345c9-954d-573f-99ed-0dd640037fd8	chrX	2649606	2735511	1	1	0
049345c9-954d-573f-99ed-0dd640037fd8	chrX	2735872	2743052	2	2	0
049345c9-954d-573f-99ed-0dd640037fd8	chrX	2743811	26691587	1	1	0
049345c9-954d-573f-99ed-0dd640037fd8	chrX	26694447	58454123	2	2	0
049345c9-954d-573f-99ed-0dd640037fd8	chrX	58469511	108043536	1	1	0
049345c9-954d-573f-99ed-0dd640037fd8	chrX	108044852	110067588	0	0	0
049345c9-954d-573f-99ed-0dd640037fd8	chrX	110072591	119754545	1	1	0
049345c9-954d-573f-99ed-0dd640037fd8	chrX	119755012	149245402	0	0	0
049345c9-954d-573f-99ed-0dd640037fd8	chrX	149249001	154868143	1	1	0
049345c9-954d-573f-99ed-0dd640037fd8	chrX	154873611	156004181	0	0	0
049345c9-954d-573f-99ed-0dd640037fd8	chrY	2782397	56872112	0	0	0
