GDC_Aliquot	Chromosome	Start	End	Copy_Number	Major_Copy_Number	Minor_Copy_Number
ceba6667-9602-5c10-9320-298d95e354e5	chr1	62920	2296485	4	3	1
ceba6667-9602-5c10-9320-298d95e354e5	chr1	2298008	3971019	5	3	2
ceba6667-9602-5c10-9320-298d95e354e5	chr1	3971207	13893691	4	2	2
ceba6667-9602-5c10-9320-298d95e354e5	chr1	13894324	14302333	5	3	2
ceba6667-9602-5c10-9320-298d95e354e5	chr1	14305130	14381155	3	2	1
ceba6667-9602-5c10-9320-298d95e354e5	chr1	14381633	14876761	4	2	2
ceba6667-9602-5c10-9320-298d95e354e5	chr1	14877577	15083026	4	3	1
ceba6667-9602-5c10-9320-298d95e354e5	chr1	15085773	25256850	4	2	2
ceba6667-9602-5c10-9320-298d95e354e5	chr1	25266637	25320455	0	0	0
ceba6667-9602-5c10-9320-298d95e354e5	chr1	25336819	26583175	4	2	2
ceba6667-9602-5c10-9320-298d95e354e5	chr1	26583274	30676849	4	3	1
ceba6667-9602-5c10-9320-298d95e354e5	chr1	30678096	32574873	3	2	1
ceba6667-9602-5c10-9320-298d95e354e5	chr1	32580134	36174178	4	3	1
ceba6667-9602-5c10-9320-298d95e354e5	chr1	36177476	42443671	3	3	0
ceba6667-9602-5c10-9320-298d95e354e5	chr1	42443872	54580719	2	2	0
ceba6667-9602-5c10-9320-298d95e354e5	chr1	54580862	70947660	3	2	1
ceba6667-9602-5c10-9320-298d95e354e5	chr1	70947699	71006067	6	3	3
ceba6667-9602-5c10-9320-298d95e354e5	chr1	71006192	71068250	3	2	1
ceba6667-9602-5c10-9320-298d95e354e5	chr1	71074766	72065790	6	3	3
ceba6667-9602-5c10-9320-298d95e354e5	chr1	72066507	72256381	3	2	1
ceba6667-9602-5c10-9320-298d95e354e5	chr1	72256901	73818232	6	3	3
ceba6667-9602-5c10-9320-298d95e354e5	chr1	73820238	73901465	3	2	1
ceba6667-9602-5c10-9320-298d95e354e5	chr1	73905825	74018113	8	5	3
ceba6667-9602-5c10-9320-298d95e354e5	chr1	74018816	74469674	3	2	1
ceba6667-9602-5c10-9320-298d95e354e5	chr1	74470690	77479047	5	3	2
ceba6667-9602-5c10-9320-298d95e354e5	chr1	77479569	78459728	6	4	2
ceba6667-9602-5c10-9320-298d95e354e5	chr1	78465253	80797218	6	3	3
ceba6667-9602-5c10-9320-298d95e354e5	chr1	80800178	87239348	5	3	2
ceba6667-9602-5c10-9320-298d95e354e5	chr1	87239647	87249532	10	6	4
ceba6667-9602-5c10-9320-298d95e354e5	chr1	87253005	94685568	5	3	2
ceba6667-9602-5c10-9320-298d95e354e5	chr1	94685590	94845062	5	4	1
ceba6667-9602-5c10-9320-298d95e354e5	chr1	94846549	110129603	5	3	2
ceba6667-9602-5c10-9320-298d95e354e5	chr1	110133730	110503002	5	4	1
ceba6667-9602-5c10-9320-298d95e354e5	chr1	110503706	111311383	5	3	2
ceba6667-9602-5c10-9320-298d95e354e5	chr1	111311454	111806974	4	3	1
ceba6667-9602-5c10-9320-298d95e354e5	chr1	111807035	112331249	5	3	2
ceba6667-9602-5c10-9320-298d95e354e5	chr1	112331274	112476560	4	3	1
ceba6667-9602-5c10-9320-298d95e354e5	chr1	112476905	116243357	5	3	2
ceba6667-9602-5c10-9320-298d95e354e5	chr1	116247581	116481869	4	3	1
ceba6667-9602-5c10-9320-298d95e354e5	chr1	116482987	121705338	5	3	2
ceba6667-9602-5c10-9320-298d95e354e5	chr1	143541857	179709476	3	2	1
ceba6667-9602-5c10-9320-298d95e354e5	chr1	179709508	184635781	4	2	2
ceba6667-9602-5c10-9320-298d95e354e5	chr1	184635794	189767803	3	2	1
ceba6667-9602-5c10-9320-298d95e354e5	chr1	189768259	189923142	4	2	2
ceba6667-9602-5c10-9320-298d95e354e5	chr1	189932557	192095737	3	2	1
ceba6667-9602-5c10-9320-298d95e354e5	chr1	192096080	193470045	4	2	2
ceba6667-9602-5c10-9320-298d95e354e5	chr1	193470352	206394357	5	3	2
ceba6667-9602-5c10-9320-298d95e354e5	chr1	206397447	248930189	3	2	1
ceba6667-9602-5c10-9320-298d95e354e5	chr2	12784	3759921	2	2	0
ceba6667-9602-5c10-9320-298d95e354e5	chr2	3762265	3776231	4	4	0
ceba6667-9602-5c10-9320-298d95e354e5	chr2	3776375	31020785	2	2	0
ceba6667-9602-5c10-9320-298d95e354e5	chr2	31021098	31027855	1	1	0
ceba6667-9602-5c10-9320-298d95e354e5	chr2	31029795	65698881	2	2	0
ceba6667-9602-5c10-9320-298d95e354e5	chr2	65698981	65915299	2	1	1
ceba6667-9602-5c10-9320-298d95e354e5	chr2	65915322	81388415	2	2	0
ceba6667-9602-5c10-9320-298d95e354e5	chr2	81397813	81822580	4	4	0
ceba6667-9602-5c10-9320-298d95e354e5	chr2	81832884	88831554	3	3	0
ceba6667-9602-5c10-9320-298d95e354e5	chr2	88833611	96795386	5	4	1
ceba6667-9602-5c10-9320-298d95e354e5	chr2	96797638	105723255	3	2	1
ceba6667-9602-5c10-9320-298d95e354e5	chr2	105724357	106509594	5	3	2
ceba6667-9602-5c10-9320-298d95e354e5	chr2	106511090	107755746	3	2	1
ceba6667-9602-5c10-9320-298d95e354e5	chr2	107755795	111705548	2	2	0
ceba6667-9602-5c10-9320-298d95e354e5	chr2	111706467	114324624	3	3	0
ceba6667-9602-5c10-9320-298d95e354e5	chr2	114325453	115292896	11	6	5
ceba6667-9602-5c10-9320-298d95e354e5	chr2	115294351	116973561	7	4	3
ceba6667-9602-5c10-9320-298d95e354e5	chr2	116975704	118049890	5	3	2
ceba6667-9602-5c10-9320-298d95e354e5	chr2	118050451	119708600	6	3	3
ceba6667-9602-5c10-9320-298d95e354e5	chr2	119713040	120330955	4	2	2
ceba6667-9602-5c10-9320-298d95e354e5	chr2	120331994	122580584	9	7	2
ceba6667-9602-5c10-9320-298d95e354e5	chr2	122581358	122632539	7	5	2
ceba6667-9602-5c10-9320-298d95e354e5	chr2	122632712	122769134	5	3	2
ceba6667-9602-5c10-9320-298d95e354e5	chr2	122777880	122929555	10	7	3
ceba6667-9602-5c10-9320-298d95e354e5	chr2	122930058	123298390	6	3	3
ceba6667-9602-5c10-9320-298d95e354e5	chr2	123298448	125021752	5	3	2
ceba6667-9602-5c10-9320-298d95e354e5	chr2	125022121	126060245	10	7	3
ceba6667-9602-5c10-9320-298d95e354e5	chr2	126060552	126126995	9	5	4
ceba6667-9602-5c10-9320-298d95e354e5	chr2	126127383	127100187	4	2	2
ceba6667-9602-5c10-9320-298d95e354e5	chr2	127100370	128449422	3	2	1
ceba6667-9602-5c10-9320-298d95e354e5	chr2	128449901	131638958	2	2	0
ceba6667-9602-5c10-9320-298d95e354e5	chr2	131638971	132430533	3	3	0
ceba6667-9602-5c10-9320-298d95e354e5	chr2	132431666	164336106	2	2	0
ceba6667-9602-5c10-9320-298d95e354e5	chr2	164337827	164787137	3	3	0
ceba6667-9602-5c10-9320-298d95e354e5	chr2	164788035	165731550	5	5	0
ceba6667-9602-5c10-9320-298d95e354e5	chr2	165746078	166351845	2	2	0
ceba6667-9602-5c10-9320-298d95e354e5	chr2	166353494	187575969	3	3	0
ceba6667-9602-5c10-9320-298d95e354e5	chr2	187576058	190326122	5	5	0
ceba6667-9602-5c10-9320-298d95e354e5	chr2	190328371	190365077	7	7	0
ceba6667-9602-5c10-9320-298d95e354e5	chr2	190366732	192877042	4	4	0
ceba6667-9602-5c10-9320-298d95e354e5	chr2	192878273	196217119	5	4	1
ceba6667-9602-5c10-9320-298d95e354e5	chr2	196218691	198245650	5	5	0
ceba6667-9602-5c10-9320-298d95e354e5	chr2	198245670	198794495	7	7	0
ceba6667-9602-5c10-9320-298d95e354e5	chr2	198797630	205825600	5	5	0
ceba6667-9602-5c10-9320-298d95e354e5	chr2	205826462	206874154	3	3	0
ceba6667-9602-5c10-9320-298d95e354e5	chr2	206874407	206994423	5	5	0
ceba6667-9602-5c10-9320-298d95e354e5	chr2	206994866	208884628	3	3	0
ceba6667-9602-5c10-9320-298d95e354e5	chr2	208885108	209144470	5	5	0
ceba6667-9602-5c10-9320-298d95e354e5	chr2	209144677	212189555	3	3	0
ceba6667-9602-5c10-9320-298d95e354e5	chr2	212200569	212463371	5	5	0
ceba6667-9602-5c10-9320-298d95e354e5	chr2	212463749	214339941	3	3	0
ceba6667-9602-5c10-9320-298d95e354e5	chr2	214341845	216202624	5	5	0
ceba6667-9602-5c10-9320-298d95e354e5	chr2	216204942	216569792	4	3	1
ceba6667-9602-5c10-9320-298d95e354e5	chr2	216569920	223440105	5	5	0
ceba6667-9602-5c10-9320-298d95e354e5	chr2	223443942	224063775	2	2	0
ceba6667-9602-5c10-9320-298d95e354e5	chr2	224066120	224859964	4	4	0
ceba6667-9602-5c10-9320-298d95e354e5	chr2	224862714	225926257	2	2	0
ceba6667-9602-5c10-9320-298d95e354e5	chr2	225927383	226845092	4	4	0
ceba6667-9602-5c10-9320-298d95e354e5	chr2	226846163	227343490	2	2	0
ceba6667-9602-5c10-9320-298d95e354e5	chr2	227348591	227381972	4	4	0
ceba6667-9602-5c10-9320-298d95e354e5	chr2	227383492	227498562	5	5	0
ceba6667-9602-5c10-9320-298d95e354e5	chr2	227504839	232474959	2	2	0
ceba6667-9602-5c10-9320-298d95e354e5	chr2	232476005	232776510	4	4	0
ceba6667-9602-5c10-9320-298d95e354e5	chr2	232776987	242147305	2	2	0
ceba6667-9602-5c10-9320-298d95e354e5	chr3	20930	103875	0	0	0
ceba6667-9602-5c10-9320-298d95e354e5	chr3	104040	217774	1	1	0
ceba6667-9602-5c10-9320-298d95e354e5	chr3	219969	1048801	2	1	1
ceba6667-9602-5c10-9320-298d95e354e5	chr3	1048867	1054493	0	0	0
ceba6667-9602-5c10-9320-298d95e354e5	chr3	1054567	2446013	3	2	1
ceba6667-9602-5c10-9320-298d95e354e5	chr3	2446102	3903860	2	1	1
ceba6667-9602-5c10-9320-298d95e354e5	chr3	3904208	3982184	0	0	0
ceba6667-9602-5c10-9320-298d95e354e5	chr3	3982762	5421707	2	1	1
ceba6667-9602-5c10-9320-298d95e354e5	chr3	5422065	6175131	3	2	1
ceba6667-9602-5c10-9320-298d95e354e5	chr3	6175200	23979075	2	1	1
ceba6667-9602-5c10-9320-298d95e354e5	chr3	23982360	24259284	4	3	1
ceba6667-9602-5c10-9320-298d95e354e5	chr3	24263272	28844255	2	1	1
ceba6667-9602-5c10-9320-298d95e354e5	chr3	28844313	29271803	0	0	0
ceba6667-9602-5c10-9320-298d95e354e5	chr3	29272601	35071701	2	1	1
ceba6667-9602-5c10-9320-298d95e354e5	chr3	35072206	35381401	4	3	1
ceba6667-9602-5c10-9320-298d95e354e5	chr3	35382410	35502432	3	2	1
ceba6667-9602-5c10-9320-298d95e354e5	chr3	35503848	64027988	2	1	1
ceba6667-9602-5c10-9320-298d95e354e5	chr3	64028492	65007641	3	2	1
ceba6667-9602-5c10-9320-298d95e354e5	chr3	65008649	93800634	2	1	1
ceba6667-9602-5c10-9320-298d95e354e5	chr3	93801172	99015200	3	3	0
ceba6667-9602-5c10-9320-298d95e354e5	chr3	99015796	99022620	6	6	0
ceba6667-9602-5c10-9320-298d95e354e5	chr3	99024114	132843611	3	3	0
ceba6667-9602-5c10-9320-298d95e354e5	chr3	132847403	145688534	2	2	0
ceba6667-9602-5c10-9320-298d95e354e5	chr3	145689195	146778515	3	2	1
ceba6667-9602-5c10-9320-298d95e354e5	chr3	146778816	162790480	2	2	0
ceba6667-9602-5c10-9320-298d95e354e5	chr3	162794869	162908192	8	8	0
ceba6667-9602-5c10-9320-298d95e354e5	chr3	162908207	176558929	2	2	0
ceba6667-9602-5c10-9320-298d95e354e5	chr3	176560954	176642567	3	2	1
ceba6667-9602-5c10-9320-298d95e354e5	chr3	176648561	193678743	2	2	0
ceba6667-9602-5c10-9320-298d95e354e5	chr3	193681499	198169247	3	3	0
ceba6667-9602-5c10-9320-298d95e354e5	chr4	68929	587859	0	0	0
ceba6667-9602-5c10-9320-298d95e354e5	chr4	592274	16831634	1	1	0
ceba6667-9602-5c10-9320-298d95e354e5	chr4	16832009	17104708	12	11	1
ceba6667-9602-5c10-9320-298d95e354e5	chr4	17106008	20997360	1	1	0
ceba6667-9602-5c10-9320-298d95e354e5	chr4	20999922	23039197	2	1	1
ceba6667-9602-5c10-9320-298d95e354e5	chr4	23039258	24129004	1	1	0
ceba6667-9602-5c10-9320-298d95e354e5	chr4	24130077	25456772	11	10	1
ceba6667-9602-5c10-9320-298d95e354e5	chr4	25461279	31521408	1	1	0
ceba6667-9602-5c10-9320-298d95e354e5	chr4	31521895	31865502	2	1	1
ceba6667-9602-5c10-9320-298d95e354e5	chr4	31865550	32537555	0	0	0
ceba6667-9602-5c10-9320-298d95e354e5	chr4	32538160	33164838	2	1	1
ceba6667-9602-5c10-9320-298d95e354e5	chr4	33165082	33195183	1	1	0
ceba6667-9602-5c10-9320-298d95e354e5	chr4	33196631	33478022	19	13	6
ceba6667-9602-5c10-9320-298d95e354e5	chr4	33479205	33830967	16	11	5
ceba6667-9602-5c10-9320-298d95e354e5	chr4	33838025	36518110	1	1	0
ceba6667-9602-5c10-9320-298d95e354e5	chr4	36518829	36703954	0	0	0
ceba6667-9602-5c10-9320-298d95e354e5	chr4	36704830	37174097	3	2	1
ceba6667-9602-5c10-9320-298d95e354e5	chr4	37176252	37897029	12	10	2
ceba6667-9602-5c10-9320-298d95e354e5	chr4	37897340	37970420	1	1	0
ceba6667-9602-5c10-9320-298d95e354e5	chr4	37972517	38328428	2	1	1
ceba6667-9602-5c10-9320-298d95e354e5	chr4	38328580	38497960	1	1	0
ceba6667-9602-5c10-9320-298d95e354e5	chr4	38498984	38757634	12	11	1
ceba6667-9602-5c10-9320-298d95e354e5	chr4	38760609	38777282	1	1	0
ceba6667-9602-5c10-9320-298d95e354e5	chr4	38780018	38993095	11	10	1
ceba6667-9602-5c10-9320-298d95e354e5	chr4	39003180	39227134	0	0	0
ceba6667-9602-5c10-9320-298d95e354e5	chr4	39228151	39988834	2	1	1
ceba6667-9602-5c10-9320-298d95e354e5	chr4	39993535	40381978	15	13	2
ceba6667-9602-5c10-9320-298d95e354e5	chr4	40385814	41819275	1	1	0
ceba6667-9602-5c10-9320-298d95e354e5	chr4	41830627	41839195	12	9	3
ceba6667-9602-5c10-9320-298d95e354e5	chr4	41839207	42395370	12	11	1
ceba6667-9602-5c10-9320-298d95e354e5	chr4	42396120	42850834	17	14	3
ceba6667-9602-5c10-9320-298d95e354e5	chr4	42852035	46343313	2	2	0
ceba6667-9602-5c10-9320-298d95e354e5	chr4	46346116	46746526	0	0	0
ceba6667-9602-5c10-9320-298d95e354e5	chr4	46748316	48698488	2	2	0
ceba6667-9602-5c10-9320-298d95e354e5	chr4	48699520	54418982	7	5	2
ceba6667-9602-5c10-9320-298d95e354e5	chr4	54419495	54818410	8	4	4
ceba6667-9602-5c10-9320-298d95e354e5	chr4	54818565	92399317	5	4	1
ceba6667-9602-5c10-9320-298d95e354e5	chr4	92399446	95282367	4	3	1
ceba6667-9602-5c10-9320-298d95e354e5	chr4	95283156	95398263	3	3	0
ceba6667-9602-5c10-9320-298d95e354e5	chr4	95402913	95812401	4	3	1
ceba6667-9602-5c10-9320-298d95e354e5	chr4	95812479	95818936	6	5	1
ceba6667-9602-5c10-9320-298d95e354e5	chr4	95818946	119320069	4	3	1
ceba6667-9602-5c10-9320-298d95e354e5	chr4	119327528	119337052	1	1	0
ceba6667-9602-5c10-9320-298d95e354e5	chr4	119339630	132433338	4	3	1
ceba6667-9602-5c10-9320-298d95e354e5	chr4	132434986	135411454	5	4	1
ceba6667-9602-5c10-9320-298d95e354e5	chr4	135415544	137742205	7	6	1
ceba6667-9602-5c10-9320-298d95e354e5	chr4	137743425	138576111	6	5	1
ceba6667-9602-5c10-9320-298d95e354e5	chr4	138579594	158395395	5	4	1
ceba6667-9602-5c10-9320-298d95e354e5	chr4	158396290	164201580	4	3	1
ceba6667-9602-5c10-9320-298d95e354e5	chr4	164201659	189770189	2	1	1
ceba6667-9602-5c10-9320-298d95e354e5	chr4	189772092	189864410	0	0	0
ceba6667-9602-5c10-9320-298d95e354e5	chr4	189870388	190106768	2	2	0
ceba6667-9602-5c10-9320-298d95e354e5	chr5	15532	46699	3	2	1
ceba6667-9602-5c10-9320-298d95e354e5	chr5	48691	169787	1	1	0
ceba6667-9602-5c10-9320-298d95e354e5	chr5	177149	16341969	3	2	1
ceba6667-9602-5c10-9320-298d95e354e5	chr5	16342307	20858813	5	3	2
ceba6667-9602-5c10-9320-298d95e354e5	chr5	20859532	24870982	3	2	1
ceba6667-9602-5c10-9320-298d95e354e5	chr5	24871616	28991008	2	2	0
ceba6667-9602-5c10-9320-298d95e354e5	chr5	29000786	35608782	3	2	1
ceba6667-9602-5c10-9320-298d95e354e5	chr5	35609648	42940977	4	2	2
ceba6667-9602-5c10-9320-298d95e354e5	chr5	42943385	51668087	3	2	1
ceba6667-9602-5c10-9320-298d95e354e5	chr5	51673162	52917554	5	3	2
ceba6667-9602-5c10-9320-298d95e354e5	chr5	52918025	54079006	6	3	3
ceba6667-9602-5c10-9320-298d95e354e5	chr5	54079309	54638474	8	4	4
ceba6667-9602-5c10-9320-298d95e354e5	chr5	54639793	54671050	7	6	1
ceba6667-9602-5c10-9320-298d95e354e5	chr5	54671735	74651992	2	2	0
ceba6667-9602-5c10-9320-298d95e354e5	chr5	74654833	76178916	1	1	0
ceba6667-9602-5c10-9320-298d95e354e5	chr5	76178955	112736161	2	2	0
ceba6667-9602-5c10-9320-298d95e354e5	chr5	112736327	113244656	2	1	1
ceba6667-9602-5c10-9320-298d95e354e5	chr5	113245010	129358548	2	2	0
ceba6667-9602-5c10-9320-298d95e354e5	chr5	129361870	129511479	5	3	2
ceba6667-9602-5c10-9320-298d95e354e5	chr5	129512255	145929636	2	2	0
ceba6667-9602-5c10-9320-298d95e354e5	chr5	145930968	145990979	4	2	2
ceba6667-9602-5c10-9320-298d95e354e5	chr5	146000152	163634215	2	2	0
ceba6667-9602-5c10-9320-298d95e354e5	chr5	163636202	163767877	4	2	2
ceba6667-9602-5c10-9320-298d95e354e5	chr5	163768015	163783882	3	2	1
ceba6667-9602-5c10-9320-298d95e354e5	chr5	163783999	165922106	2	2	0
ceba6667-9602-5c10-9320-298d95e354e5	chr5	165926420	165997762	1	1	0
ceba6667-9602-5c10-9320-298d95e354e5	chr5	165997790	167750798	2	2	0
ceba6667-9602-5c10-9320-298d95e354e5	chr5	167751920	167777170	4	2	2
ceba6667-9602-5c10-9320-298d95e354e5	chr5	167777464	176144148	2	2	0
ceba6667-9602-5c10-9320-298d95e354e5	chr5	176144576	176165890	6	3	3
ceba6667-9602-5c10-9320-298d95e354e5	chr5	176172339	181363319	2	2	0
ceba6667-9602-5c10-9320-298d95e354e5	chr6	149661	7712396	2	2	0
ceba6667-9602-5c10-9320-298d95e354e5	chr6	7712469	7849189	1	1	0
ceba6667-9602-5c10-9320-298d95e354e5	chr6	7853015	30216437	2	2	0
ceba6667-9602-5c10-9320-298d95e354e5	chr6	30216927	31810537	4	2	2
ceba6667-9602-5c10-9320-298d95e354e5	chr6	31826815	32463328	2	2	0
ceba6667-9602-5c10-9320-298d95e354e5	chr6	32463370	32751604	3	3	0
ceba6667-9602-5c10-9320-298d95e354e5	chr6	32754977	37890347	4	2	2
ceba6667-9602-5c10-9320-298d95e354e5	chr6	37891346	38373401	2	2	0
ceba6667-9602-5c10-9320-298d95e354e5	chr6	38375565	38655769	3	2	1
ceba6667-9602-5c10-9320-298d95e354e5	chr6	38660080	43766101	5	3	2
ceba6667-9602-5c10-9320-298d95e354e5	chr6	43768249	44218481	7	4	3
ceba6667-9602-5c10-9320-298d95e354e5	chr6	44225969	44961091	5	3	2
ceba6667-9602-5c10-9320-298d95e354e5	chr6	44961216	45203846	9	6	3
ceba6667-9602-5c10-9320-298d95e354e5	chr6	45206643	47017272	5	3	2
ceba6667-9602-5c10-9320-298d95e354e5	chr6	47019852	49320675	6	3	3
ceba6667-9602-5c10-9320-298d95e354e5	chr6	49320715	56017591	5	3	2
ceba6667-9602-5c10-9320-298d95e354e5	chr6	56018312	56780103	3	2	1
ceba6667-9602-5c10-9320-298d95e354e5	chr6	56786459	56868449	1	1	0
ceba6667-9602-5c10-9320-298d95e354e5	chr6	56871567	62730627	3	2	1
ceba6667-9602-5c10-9320-298d95e354e5	chr6	62740144	63155077	2	2	0
ceba6667-9602-5c10-9320-298d95e354e5	chr6	63155719	67795229	3	2	1
ceba6667-9602-5c10-9320-298d95e354e5	chr6	67795267	68042988	1	1	0
ceba6667-9602-5c10-9320-298d95e354e5	chr6	68043466	69556306	2	1	1
ceba6667-9602-5c10-9320-298d95e354e5	chr6	69556930	69679918	3	2	1
ceba6667-9602-5c10-9320-298d95e354e5	chr6	69680240	78259348	2	1	1
ceba6667-9602-5c10-9320-298d95e354e5	chr6	78259388	78325468	0	0	0
ceba6667-9602-5c10-9320-298d95e354e5	chr6	78329517	101266739	2	1	1
ceba6667-9602-5c10-9320-298d95e354e5	chr6	101269037	101442492	0	0	0
ceba6667-9602-5c10-9320-298d95e354e5	chr6	101444424	116498896	2	1	1
ceba6667-9602-5c10-9320-298d95e354e5	chr6	116498974	116550288	1	1	0
ceba6667-9602-5c10-9320-298d95e354e5	chr6	116550333	119104738	2	1	1
ceba6667-9602-5c10-9320-298d95e354e5	chr6	119105873	119263330	0	0	0
ceba6667-9602-5c10-9320-298d95e354e5	chr6	119263591	122206501	2	1	1
ceba6667-9602-5c10-9320-298d95e354e5	chr6	122206671	127588832	1	1	0
ceba6667-9602-5c10-9320-298d95e354e5	chr6	127589405	145029243	2	1	1
ceba6667-9602-5c10-9320-298d95e354e5	chr6	145029664	145197571	3	2	1
ceba6667-9602-5c10-9320-298d95e354e5	chr6	145197652	163534812	2	1	1
ceba6667-9602-5c10-9320-298d95e354e5	chr6	163537273	170133982	3	2	1
ceba6667-9602-5c10-9320-298d95e354e5	chr6	170135379	170741917	2	2	0
ceba6667-9602-5c10-9320-298d95e354e5	chr7	43259	782886	2	2	0
ceba6667-9602-5c10-9320-298d95e354e5	chr7	785766	25474069	3	2	1
ceba6667-9602-5c10-9320-298d95e354e5	chr7	25474114	25629509	6	5	1
ceba6667-9602-5c10-9320-298d95e354e5	chr7	25629587	25661511	6	3	3
ceba6667-9602-5c10-9320-298d95e354e5	chr7	25664139	62992776	3	2	1
ceba6667-9602-5c10-9320-298d95e354e5	chr7	62992968	70396968	2	2	0
ceba6667-9602-5c10-9320-298d95e354e5	chr7	70398044	70715399	1	1	0
ceba6667-9602-5c10-9320-298d95e354e5	chr7	70716777	78673099	2	2	0
ceba6667-9602-5c10-9320-298d95e354e5	chr7	78674570	78697210	1	1	0
ceba6667-9602-5c10-9320-298d95e354e5	chr7	78697983	78824918	0	0	0
ceba6667-9602-5c10-9320-298d95e354e5	chr7	78825716	79075185	2	2	0
ceba6667-9602-5c10-9320-298d95e354e5	chr7	79076205	121505896	3	2	1
ceba6667-9602-5c10-9320-298d95e354e5	chr7	121506611	121820570	4	3	1
ceba6667-9602-5c10-9320-298d95e354e5	chr7	121820660	137205500	3	2	1
ceba6667-9602-5c10-9320-298d95e354e5	chr7	137208573	137244355	1	1	0
ceba6667-9602-5c10-9320-298d95e354e5	chr7	137245271	146677928	3	2	1
ceba6667-9602-5c10-9320-298d95e354e5	chr7	146685681	147101541	0	0	0
ceba6667-9602-5c10-9320-298d95e354e5	chr7	147110695	147266006	2	2	0
ceba6667-9602-5c10-9320-298d95e354e5	chr7	147266562	147304883	0	0	0
ceba6667-9602-5c10-9320-298d95e354e5	chr7	147305440	147463866	1	1	0
ceba6667-9602-5c10-9320-298d95e354e5	chr7	147464030	159334314	3	2	1
ceba6667-9602-5c10-9320-298d95e354e5	chr8	81254	13613902	1	1	0
ceba6667-9602-5c10-9320-298d95e354e5	chr8	13616904	13679859	2	2	0
ceba6667-9602-5c10-9320-298d95e354e5	chr8	13682337	36284306	1	1	0
ceba6667-9602-5c10-9320-298d95e354e5	chr8	36284772	38611163	2	2	0
ceba6667-9602-5c10-9320-298d95e354e5	chr8	38611785	38861208	5	4	1
ceba6667-9602-5c10-9320-298d95e354e5	chr8	38861532	43931659	2	2	0
ceba6667-9602-5c10-9320-298d95e354e5	chr8	45951913	68966750	3	2	1
ceba6667-9602-5c10-9320-298d95e354e5	chr8	68966938	69314040	4	2	2
ceba6667-9602-5c10-9320-298d95e354e5	chr8	69317426	88118711	3	2	1
ceba6667-9602-5c10-9320-298d95e354e5	chr8	88118728	88274371	1	1	0
ceba6667-9602-5c10-9320-298d95e354e5	chr8	88276291	96518808	3	2	1
ceba6667-9602-5c10-9320-298d95e354e5	chr8	96522108	96853852	5	3	2
ceba6667-9602-5c10-9320-298d95e354e5	chr8	96856545	101321247	3	2	1
ceba6667-9602-5c10-9320-298d95e354e5	chr8	101321479	101462886	4	2	2
ceba6667-9602-5c10-9320-298d95e354e5	chr8	101463081	112184838	3	2	1
ceba6667-9602-5c10-9320-298d95e354e5	chr8	112188304	112249950	2	2	0
ceba6667-9602-5c10-9320-298d95e354e5	chr8	112250504	133714521	4	2	2
ceba6667-9602-5c10-9320-298d95e354e5	chr8	133718622	145072769	3	2	1
ceba6667-9602-5c10-9320-298d95e354e5	chr9	46587	6034076	1	1	0
ceba6667-9602-5c10-9320-298d95e354e5	chr9	6036316	12586414	3	2	1
ceba6667-9602-5c10-9320-298d95e354e5	chr9	12588950	14244676	6	4	2
ceba6667-9602-5c10-9320-298d95e354e5	chr9	14244754	19994662	7	5	2
ceba6667-9602-5c10-9320-298d95e354e5	chr9	19994738	20005759	4	3	1
ceba6667-9602-5c10-9320-298d95e354e5	chr9	20006311	21061292	7	5	2
ceba6667-9602-5c10-9320-298d95e354e5	chr9	21064766	23777524	4	2	2
ceba6667-9602-5c10-9320-298d95e354e5	chr9	23777559	26825740	6	4	2
ceba6667-9602-5c10-9320-298d95e354e5	chr9	26826019	27542411	7	5	2
ceba6667-9602-5c10-9320-298d95e354e5	chr9	27543384	28875523	3	2	1
ceba6667-9602-5c10-9320-298d95e354e5	chr9	28875819	36025455	6	3	3
ceba6667-9602-5c10-9320-298d95e354e5	chr9	36029949	38253402	4	2	2
ceba6667-9602-5c10-9320-298d95e354e5	chr9	38253996	38385435	4	3	1
ceba6667-9602-5c10-9320-298d95e354e5	chr9	38385854	41741113	5	3	2
ceba6667-9602-5c10-9320-298d95e354e5	chr9	60863881	69947863	3	2	1
ceba6667-9602-5c10-9320-298d95e354e5	chr9	69951695	70117832	6	5	1
ceba6667-9602-5c10-9320-298d95e354e5	chr9	70124533	71087059	3	2	1
ceba6667-9602-5c10-9320-298d95e354e5	chr9	71087684	71165775	6	3	3
ceba6667-9602-5c10-9320-298d95e354e5	chr9	71165996	71325274	6	5	1
ceba6667-9602-5c10-9320-298d95e354e5	chr9	71325719	71486087	3	2	1
ceba6667-9602-5c10-9320-298d95e354e5	chr9	71486550	71740362	7	4	3
ceba6667-9602-5c10-9320-298d95e354e5	chr9	71741069	105048619	3	2	1
ceba6667-9602-5c10-9320-298d95e354e5	chr9	105049259	105054217	7	5	2
ceba6667-9602-5c10-9320-298d95e354e5	chr9	105054487	119203108	3	2	1
ceba6667-9602-5c10-9320-298d95e354e5	chr9	119203437	119212592	7	4	3
ceba6667-9602-5c10-9320-298d95e354e5	chr9	119212929	133721819	3	2	1
ceba6667-9602-5c10-9320-298d95e354e5	chr9	133721832	133753192	6	4	2
ceba6667-9602-5c10-9320-298d95e354e5	chr9	133753594	134527972	3	2	1
ceba6667-9602-5c10-9320-298d95e354e5	chr9	134528675	134628443	4	3	1
ceba6667-9602-5c10-9320-298d95e354e5	chr9	134628667	138200944	3	2	1
ceba6667-9602-5c10-9320-298d95e354e5	chr10	45792	29977992	2	2	0
ceba6667-9602-5c10-9320-298d95e354e5	chr10	29978040	29990206	0	0	0
ceba6667-9602-5c10-9320-298d95e354e5	chr10	29993786	35895947	2	2	0
ceba6667-9602-5c10-9320-298d95e354e5	chr10	35896495	36005224	3	2	1
ceba6667-9602-5c10-9320-298d95e354e5	chr10	36013844	37268459	2	2	0
ceba6667-9602-5c10-9320-298d95e354e5	chr10	37270422	63472703	3	2	1
ceba6667-9602-5c10-9320-298d95e354e5	chr10	63474793	72965789	2	1	1
ceba6667-9602-5c10-9320-298d95e354e5	chr10	72968213	79256963	3	2	1
ceba6667-9602-5c10-9320-298d95e354e5	chr10	79257710	79454422	4	2	2
ceba6667-9602-5c10-9320-298d95e354e5	chr10	79455601	93834258	3	2	1
ceba6667-9602-5c10-9320-298d95e354e5	chr10	93835407	94012410	4	2	2
ceba6667-9602-5c10-9320-298d95e354e5	chr10	94014047	133416364	3	2	1
ceba6667-9602-5c10-9320-298d95e354e5	chr10	133418490	133654968	5	3	2
ceba6667-9602-5c10-9320-298d95e354e5	chr11	198510	7328252	2	2	0
ceba6667-9602-5c10-9320-298d95e354e5	chr11	7335626	7639690	3	3	0
ceba6667-9602-5c10-9320-298d95e354e5	chr11	7648668	44952085	2	2	0
ceba6667-9602-5c10-9320-298d95e354e5	chr11	44952779	46294031	3	2	1
ceba6667-9602-5c10-9320-298d95e354e5	chr11	46294392	47157336	2	2	0
ceba6667-9602-5c10-9320-298d95e354e5	chr11	47159194	76590272	3	2	1
ceba6667-9602-5c10-9320-298d95e354e5	chr11	76590331	80543736	5	4	1
ceba6667-9602-5c10-9320-298d95e354e5	chr11	80543938	81574524	3	2	1
ceba6667-9602-5c10-9320-298d95e354e5	chr11	81577898	83968921	4	3	1
ceba6667-9602-5c10-9320-298d95e354e5	chr11	83969158	83972747	6	5	1
ceba6667-9602-5c10-9320-298d95e354e5	chr11	83979356	84038954	1	1	0
ceba6667-9602-5c10-9320-298d95e354e5	chr11	84048201	84657071	0	0	0
ceba6667-9602-5c10-9320-298d95e354e5	chr11	84657980	84890821	1	1	0
ceba6667-9602-5c10-9320-298d95e354e5	chr11	84892739	90485974	5	4	1
ceba6667-9602-5c10-9320-298d95e354e5	chr11	90493995	93164725	4	2	2
ceba6667-9602-5c10-9320-298d95e354e5	chr11	93165176	93380287	5	4	1
ceba6667-9602-5c10-9320-298d95e354e5	chr11	93380945	117036373	3	2	1
ceba6667-9602-5c10-9320-298d95e354e5	chr11	117036397	124113925	4	3	1
ceba6667-9602-5c10-9320-298d95e354e5	chr11	124114041	129894699	6	5	1
ceba6667-9602-5c10-9320-298d95e354e5	chr11	129900031	130558398	4	3	1
ceba6667-9602-5c10-9320-298d95e354e5	chr11	130558581	134499734	6	5	1
ceba6667-9602-5c10-9320-298d95e354e5	chr11	134499861	135074876	4	3	1
ceba6667-9602-5c10-9320-298d95e354e5	chr12	51460	799344	1	1	0
ceba6667-9602-5c10-9320-298d95e354e5	chr12	806156	1132744	4	4	0
ceba6667-9602-5c10-9320-298d95e354e5	chr12	1135059	18498139	2	2	0
ceba6667-9602-5c10-9320-298d95e354e5	chr12	18498603	26190055	3	2	1
ceba6667-9602-5c10-9320-298d95e354e5	chr12	26190368	26573741	1	1	0
ceba6667-9602-5c10-9320-298d95e354e5	chr12	26575582	39781286	3	2	1
ceba6667-9602-5c10-9320-298d95e354e5	chr12	39783267	40320683	4	2	2
ceba6667-9602-5c10-9320-298d95e354e5	chr12	40320983	52526608	3	2	1
ceba6667-9602-5c10-9320-298d95e354e5	chr12	52526630	52531875	7	5	2
ceba6667-9602-5c10-9320-298d95e354e5	chr12	52532185	72057722	3	2	1
ceba6667-9602-5c10-9320-298d95e354e5	chr12	72060673	107610601	2	2	0
ceba6667-9602-5c10-9320-298d95e354e5	chr12	107610920	133201603	3	2	1
ceba6667-9602-5c10-9320-298d95e354e5	chr13	18452809	21082279	2	2	0
ceba6667-9602-5c10-9320-298d95e354e5	chr13	21084727	21341731	2	1	1
ceba6667-9602-5c10-9320-298d95e354e5	chr13	21342441	28021472	2	2	0
ceba6667-9602-5c10-9320-298d95e354e5	chr13	28022391	28079105	4	4	0
ceba6667-9602-5c10-9320-298d95e354e5	chr13	28087476	33339269	2	2	0
ceba6667-9602-5c10-9320-298d95e354e5	chr13	33339365	47235832	3	3	0
ceba6667-9602-5c10-9320-298d95e354e5	chr13	47235860	48054493	3	2	1
ceba6667-9602-5c10-9320-298d95e354e5	chr13	48059761	59876221	3	3	0
ceba6667-9602-5c10-9320-298d95e354e5	chr13	59876509	60031111	1	1	0
ceba6667-9602-5c10-9320-298d95e354e5	chr13	60034768	61244469	3	3	0
ceba6667-9602-5c10-9320-298d95e354e5	chr13	61244968	61263506	6	6	0
ceba6667-9602-5c10-9320-298d95e354e5	chr13	61265520	110485908	3	3	0
ceba6667-9602-5c10-9320-298d95e354e5	chr13	110486191	110558173	3	2	1
ceba6667-9602-5c10-9320-298d95e354e5	chr13	110563447	114057078	3	3	0
ceba6667-9602-5c10-9320-298d95e354e5	chr13	114059410	114342922	2	2	0
ceba6667-9602-5c10-9320-298d95e354e5	chr14	18239283	22632004	3	2	1
ceba6667-9602-5c10-9320-298d95e354e5	chr14	22633534	22645702	7	4	3
ceba6667-9602-5c10-9320-298d95e354e5	chr14	22646052	28349851	3	2	1
ceba6667-9602-5c10-9320-298d95e354e5	chr14	28356451	41812920	2	2	0
ceba6667-9602-5c10-9320-298d95e354e5	chr14	41815223	42462619	3	2	1
ceba6667-9602-5c10-9320-298d95e354e5	chr14	42462654	44751842	2	2	0
ceba6667-9602-5c10-9320-298d95e354e5	chr14	44754387	46336807	2	1	1
ceba6667-9602-5c10-9320-298d95e354e5	chr14	46337059	58984768	2	2	0
ceba6667-9602-5c10-9320-298d95e354e5	chr14	58985854	59763157	2	1	1
ceba6667-9602-5c10-9320-298d95e354e5	chr14	59764964	64069638	2	2	0
ceba6667-9602-5c10-9320-298d95e354e5	chr14	64080039	64735021	3	2	1
ceba6667-9602-5c10-9320-298d95e354e5	chr14	64735268	67015846	2	2	0
ceba6667-9602-5c10-9320-298d95e354e5	chr14	67015912	67068715	3	3	0
ceba6667-9602-5c10-9320-298d95e354e5	chr14	67069138	68100851	3	2	1
ceba6667-9602-5c10-9320-298d95e354e5	chr14	68102472	78916817	2	2	0
ceba6667-9602-5c10-9320-298d95e354e5	chr14	78917423	79139354	0	0	0
ceba6667-9602-5c10-9320-298d95e354e5	chr14	79145374	79216464	2	2	0
ceba6667-9602-5c10-9320-298d95e354e5	chr14	79216666	84145188	1	1	0
ceba6667-9602-5c10-9320-298d95e354e5	chr14	84145268	87328121	2	2	0
ceba6667-9602-5c10-9320-298d95e354e5	chr14	87329548	87346663	1	1	0
ceba6667-9602-5c10-9320-298d95e354e5	chr14	87346968	89123574	2	2	0
ceba6667-9602-5c10-9320-298d95e354e5	chr14	89125050	93626166	3	3	0
ceba6667-9602-5c10-9320-298d95e354e5	chr14	93629435	97077313	4	4	0
ceba6667-9602-5c10-9320-298d95e354e5	chr14	97079348	98136976	6	6	0
ceba6667-9602-5c10-9320-298d95e354e5	chr14	98140587	98365077	7	5	2
ceba6667-9602-5c10-9320-298d95e354e5	chr14	98365980	100649007	6	6	0
ceba6667-9602-5c10-9320-298d95e354e5	chr14	100650667	103672204	8	8	0
ceba6667-9602-5c10-9320-298d95e354e5	chr14	103672302	106236187	6	6	0
ceba6667-9602-5c10-9320-298d95e354e5	chr14	106236294	106462724	4	4	0
ceba6667-9602-5c10-9320-298d95e354e5	chr14	106475361	106877229	2	2	0
ceba6667-9602-5c10-9320-298d95e354e5	chr15	19811075	23448370	3	3	0
ceba6667-9602-5c10-9320-298d95e354e5	chr15	23448798	23712756	1	1	0
ceba6667-9602-5c10-9320-298d95e354e5	chr15	23713212	25677338	2	2	0
ceba6667-9602-5c10-9320-298d95e354e5	chr15	25677506	25790664	1	1	0
ceba6667-9602-5c10-9320-298d95e354e5	chr15	25791058	25824034	0	0	0
ceba6667-9602-5c10-9320-298d95e354e5	chr15	25824817	77036413	2	2	0
ceba6667-9602-5c10-9320-298d95e354e5	chr15	77041739	96828198	6	6	0
ceba6667-9602-5c10-9320-298d95e354e5	chr15	96828834	100914981	7	7	0
ceba6667-9602-5c10-9320-298d95e354e5	chr15	100917692	101928837	5	5	0
ceba6667-9602-5c10-9320-298d95e354e5	chr16	10777	10203951	1	1	0
ceba6667-9602-5c10-9320-298d95e354e5	chr16	10204675	10248627	0	0	0
ceba6667-9602-5c10-9320-298d95e354e5	chr16	10248661	14671357	1	1	0
ceba6667-9602-5c10-9320-298d95e354e5	chr16	14676775	26975406	2	2	0
ceba6667-9602-5c10-9320-298d95e354e5	chr16	26976678	27192688	2	1	1
ceba6667-9602-5c10-9320-298d95e354e5	chr16	27195294	31660587	2	2	0
ceba6667-9602-5c10-9320-298d95e354e5	chr16	31666824	31849091	5	4	1
ceba6667-9602-5c10-9320-298d95e354e5	chr16	31849183	36048855	3	3	0
ceba6667-9602-5c10-9320-298d95e354e5	chr16	46441986	50330019	4	3	1
ceba6667-9602-5c10-9320-298d95e354e5	chr16	50337007	60835787	3	3	0
ceba6667-9602-5c10-9320-298d95e354e5	chr16	60836014	65054901	4	4	0
ceba6667-9602-5c10-9320-298d95e354e5	chr16	65055048	88731220	3	3	0
ceba6667-9602-5c10-9320-298d95e354e5	chr16	88736086	90096867	2	2	0
ceba6667-9602-5c10-9320-298d95e354e5	chr17	150733	9813594	2	2	0
ceba6667-9602-5c10-9320-298d95e354e5	chr17	9814763	18414080	5	3	2
ceba6667-9602-5c10-9320-298d95e354e5	chr17	18452078	18561907	1	1	0
ceba6667-9602-5c10-9320-298d95e354e5	chr17	18565883	19714672	5	3	2
ceba6667-9602-5c10-9320-298d95e354e5	chr17	19719330	19728602	8	4	4
ceba6667-9602-5c10-9320-298d95e354e5	chr17	19734227	20976936	5	3	2
ceba6667-9602-5c10-9320-298d95e354e5	chr17	20977170	26984218	3	2	1
ceba6667-9602-5c10-9320-298d95e354e5	chr17	26986664	32567706	2	2	0
ceba6667-9602-5c10-9320-298d95e354e5	chr17	32567868	32569892	5	5	0
ceba6667-9602-5c10-9320-298d95e354e5	chr17	32572316	64802530	2	2	0
ceba6667-9602-5c10-9320-298d95e354e5	chr17	64806469	66834611	3	2	1
ceba6667-9602-5c10-9320-298d95e354e5	chr17	66835539	83091923	2	2	0
ceba6667-9602-5c10-9320-298d95e354e5	chr18	48133	3623460	3	2	1
ceba6667-9602-5c10-9320-298d95e354e5	chr18	3625778	4975986	2	2	0
ceba6667-9602-5c10-9320-298d95e354e5	chr18	4976161	4980178	0	0	0
ceba6667-9602-5c10-9320-298d95e354e5	chr18	4985483	12399545	2	2	0
ceba6667-9602-5c10-9320-298d95e354e5	chr18	12400285	14922882	1	1	0
ceba6667-9602-5c10-9320-298d95e354e5	chr18	14923728	15402409	2	1	1
ceba6667-9602-5c10-9320-298d95e354e5	chr18	20949392	27374681	3	2	1
ceba6667-9602-5c10-9320-298d95e354e5	chr18	27376309	32713477	4	3	1
ceba6667-9602-5c10-9320-298d95e354e5	chr18	32719287	32721153	1	1	0
ceba6667-9602-5c10-9320-298d95e354e5	chr18	32721182	48351777	4	3	1
ceba6667-9602-5c10-9320-298d95e354e5	chr18	48359963	56795357	2	1	1
ceba6667-9602-5c10-9320-298d95e354e5	chr18	56797229	80094001	3	2	1
ceba6667-9602-5c10-9320-298d95e354e5	chr18	80097877	80257174	2	2	0
ceba6667-9602-5c10-9320-298d95e354e5	chr19	90910	328855	0	0	0
ceba6667-9602-5c10-9320-298d95e354e5	chr19	332006	24031527	2	1	1
ceba6667-9602-5c10-9320-298d95e354e5	chr19	24031649	24400510	3	2	1
ceba6667-9602-5c10-9320-298d95e354e5	chr19	24413948	27690019	6	5	1
ceba6667-9602-5c10-9320-298d95e354e5	chr19	27703853	28361911	19	15	4
ceba6667-9602-5c10-9320-298d95e354e5	chr19	28362360	28723554	10	5	5
ceba6667-9602-5c10-9320-298d95e354e5	chr19	28724241	29080463	6	3	3
ceba6667-9602-5c10-9320-298d95e354e5	chr19	29081132	29757457	6	4	2
ceba6667-9602-5c10-9320-298d95e354e5	chr19	29757522	29808602	3	2	1
ceba6667-9602-5c10-9320-298d95e354e5	chr19	29809086	29851772	20	14	6
ceba6667-9602-5c10-9320-298d95e354e5	chr19	29852257	29953024	7	5	2
ceba6667-9602-5c10-9320-298d95e354e5	chr19	29954152	30097384	3	2	1
ceba6667-9602-5c10-9320-298d95e354e5	chr19	30097459	30133631	4	3	1
ceba6667-9602-5c10-9320-298d95e354e5	chr19	30133893	30167702	3	3	0
ceba6667-9602-5c10-9320-298d95e354e5	chr19	30168010	31379058	4	4	0
ceba6667-9602-5c10-9320-298d95e354e5	chr19	31381157	31442638	7	7	0
ceba6667-9602-5c10-9320-298d95e354e5	chr19	31445505	34163064	4	4	0
ceba6667-9602-5c10-9320-298d95e354e5	chr19	34164154	36424155	3	3	0
ceba6667-9602-5c10-9320-298d95e354e5	chr19	36430314	50849771	2	2	0
ceba6667-9602-5c10-9320-298d95e354e5	chr19	50849923	51898515	3	2	1
ceba6667-9602-5c10-9320-298d95e354e5	chr19	51900263	52257991	13	10	3
ceba6667-9602-5c10-9320-298d95e354e5	chr19	52258401	53082850	4	2	2
ceba6667-9602-5c10-9320-298d95e354e5	chr19	53084092	57033133	3	2	1
ceba6667-9602-5c10-9320-298d95e354e5	chr19	57033234	57618276	2	1	1
ceba6667-9602-5c10-9320-298d95e354e5	chr19	57618858	58162167	3	2	1
ceba6667-9602-5c10-9320-298d95e354e5	chr19	58162242	58586487	2	1	1
ceba6667-9602-5c10-9320-298d95e354e5	chr20	80664	1456503	5	4	1
ceba6667-9602-5c10-9320-298d95e354e5	chr20	1457869	2487650	4	3	1
ceba6667-9602-5c10-9320-298d95e354e5	chr20	2488398	23925423	3	2	1
ceba6667-9602-5c10-9320-298d95e354e5	chr20	23925469	23938478	6	4	2
ceba6667-9602-5c10-9320-298d95e354e5	chr20	23942353	26178238	3	2	1
ceba6667-9602-5c10-9320-298d95e354e5	chr20	26178423	33154385	5	3	2
ceba6667-9602-5c10-9320-298d95e354e5	chr20	33154711	53903292	3	2	1
ceba6667-9602-5c10-9320-298d95e354e5	chr20	53906413	56944289	2	1	1
ceba6667-9602-5c10-9320-298d95e354e5	chr20	56944591	58495443	3	2	1
ceba6667-9602-5c10-9320-298d95e354e5	chr20	58496992	64324800	2	1	1
ceba6667-9602-5c10-9320-298d95e354e5	chr21	12973348	14750602	2	1	1
ceba6667-9602-5c10-9320-298d95e354e5	chr21	14750821	16392979	1	1	0
ceba6667-9602-5c10-9320-298d95e354e5	chr21	16393106	28436176	2	2	0
ceba6667-9602-5c10-9320-298d95e354e5	chr21	28437195	29126209	2	1	1
ceba6667-9602-5c10-9320-298d95e354e5	chr21	29132277	40648833	2	2	0
ceba6667-9602-5c10-9320-298d95e354e5	chr21	40649443	40655015	4	4	0
ceba6667-9602-5c10-9320-298d95e354e5	chr21	40656356	46677045	2	2	0
ceba6667-9602-5c10-9320-298d95e354e5	chr22	16392123	18974174	4	2	2
ceba6667-9602-5c10-9320-298d95e354e5	chr22	18974269	19269448	4	3	1
ceba6667-9602-5c10-9320-298d95e354e5	chr22	19269562	23558260	5	3	2
ceba6667-9602-5c10-9320-298d95e354e5	chr22	23559518	26734342	4	2	2
ceba6667-9602-5c10-9320-298d95e354e5	chr22	26743340	26776863	6	3	3
ceba6667-9602-5c10-9320-298d95e354e5	chr22	26778700	30208961	4	2	2
ceba6667-9602-5c10-9320-298d95e354e5	chr22	30210255	45817961	3	2	1
ceba6667-9602-5c10-9320-298d95e354e5	chr22	45818471	48792098	2	1	1
ceba6667-9602-5c10-9320-298d95e354e5	chr22	48794673	50796027	1	1	0
ceba6667-9602-5c10-9320-298d95e354e5	chrX	251810	3048441	1	1	0
ceba6667-9602-5c10-9320-298d95e354e5	chrX	3049096	84661182	0	0	0
ceba6667-9602-5c10-9320-298d95e354e5	chrX	84665871	84687656	1	1	0
ceba6667-9602-5c10-9320-298d95e354e5	chrX	84690620	102019039	0	0	0
ceba6667-9602-5c10-9320-298d95e354e5	chrX	102019908	102032081	2	1	1
ceba6667-9602-5c10-9320-298d95e354e5	chrX	102038109	118292923	0	0	0
ceba6667-9602-5c10-9320-298d95e354e5	chrX	118296280	118314120	1	1	0
ceba6667-9602-5c10-9320-298d95e354e5	chrX	118318097	151024986	0	0	0
ceba6667-9602-5c10-9320-298d95e354e5	chrX	151025005	151039765	2	1	1
ceba6667-9602-5c10-9320-298d95e354e5	chrX	151042941	156004181	0	0	0
ceba6667-9602-5c10-9320-298d95e354e5	chrY	2782397	16671271	0	0	0
ceba6667-9602-5c10-9320-298d95e354e5	chrY	16671640	26653788	2	1	1
ceba6667-9602-5c10-9320-298d95e354e5	chrY	56872112	56872112	0	0	0
