GDC_Aliquot	Chromosome	Start	End	Copy_Number	Major_Copy_Number	Minor_Copy_Number
50f72a8f-7ccc-51db-b8a6-a5dacc064228	chr1	62920	2788071	3	2	1
50f72a8f-7ccc-51db-b8a6-a5dacc064228	chr1	2788511	3302046	5	3	2
50f72a8f-7ccc-51db-b8a6-a5dacc064228	chr1	3302359	3876155	3	2	1
50f72a8f-7ccc-51db-b8a6-a5dacc064228	chr1	3876237	11746794	4	2	2
50f72a8f-7ccc-51db-b8a6-a5dacc064228	chr1	11747152	12163394	3	2	1
50f72a8f-7ccc-51db-b8a6-a5dacc064228	chr1	12163425	63488902	4	2	2
50f72a8f-7ccc-51db-b8a6-a5dacc064228	chr1	63491996	63860017	3	2	1
50f72a8f-7ccc-51db-b8a6-a5dacc064228	chr1	63865506	72226931	4	2	2
50f72a8f-7ccc-51db-b8a6-a5dacc064228	chr1	72226947	72374993	10	6	4
50f72a8f-7ccc-51db-b8a6-a5dacc064228	chr1	72374994	97262780	4	2	2
50f72a8f-7ccc-51db-b8a6-a5dacc064228	chr1	97262941	97698774	2	2	0
50f72a8f-7ccc-51db-b8a6-a5dacc064228	chr1	97699535	105470754	4	2	2
50f72a8f-7ccc-51db-b8a6-a5dacc064228	chr1	105476583	105479753	0	0	0
50f72a8f-7ccc-51db-b8a6-a5dacc064228	chr1	105481433	121705338	4	2	2
50f72a8f-7ccc-51db-b8a6-a5dacc064228	chr1	143541857	155767594	6	5	1
50f72a8f-7ccc-51db-b8a6-a5dacc064228	chr1	155769887	164512763	5	4	1
50f72a8f-7ccc-51db-b8a6-a5dacc064228	chr1	164518236	165077822	8	7	1
50f72a8f-7ccc-51db-b8a6-a5dacc064228	chr1	165077950	165562430	5	4	1
50f72a8f-7ccc-51db-b8a6-a5dacc064228	chr1	165562490	174624074	8	7	1
50f72a8f-7ccc-51db-b8a6-a5dacc064228	chr1	174625846	176538051	7	6	1
50f72a8f-7ccc-51db-b8a6-a5dacc064228	chr1	176538154	178998122	8	7	1
50f72a8f-7ccc-51db-b8a6-a5dacc064228	chr1	179001584	179562749	1	1	0
50f72a8f-7ccc-51db-b8a6-a5dacc064228	chr1	179562960	179817250	3	2	1
50f72a8f-7ccc-51db-b8a6-a5dacc064228	chr1	179820975	180690499	1	1	0
50f72a8f-7ccc-51db-b8a6-a5dacc064228	chr1	180694492	184685495	7	6	1
50f72a8f-7ccc-51db-b8a6-a5dacc064228	chr1	184694764	187437747	8	7	1
50f72a8f-7ccc-51db-b8a6-a5dacc064228	chr1	187442910	187916261	1	1	0
50f72a8f-7ccc-51db-b8a6-a5dacc064228	chr1	187919745	189738542	8	7	1
50f72a8f-7ccc-51db-b8a6-a5dacc064228	chr1	189740290	196105695	1	1	0
50f72a8f-7ccc-51db-b8a6-a5dacc064228	chr1	196105818	198381430	3	2	1
50f72a8f-7ccc-51db-b8a6-a5dacc064228	chr1	198381644	198409088	1	1	0
50f72a8f-7ccc-51db-b8a6-a5dacc064228	chr1	198409678	200293995	8	7	1
50f72a8f-7ccc-51db-b8a6-a5dacc064228	chr1	200294067	205466418	7	6	1
50f72a8f-7ccc-51db-b8a6-a5dacc064228	chr1	205468409	205817807	1	1	0
50f72a8f-7ccc-51db-b8a6-a5dacc064228	chr1	205818766	209373156	3	2	1
50f72a8f-7ccc-51db-b8a6-a5dacc064228	chr1	209379245	209570378	5	4	1
50f72a8f-7ccc-51db-b8a6-a5dacc064228	chr1	209570444	227284665	3	2	1
50f72a8f-7ccc-51db-b8a6-a5dacc064228	chr1	227285036	227489805	4	3	1
50f72a8f-7ccc-51db-b8a6-a5dacc064228	chr1	227490090	248930189	3	2	1
50f72a8f-7ccc-51db-b8a6-a5dacc064228	chr2	12784	26653561	3	2	1
50f72a8f-7ccc-51db-b8a6-a5dacc064228	chr2	26657534	26963314	5	4	1
50f72a8f-7ccc-51db-b8a6-a5dacc064228	chr2	26964386	88831554	3	2	1
50f72a8f-7ccc-51db-b8a6-a5dacc064228	chr2	88833611	96527147	5	3	2
50f72a8f-7ccc-51db-b8a6-a5dacc064228	chr2	96529445	104574201	4	2	2
50f72a8f-7ccc-51db-b8a6-a5dacc064228	chr2	104576842	107808827	5	3	2
50f72a8f-7ccc-51db-b8a6-a5dacc064228	chr2	107809353	109120850	4	3	1
50f72a8f-7ccc-51db-b8a6-a5dacc064228	chr2	109123942	111886554	3	2	1
50f72a8f-7ccc-51db-b8a6-a5dacc064228	chr2	111891895	114785119	5	3	2
50f72a8f-7ccc-51db-b8a6-a5dacc064228	chr2	114785213	116941139	6	3	3
50f72a8f-7ccc-51db-b8a6-a5dacc064228	chr2	116941325	118250351	5	3	2
50f72a8f-7ccc-51db-b8a6-a5dacc064228	chr2	118252450	118918011	6	3	3
50f72a8f-7ccc-51db-b8a6-a5dacc064228	chr2	118918453	119406406	5	3	2
50f72a8f-7ccc-51db-b8a6-a5dacc064228	chr2	119407582	121651365	6	3	3
50f72a8f-7ccc-51db-b8a6-a5dacc064228	chr2	121651405	122679725	7	5	2
50f72a8f-7ccc-51db-b8a6-a5dacc064228	chr2	122680551	123298448	9	7	2
50f72a8f-7ccc-51db-b8a6-a5dacc064228	chr2	123302932	124135385	7	5	2
50f72a8f-7ccc-51db-b8a6-a5dacc064228	chr2	124135628	130314024	4	2	2
50f72a8f-7ccc-51db-b8a6-a5dacc064228	chr2	130316039	132016729	4	3	1
50f72a8f-7ccc-51db-b8a6-a5dacc064228	chr2	132016735	133498225	5	3	2
50f72a8f-7ccc-51db-b8a6-a5dacc064228	chr2	133501260	137480954	3	2	1
50f72a8f-7ccc-51db-b8a6-a5dacc064228	chr2	137482476	139479620	2	2	0
50f72a8f-7ccc-51db-b8a6-a5dacc064228	chr2	139479756	140555534	3	2	1
50f72a8f-7ccc-51db-b8a6-a5dacc064228	chr2	140555782	198245650	2	2	0
50f72a8f-7ccc-51db-b8a6-a5dacc064228	chr2	198245670	198273368	3	3	0
50f72a8f-7ccc-51db-b8a6-a5dacc064228	chr2	198277845	240082468	2	2	0
50f72a8f-7ccc-51db-b8a6-a5dacc064228	chr2	240082942	240177451	3	3	0
50f72a8f-7ccc-51db-b8a6-a5dacc064228	chr2	240177512	242147305	2	2	0
50f72a8f-7ccc-51db-b8a6-a5dacc064228	chr3	20930	64549172	3	2	1
50f72a8f-7ccc-51db-b8a6-a5dacc064228	chr3	64550011	64667772	5	4	1
50f72a8f-7ccc-51db-b8a6-a5dacc064228	chr3	64668070	110471912	3	2	1
50f72a8f-7ccc-51db-b8a6-a5dacc064228	chr3	110472401	110637879	1	1	0
50f72a8f-7ccc-51db-b8a6-a5dacc064228	chr3	110639907	110827762	3	2	1
50f72a8f-7ccc-51db-b8a6-a5dacc064228	chr3	110839821	110883879	1	1	0
50f72a8f-7ccc-51db-b8a6-a5dacc064228	chr3	110884004	116692426	3	2	1
50f72a8f-7ccc-51db-b8a6-a5dacc064228	chr3	116693351	117109868	2	2	0
50f72a8f-7ccc-51db-b8a6-a5dacc064228	chr3	117111765	146539606	3	2	1
50f72a8f-7ccc-51db-b8a6-a5dacc064228	chr3	146539815	146586810	2	1	1
50f72a8f-7ccc-51db-b8a6-a5dacc064228	chr3	146587106	174715976	3	2	1
50f72a8f-7ccc-51db-b8a6-a5dacc064228	chr3	174716273	174904428	1	1	0
50f72a8f-7ccc-51db-b8a6-a5dacc064228	chr3	174905791	175425553	3	2	1
50f72a8f-7ccc-51db-b8a6-a5dacc064228	chr3	175428639	175514661	5	4	1
50f72a8f-7ccc-51db-b8a6-a5dacc064228	chr3	175515611	198169247	3	2	1
50f72a8f-7ccc-51db-b8a6-a5dacc064228	chr4	68929	6661533	6	4	2
50f72a8f-7ccc-51db-b8a6-a5dacc064228	chr4	6661592	10153248	5	3	2
50f72a8f-7ccc-51db-b8a6-a5dacc064228	chr4	10153860	10208766	7	5	2
50f72a8f-7ccc-51db-b8a6-a5dacc064228	chr4	10212536	10227178	0	0	0
50f72a8f-7ccc-51db-b8a6-a5dacc064228	chr4	10227193	10629135	6	4	2
50f72a8f-7ccc-51db-b8a6-a5dacc064228	chr4	10632146	29880004	3	2	1
50f72a8f-7ccc-51db-b8a6-a5dacc064228	chr4	29880095	31203082	5	3	2
50f72a8f-7ccc-51db-b8a6-a5dacc064228	chr4	31206989	36284855	3	2	1
50f72a8f-7ccc-51db-b8a6-a5dacc064228	chr4	36290396	36399086	4	3	1
50f72a8f-7ccc-51db-b8a6-a5dacc064228	chr4	36401557	37327398	3	2	1
50f72a8f-7ccc-51db-b8a6-a5dacc064228	chr4	37327890	37339281	1	1	0
50f72a8f-7ccc-51db-b8a6-a5dacc064228	chr4	37340834	53005508	3	2	1
50f72a8f-7ccc-51db-b8a6-a5dacc064228	chr4	53006507	63987809	4	3	1
50f72a8f-7ccc-51db-b8a6-a5dacc064228	chr4	63988307	65518554	3	2	1
50f72a8f-7ccc-51db-b8a6-a5dacc064228	chr4	65518642	65735669	4	3	1
50f72a8f-7ccc-51db-b8a6-a5dacc064228	chr4	65736606	95588869	3	2	1
50f72a8f-7ccc-51db-b8a6-a5dacc064228	chr4	95589132	95630518	1	1	0
50f72a8f-7ccc-51db-b8a6-a5dacc064228	chr4	95632469	104570356	3	2	1
50f72a8f-7ccc-51db-b8a6-a5dacc064228	chr4	104570542	104587258	5	3	2
50f72a8f-7ccc-51db-b8a6-a5dacc064228	chr4	104587519	123469173	3	2	1
50f72a8f-7ccc-51db-b8a6-a5dacc064228	chr4	123470542	125486989	4	3	1
50f72a8f-7ccc-51db-b8a6-a5dacc064228	chr4	125487858	130945166	5	4	1
50f72a8f-7ccc-51db-b8a6-a5dacc064228	chr4	130945329	133560488	3	2	1
50f72a8f-7ccc-51db-b8a6-a5dacc064228	chr4	133560994	135323433	4	3	1
50f72a8f-7ccc-51db-b8a6-a5dacc064228	chr4	135324472	141773549	6	5	1
50f72a8f-7ccc-51db-b8a6-a5dacc064228	chr4	141774532	154496672	4	3	1
50f72a8f-7ccc-51db-b8a6-a5dacc064228	chr4	154499188	157065172	5	4	1
50f72a8f-7ccc-51db-b8a6-a5dacc064228	chr4	157066207	168587277	4	3	1
50f72a8f-7ccc-51db-b8a6-a5dacc064228	chr4	168590354	168646666	3	3	0
50f72a8f-7ccc-51db-b8a6-a5dacc064228	chr4	168646931	170665712	5	4	1
50f72a8f-7ccc-51db-b8a6-a5dacc064228	chr4	170665834	190106768	3	2	1
50f72a8f-7ccc-51db-b8a6-a5dacc064228	chr5	15532	1167861	4	3	1
50f72a8f-7ccc-51db-b8a6-a5dacc064228	chr5	1168230	2690126	4	2	2
50f72a8f-7ccc-51db-b8a6-a5dacc064228	chr5	2690396	9279201	5	3	2
50f72a8f-7ccc-51db-b8a6-a5dacc064228	chr5	9282389	9500076	2	2	0
50f72a8f-7ccc-51db-b8a6-a5dacc064228	chr5	9500636	31993716	5	3	2
50f72a8f-7ccc-51db-b8a6-a5dacc064228	chr5	31998301	33884597	4	2	2
50f72a8f-7ccc-51db-b8a6-a5dacc064228	chr5	33885168	50856633	5	3	2
50f72a8f-7ccc-51db-b8a6-a5dacc064228	chr5	50865690	84729562	2	1	1
50f72a8f-7ccc-51db-b8a6-a5dacc064228	chr5	84730030	84741553	1	1	0
50f72a8f-7ccc-51db-b8a6-a5dacc064228	chr5	84747242	106875489	2	1	1
50f72a8f-7ccc-51db-b8a6-a5dacc064228	chr5	106875664	107924967	3	2	1
50f72a8f-7ccc-51db-b8a6-a5dacc064228	chr5	107925316	144994315	2	1	1
50f72a8f-7ccc-51db-b8a6-a5dacc064228	chr5	144999560	145195221	1	1	0
50f72a8f-7ccc-51db-b8a6-a5dacc064228	chr5	145202650	148574623	3	2	1
50f72a8f-7ccc-51db-b8a6-a5dacc064228	chr5	148574922	165159069	2	1	1
50f72a8f-7ccc-51db-b8a6-a5dacc064228	chr5	165167952	165622321	1	1	0
50f72a8f-7ccc-51db-b8a6-a5dacc064228	chr5	165625053	166182054	2	1	1
50f72a8f-7ccc-51db-b8a6-a5dacc064228	chr5	166185425	178734970	4	3	1
50f72a8f-7ccc-51db-b8a6-a5dacc064228	chr5	178735595	178841756	3	2	1
50f72a8f-7ccc-51db-b8a6-a5dacc064228	chr5	178841925	179475470	5	3	2
50f72a8f-7ccc-51db-b8a6-a5dacc064228	chr5	179477534	181363319	4	3	1
50f72a8f-7ccc-51db-b8a6-a5dacc064228	chr6	149661	411326	3	2	1
50f72a8f-7ccc-51db-b8a6-a5dacc064228	chr6	411340	21451070	4	2	2
50f72a8f-7ccc-51db-b8a6-a5dacc064228	chr6	21451573	23999169	5	3	2
50f72a8f-7ccc-51db-b8a6-a5dacc064228	chr6	23999533	29661106	4	2	2
50f72a8f-7ccc-51db-b8a6-a5dacc064228	chr6	29661997	29881490	4	3	1
50f72a8f-7ccc-51db-b8a6-a5dacc064228	chr6	29881910	31004694	4	2	2
50f72a8f-7ccc-51db-b8a6-a5dacc064228	chr6	31004812	31506911	4	3	1
50f72a8f-7ccc-51db-b8a6-a5dacc064228	chr6	31512495	66496332	4	2	2
50f72a8f-7ccc-51db-b8a6-a5dacc064228	chr6	66496396	68812148	3	2	1
50f72a8f-7ccc-51db-b8a6-a5dacc064228	chr6	68812984	69090151	2	2	0
50f72a8f-7ccc-51db-b8a6-a5dacc064228	chr6	69091051	97165657	3	2	1
50f72a8f-7ccc-51db-b8a6-a5dacc064228	chr6	97166126	97653114	2	1	1
50f72a8f-7ccc-51db-b8a6-a5dacc064228	chr6	97654482	100718399	3	2	1
50f72a8f-7ccc-51db-b8a6-a5dacc064228	chr6	100721574	101182482	1	1	0
50f72a8f-7ccc-51db-b8a6-a5dacc064228	chr6	101186250	121785730	3	2	1
50f72a8f-7ccc-51db-b8a6-a5dacc064228	chr6	121786802	144372976	2	1	1
50f72a8f-7ccc-51db-b8a6-a5dacc064228	chr6	144375355	144540810	1	1	0
50f72a8f-7ccc-51db-b8a6-a5dacc064228	chr6	144543365	170741917	2	1	1
50f72a8f-7ccc-51db-b8a6-a5dacc064228	chr7	43259	2865851	1	1	0
50f72a8f-7ccc-51db-b8a6-a5dacc064228	chr7	2866423	77777437	2	2	0
50f72a8f-7ccc-51db-b8a6-a5dacc064228	chr7	77782293	152972271	3	2	1
50f72a8f-7ccc-51db-b8a6-a5dacc064228	chr7	152973563	153012913	2	2	0
50f72a8f-7ccc-51db-b8a6-a5dacc064228	chr7	153015856	159334314	3	2	1
50f72a8f-7ccc-51db-b8a6-a5dacc064228	chr8	81254	5583733	4	2	2
50f72a8f-7ccc-51db-b8a6-a5dacc064228	chr8	5583796	5607266	4	3	1
50f72a8f-7ccc-51db-b8a6-a5dacc064228	chr8	5607324	43931659	4	2	2
50f72a8f-7ccc-51db-b8a6-a5dacc064228	chr8	45951913	53091200	7	5	2
50f72a8f-7ccc-51db-b8a6-a5dacc064228	chr8	53094484	57064657	9	7	2
50f72a8f-7ccc-51db-b8a6-a5dacc064228	chr8	57064687	68285801	6	4	2
50f72a8f-7ccc-51db-b8a6-a5dacc064228	chr8	68285905	69212638	7	5	2
50f72a8f-7ccc-51db-b8a6-a5dacc064228	chr8	69215130	71761831	6	4	2
50f72a8f-7ccc-51db-b8a6-a5dacc064228	chr8	71762925	72220715	5	3	2
50f72a8f-7ccc-51db-b8a6-a5dacc064228	chr8	72221111	78707925	7	5	2
50f72a8f-7ccc-51db-b8a6-a5dacc064228	chr8	78709457	85430396	6	4	2
50f72a8f-7ccc-51db-b8a6-a5dacc064228	chr8	85432979	93782878	7	5	2
50f72a8f-7ccc-51db-b8a6-a5dacc064228	chr8	93783524	103117518	5	3	2
50f72a8f-7ccc-51db-b8a6-a5dacc064228	chr8	103119047	105904808	6	3	3
50f72a8f-7ccc-51db-b8a6-a5dacc064228	chr8	105906237	108673426	7	5	2
50f72a8f-7ccc-51db-b8a6-a5dacc064228	chr8	108674062	134563381	8	6	2
50f72a8f-7ccc-51db-b8a6-a5dacc064228	chr8	134563496	135821201	7	5	2
50f72a8f-7ccc-51db-b8a6-a5dacc064228	chr8	135823973	138219362	8	6	2
50f72a8f-7ccc-51db-b8a6-a5dacc064228	chr8	138220128	141015051	7	5	2
50f72a8f-7ccc-51db-b8a6-a5dacc064228	chr8	141015545	144733405	3	2	1
50f72a8f-7ccc-51db-b8a6-a5dacc064228	chr8	144749107	145072769	4	2	2
50f72a8f-7ccc-51db-b8a6-a5dacc064228	chr9	46587	6900898	3	2	1
50f72a8f-7ccc-51db-b8a6-a5dacc064228	chr9	6901008	6966001	2	1	1
50f72a8f-7ccc-51db-b8a6-a5dacc064228	chr9	6969572	21286706	3	2	1
50f72a8f-7ccc-51db-b8a6-a5dacc064228	chr9	21286868	27165253	2	2	0
50f72a8f-7ccc-51db-b8a6-a5dacc064228	chr9	27166161	32498365	3	2	1
50f72a8f-7ccc-51db-b8a6-a5dacc064228	chr9	32502415	34295052	2	2	0
50f72a8f-7ccc-51db-b8a6-a5dacc064228	chr9	34298012	41741113	3	2	1
50f72a8f-7ccc-51db-b8a6-a5dacc064228	chr9	60863881	78063850	2	2	0
50f72a8f-7ccc-51db-b8a6-a5dacc064228	chr9	78064041	78288472	1	1	0
50f72a8f-7ccc-51db-b8a6-a5dacc064228	chr9	78288621	93858391	2	2	0
50f72a8f-7ccc-51db-b8a6-a5dacc064228	chr9	93860106	93922838	3	3	0
50f72a8f-7ccc-51db-b8a6-a5dacc064228	chr9	93924054	98868107	2	2	0
50f72a8f-7ccc-51db-b8a6-a5dacc064228	chr9	98868614	115205486	4	2	2
50f72a8f-7ccc-51db-b8a6-a5dacc064228	chr9	115209876	116470878	5	3	2
50f72a8f-7ccc-51db-b8a6-a5dacc064228	chr9	116471779	127588697	4	2	2
50f72a8f-7ccc-51db-b8a6-a5dacc064228	chr9	127596934	138200944	3	2	1
50f72a8f-7ccc-51db-b8a6-a5dacc064228	chr10	45792	467695	1	1	0
50f72a8f-7ccc-51db-b8a6-a5dacc064228	chr10	468092	19863629	2	1	1
50f72a8f-7ccc-51db-b8a6-a5dacc064228	chr10	19863640	20105730	1	1	0
50f72a8f-7ccc-51db-b8a6-a5dacc064228	chr10	20105850	20205836	2	2	0
50f72a8f-7ccc-51db-b8a6-a5dacc064228	chr10	20206015	31588942	3	2	1
50f72a8f-7ccc-51db-b8a6-a5dacc064228	chr10	31592618	32766698	19	18	1
50f72a8f-7ccc-51db-b8a6-a5dacc064228	chr10	32770322	35137748	36	34	2
50f72a8f-7ccc-51db-b8a6-a5dacc064228	chr10	35140897	36406228	13	12	1
50f72a8f-7ccc-51db-b8a6-a5dacc064228	chr10	36412016	42462400	4	2	2
50f72a8f-7ccc-51db-b8a6-a5dacc064228	chr10	42462812	44783522	3	2	1
50f72a8f-7ccc-51db-b8a6-a5dacc064228	chr10	44784055	56276980	4	2	2
50f72a8f-7ccc-51db-b8a6-a5dacc064228	chr10	56277732	63183475	3	2	1
50f72a8f-7ccc-51db-b8a6-a5dacc064228	chr10	63188794	78131470	2	1	1
50f72a8f-7ccc-51db-b8a6-a5dacc064228	chr10	78132276	78231306	3	2	1
50f72a8f-7ccc-51db-b8a6-a5dacc064228	chr10	78231333	82126779	2	1	1
50f72a8f-7ccc-51db-b8a6-a5dacc064228	chr10	82127207	82656727	1	1	0
50f72a8f-7ccc-51db-b8a6-a5dacc064228	chr10	82656789	127478555	2	1	1
50f72a8f-7ccc-51db-b8a6-a5dacc064228	chr10	127478711	127587011	1	1	0
50f72a8f-7ccc-51db-b8a6-a5dacc064228	chr10	127587067	133654968	3	2	1
50f72a8f-7ccc-51db-b8a6-a5dacc064228	chr11	198510	2529279	1	1	0
50f72a8f-7ccc-51db-b8a6-a5dacc064228	chr11	2529500	15584293	2	2	0
50f72a8f-7ccc-51db-b8a6-a5dacc064228	chr11	15584872	15860342	3	3	0
50f72a8f-7ccc-51db-b8a6-a5dacc064228	chr11	15862103	50518585	2	2	0
50f72a8f-7ccc-51db-b8a6-a5dacc064228	chr11	50521600	59538674	4	2	2
50f72a8f-7ccc-51db-b8a6-a5dacc064228	chr11	59547844	135074876	3	2	1
50f72a8f-7ccc-51db-b8a6-a5dacc064228	chr12	51460	34701563	2	2	0
50f72a8f-7ccc-51db-b8a6-a5dacc064228	chr12	37463949	53867683	4	2	2
50f72a8f-7ccc-51db-b8a6-a5dacc064228	chr12	53867976	53893750	3	2	1
50f72a8f-7ccc-51db-b8a6-a5dacc064228	chr12	53894868	120103937	4	2	2
50f72a8f-7ccc-51db-b8a6-a5dacc064228	chr12	120105602	125373080	3	2	1
50f72a8f-7ccc-51db-b8a6-a5dacc064228	chr12	125374107	128146726	4	2	2
50f72a8f-7ccc-51db-b8a6-a5dacc064228	chr12	128150254	133201603	3	2	1
50f72a8f-7ccc-51db-b8a6-a5dacc064228	chr13	18452809	19783080	2	2	0
50f72a8f-7ccc-51db-b8a6-a5dacc064228	chr13	19784752	20236598	4	2	2
50f72a8f-7ccc-51db-b8a6-a5dacc064228	chr13	20240783	30550581	2	2	0
50f72a8f-7ccc-51db-b8a6-a5dacc064228	chr13	30553606	35867615	2	1	1
50f72a8f-7ccc-51db-b8a6-a5dacc064228	chr13	35870496	56727580	2	2	0
50f72a8f-7ccc-51db-b8a6-a5dacc064228	chr13	56729337	58664917	5	3	2
50f72a8f-7ccc-51db-b8a6-a5dacc064228	chr13	58665342	58672160	4	3	1
50f72a8f-7ccc-51db-b8a6-a5dacc064228	chr13	58672455	58867964	9	6	3
50f72a8f-7ccc-51db-b8a6-a5dacc064228	chr13	58870224	65523683	5	3	2
50f72a8f-7ccc-51db-b8a6-a5dacc064228	chr13	65523958	65809426	7	5	2
50f72a8f-7ccc-51db-b8a6-a5dacc064228	chr13	65810395	66618936	5	3	2
50f72a8f-7ccc-51db-b8a6-a5dacc064228	chr13	66619475	66672786	4	3	1
50f72a8f-7ccc-51db-b8a6-a5dacc064228	chr13	66675015	67068873	2	2	0
50f72a8f-7ccc-51db-b8a6-a5dacc064228	chr13	67074724	71250520	5	3	2
50f72a8f-7ccc-51db-b8a6-a5dacc064228	chr13	71255742	71851759	7	5	2
50f72a8f-7ccc-51db-b8a6-a5dacc064228	chr13	71851905	72072578	13	11	2
50f72a8f-7ccc-51db-b8a6-a5dacc064228	chr13	72073055	72599996	11	9	2
50f72a8f-7ccc-51db-b8a6-a5dacc064228	chr13	72600326	73756682	9	6	3
50f72a8f-7ccc-51db-b8a6-a5dacc064228	chr13	73758694	73823604	2	2	0
50f72a8f-7ccc-51db-b8a6-a5dacc064228	chr13	73827872	73879385	7	5	2
50f72a8f-7ccc-51db-b8a6-a5dacc064228	chr13	73879642	74154947	11	9	2
50f72a8f-7ccc-51db-b8a6-a5dacc064228	chr13	74155190	75201733	8	6	2
50f72a8f-7ccc-51db-b8a6-a5dacc064228	chr13	75203592	77502847	4	2	2
50f72a8f-7ccc-51db-b8a6-a5dacc064228	chr13	77503240	80331385	7	5	2
50f72a8f-7ccc-51db-b8a6-a5dacc064228	chr13	80337747	93675933	5	3	2
50f72a8f-7ccc-51db-b8a6-a5dacc064228	chr13	93678798	96646724	2	2	0
50f72a8f-7ccc-51db-b8a6-a5dacc064228	chr13	96647831	110766907	4	2	2
50f72a8f-7ccc-51db-b8a6-a5dacc064228	chr13	110767264	111585109	4	3	1
50f72a8f-7ccc-51db-b8a6-a5dacc064228	chr13	111586741	114342922	4	2	2
50f72a8f-7ccc-51db-b8a6-a5dacc064228	chr14	18239283	20313799	11	7	4
50f72a8f-7ccc-51db-b8a6-a5dacc064228	chr14	20314006	20995443	10	7	3
50f72a8f-7ccc-51db-b8a6-a5dacc064228	chr14	20996645	22348291	8	7	1
50f72a8f-7ccc-51db-b8a6-a5dacc064228	chr14	22351388	22798909	14	13	1
50f72a8f-7ccc-51db-b8a6-a5dacc064228	chr14	22799195	24761698	17	16	1
50f72a8f-7ccc-51db-b8a6-a5dacc064228	chr14	24761892	39457684	2	1	1
50f72a8f-7ccc-51db-b8a6-a5dacc064228	chr14	39462660	39474884	5	3	2
50f72a8f-7ccc-51db-b8a6-a5dacc064228	chr14	39475587	39683442	5	4	1
50f72a8f-7ccc-51db-b8a6-a5dacc064228	chr14	39687279	41009283	2	1	1
50f72a8f-7ccc-51db-b8a6-a5dacc064228	chr14	41009487	80078226	3	2	1
50f72a8f-7ccc-51db-b8a6-a5dacc064228	chr14	80078632	80748549	2	1	1
50f72a8f-7ccc-51db-b8a6-a5dacc064228	chr14	80749218	105542308	3	2	1
50f72a8f-7ccc-51db-b8a6-a5dacc064228	chr14	105544971	106877229	4	2	2
50f72a8f-7ccc-51db-b8a6-a5dacc064228	chr15	19811075	29945542	4	2	2
50f72a8f-7ccc-51db-b8a6-a5dacc064228	chr15	29945955	93609657	3	2	1
50f72a8f-7ccc-51db-b8a6-a5dacc064228	chr15	93609685	101615479	2	2	0
50f72a8f-7ccc-51db-b8a6-a5dacc064228	chr15	101618261	101928837	3	2	1
50f72a8f-7ccc-51db-b8a6-a5dacc064228	chr16	10777	5018151	3	2	1
50f72a8f-7ccc-51db-b8a6-a5dacc064228	chr16	5019354	9249685	4	2	2
50f72a8f-7ccc-51db-b8a6-a5dacc064228	chr16	9252591	12515776	3	2	1
50f72a8f-7ccc-51db-b8a6-a5dacc064228	chr16	12515873	36048855	4	2	2
50f72a8f-7ccc-51db-b8a6-a5dacc064228	chr16	46441986	90096867	3	2	1
50f72a8f-7ccc-51db-b8a6-a5dacc064228	chr17	150733	955138	11	9	2
50f72a8f-7ccc-51db-b8a6-a5dacc064228	chr17	957733	5216725	4	2	2
50f72a8f-7ccc-51db-b8a6-a5dacc064228	chr17	5216977	11919954	6	4	2
50f72a8f-7ccc-51db-b8a6-a5dacc064228	chr17	11924350	16332235	7	5	2
50f72a8f-7ccc-51db-b8a6-a5dacc064228	chr17	16335711	17447990	13	11	2
50f72a8f-7ccc-51db-b8a6-a5dacc064228	chr17	17448329	18414080	11	9	2
50f72a8f-7ccc-51db-b8a6-a5dacc064228	chr17	18452078	18477080	2	2	0
50f72a8f-7ccc-51db-b8a6-a5dacc064228	chr17	18478497	21540126	11	9	2
50f72a8f-7ccc-51db-b8a6-a5dacc064228	chr17	21541635	22671711	9	7	2
50f72a8f-7ccc-51db-b8a6-a5dacc064228	chr17	22671863	32268820	4	2	2
50f72a8f-7ccc-51db-b8a6-a5dacc064228	chr17	32268994	46135838	3	2	1
50f72a8f-7ccc-51db-b8a6-a5dacc064228	chr17	46136346	58593607	4	2	2
50f72a8f-7ccc-51db-b8a6-a5dacc064228	chr17	58594948	73399567	5	3	2
50f72a8f-7ccc-51db-b8a6-a5dacc064228	chr17	73399768	83091923	4	2	2
50f72a8f-7ccc-51db-b8a6-a5dacc064228	chr18	48133	15402409	4	2	2
50f72a8f-7ccc-51db-b8a6-a5dacc064228	chr18	20949392	27020711	3	2	1
50f72a8f-7ccc-51db-b8a6-a5dacc064228	chr18	27020877	28049018	4	2	2
50f72a8f-7ccc-51db-b8a6-a5dacc064228	chr18	28049242	28090636	3	2	1
50f72a8f-7ccc-51db-b8a6-a5dacc064228	chr18	28093911	39680473	4	2	2
50f72a8f-7ccc-51db-b8a6-a5dacc064228	chr18	39682665	39716974	2	2	0
50f72a8f-7ccc-51db-b8a6-a5dacc064228	chr18	39723234	48984169	6	4	2
50f72a8f-7ccc-51db-b8a6-a5dacc064228	chr18	48985416	51771358	6	3	3
50f72a8f-7ccc-51db-b8a6-a5dacc064228	chr18	51772045	56688048	6	4	2
50f72a8f-7ccc-51db-b8a6-a5dacc064228	chr18	56694641	56916744	2	2	0
50f72a8f-7ccc-51db-b8a6-a5dacc064228	chr18	56917361	57490877	5	3	2
50f72a8f-7ccc-51db-b8a6-a5dacc064228	chr18	57491580	78013083	6	4	2
50f72a8f-7ccc-51db-b8a6-a5dacc064228	chr18	78013168	78265123	7	5	2
50f72a8f-7ccc-51db-b8a6-a5dacc064228	chr18	78267693	80257174	6	4	2
50f72a8f-7ccc-51db-b8a6-a5dacc064228	chr19	90910	451080	6	4	2
50f72a8f-7ccc-51db-b8a6-a5dacc064228	chr19	462603	6204118	3	2	1
50f72a8f-7ccc-51db-b8a6-a5dacc064228	chr19	6205291	17529508	4	2	2
50f72a8f-7ccc-51db-b8a6-a5dacc064228	chr19	17535141	19020739	3	2	1
50f72a8f-7ccc-51db-b8a6-a5dacc064228	chr19	19022393	28992263	4	2	2
50f72a8f-7ccc-51db-b8a6-a5dacc064228	chr19	28992610	58586487	3	2	1
50f72a8f-7ccc-51db-b8a6-a5dacc064228	chr20	80664	61719737	4	2	2
50f72a8f-7ccc-51db-b8a6-a5dacc064228	chr20	61719808	64324800	3	2	1
50f72a8f-7ccc-51db-b8a6-a5dacc064228	chr21	12973348	14836298	3	2	1
50f72a8f-7ccc-51db-b8a6-a5dacc064228	chr21	14838583	19519645	4	2	2
50f72a8f-7ccc-51db-b8a6-a5dacc064228	chr21	19520174	19561085	5	3	2
50f72a8f-7ccc-51db-b8a6-a5dacc064228	chr21	19562130	26685618	3	2	1
50f72a8f-7ccc-51db-b8a6-a5dacc064228	chr21	26686475	27147513	4	2	2
50f72a8f-7ccc-51db-b8a6-a5dacc064228	chr21	27147726	32897789	3	2	1
50f72a8f-7ccc-51db-b8a6-a5dacc064228	chr21	32898044	32912909	2	1	1
50f72a8f-7ccc-51db-b8a6-a5dacc064228	chr21	32914047	46677045	3	2	1
50f72a8f-7ccc-51db-b8a6-a5dacc064228	chr22	16392123	25260266	4	2	2
50f72a8f-7ccc-51db-b8a6-a5dacc064228	chr22	25260283	25531853	6	4	2
50f72a8f-7ccc-51db-b8a6-a5dacc064228	chr22	25534512	35680119	4	2	2
50f72a8f-7ccc-51db-b8a6-a5dacc064228	chr22	35686370	36248449	5	3	2
50f72a8f-7ccc-51db-b8a6-a5dacc064228	chr22	36248990	42299142	4	2	2
50f72a8f-7ccc-51db-b8a6-a5dacc064228	chr22	42300067	50796027	3	2	1
50f72a8f-7ccc-51db-b8a6-a5dacc064228	chrX	251810	507629	6	3	3
50f72a8f-7ccc-51db-b8a6-a5dacc064228	chrX	509057	683127	7	5	2
50f72a8f-7ccc-51db-b8a6-a5dacc064228	chrX	683150	704670	5	3	2
50f72a8f-7ccc-51db-b8a6-a5dacc064228	chrX	707436	1507378	6	4	2
50f72a8f-7ccc-51db-b8a6-a5dacc064228	chrX	1520566	1923307	7	5	2
50f72a8f-7ccc-51db-b8a6-a5dacc064228	chrX	1938120	2412084	5	3	2
50f72a8f-7ccc-51db-b8a6-a5dacc064228	chrX	2429047	2627552	6	3	3
50f72a8f-7ccc-51db-b8a6-a5dacc064228	chrX	2627862	2656935	8	4	4
50f72a8f-7ccc-51db-b8a6-a5dacc064228	chrX	2657110	2775583	7	5	2
50f72a8f-7ccc-51db-b8a6-a5dacc064228	chrX	2776199	4077191	4	4	0
50f72a8f-7ccc-51db-b8a6-a5dacc064228	chrX	4080000	4737762	10	9	1
50f72a8f-7ccc-51db-b8a6-a5dacc064228	chrX	4739017	4753311	4	4	0
50f72a8f-7ccc-51db-b8a6-a5dacc064228	chrX	4755631	4758118	5	5	0
50f72a8f-7ccc-51db-b8a6-a5dacc064228	chrX	4758474	7914519	3	3	0
50f72a8f-7ccc-51db-b8a6-a5dacc064228	chrX	7914923	33095350	4	4	0
50f72a8f-7ccc-51db-b8a6-a5dacc064228	chrX	33096491	33308632	0	0	0
50f72a8f-7ccc-51db-b8a6-a5dacc064228	chrX	33312440	33493982	3	3	0
50f72a8f-7ccc-51db-b8a6-a5dacc064228	chrX	33494249	58516540	4	4	0
50f72a8f-7ccc-51db-b8a6-a5dacc064228	chrX	58523135	75162282	1	1	0
50f72a8f-7ccc-51db-b8a6-a5dacc064228	chrX	75162475	78769854	2	2	0
50f72a8f-7ccc-51db-b8a6-a5dacc064228	chrX	78769882	93208500	1	1	0
50f72a8f-7ccc-51db-b8a6-a5dacc064228	chrX	93208548	155239176	0	0	0
50f72a8f-7ccc-51db-b8a6-a5dacc064228	chrX	155239456	156004181	1	1	0
50f72a8f-7ccc-51db-b8a6-a5dacc064228	chrY	2782397	16445172	4	4	0
50f72a8f-7ccc-51db-b8a6-a5dacc064228	chrY	16448509	16562148	9	9	0
50f72a8f-7ccc-51db-b8a6-a5dacc064228	chrY	16567883	26653788	4	4	0
50f72a8f-7ccc-51db-b8a6-a5dacc064228	chrY	56872112	56872112	2	2	0
