GDC_Aliquot	Chromosome	Start	End	Copy_Number	Major_Copy_Number	Minor_Copy_Number
d87598b3-ed09-5dde-b303-4c5f1e4316ba	chr1	62920	42834164	4	2	2
d87598b3-ed09-5dde-b303-4c5f1e4316ba	chr1	42834992	43948819	5	3	2
d87598b3-ed09-5dde-b303-4c5f1e4316ba	chr1	43951819	53862814	4	2	2
d87598b3-ed09-5dde-b303-4c5f1e4316ba	chr1	53863141	57105088	6	3	3
d87598b3-ed09-5dde-b303-4c5f1e4316ba	chr1	57108048	59798029	4	2	2
d87598b3-ed09-5dde-b303-4c5f1e4316ba	chr1	59798735	65980838	6	3	3
d87598b3-ed09-5dde-b303-4c5f1e4316ba	chr1	65981134	65996398	3	2	1
d87598b3-ed09-5dde-b303-4c5f1e4316ba	chr1	65996563	74410829	6	3	3
d87598b3-ed09-5dde-b303-4c5f1e4316ba	chr1	74413871	75054794	3	2	1
d87598b3-ed09-5dde-b303-4c5f1e4316ba	chr1	75054916	75096751	6	4	2
d87598b3-ed09-5dde-b303-4c5f1e4316ba	chr1	75097607	75917332	3	2	1
d87598b3-ed09-5dde-b303-4c5f1e4316ba	chr1	75917364	76021423	5	3	2
d87598b3-ed09-5dde-b303-4c5f1e4316ba	chr1	76021817	77623550	3	2	1
d87598b3-ed09-5dde-b303-4c5f1e4316ba	chr1	77623714	84264252	6	4	2
d87598b3-ed09-5dde-b303-4c5f1e4316ba	chr1	84266448	102022894	3	2	1
d87598b3-ed09-5dde-b303-4c5f1e4316ba	chr1	102023536	103301854	3	3	0
d87598b3-ed09-5dde-b303-4c5f1e4316ba	chr1	103303086	121705338	3	2	1
d87598b3-ed09-5dde-b303-4c5f1e4316ba	chr1	143541857	162811997	6	5	1
d87598b3-ed09-5dde-b303-4c5f1e4316ba	chr1	162816006	164582926	8	7	1
d87598b3-ed09-5dde-b303-4c5f1e4316ba	chr1	164584314	174912579	6	5	1
d87598b3-ed09-5dde-b303-4c5f1e4316ba	chr1	174914857	248930189	2	1	1
d87598b3-ed09-5dde-b303-4c5f1e4316ba	chr2	12784	28289884	2	1	1
d87598b3-ed09-5dde-b303-4c5f1e4316ba	chr2	28290359	41329141	4	2	2
d87598b3-ed09-5dde-b303-4c5f1e4316ba	chr2	41329302	41626610	4	3	1
d87598b3-ed09-5dde-b303-4c5f1e4316ba	chr2	41627323	51543632	4	2	2
d87598b3-ed09-5dde-b303-4c5f1e4316ba	chr2	51543648	51838829	4	3	1
d87598b3-ed09-5dde-b303-4c5f1e4316ba	chr2	51839009	57714462	4	2	2
d87598b3-ed09-5dde-b303-4c5f1e4316ba	chr2	57714886	58295445	4	3	1
d87598b3-ed09-5dde-b303-4c5f1e4316ba	chr2	58295526	77673296	4	2	2
d87598b3-ed09-5dde-b303-4c5f1e4316ba	chr2	77674179	78298082	4	3	1
d87598b3-ed09-5dde-b303-4c5f1e4316ba	chr2	78298579	82167152	4	2	2
d87598b3-ed09-5dde-b303-4c5f1e4316ba	chr2	82168988	82238586	3	2	1
d87598b3-ed09-5dde-b303-4c5f1e4316ba	chr2	82244900	83649153	4	3	1
d87598b3-ed09-5dde-b303-4c5f1e4316ba	chr2	83651140	96892788	4	2	2
d87598b3-ed09-5dde-b303-4c5f1e4316ba	chr2	96895176	100978678	5	3	2
d87598b3-ed09-5dde-b303-4c5f1e4316ba	chr2	100978773	106931321	8	6	2
d87598b3-ed09-5dde-b303-4c5f1e4316ba	chr2	106933384	137068541	2	2	0
d87598b3-ed09-5dde-b303-4c5f1e4316ba	chr2	137070004	137107722	4	4	0
d87598b3-ed09-5dde-b303-4c5f1e4316ba	chr2	137107852	212241861	2	2	0
d87598b3-ed09-5dde-b303-4c5f1e4316ba	chr2	212242503	214359959	1	1	0
d87598b3-ed09-5dde-b303-4c5f1e4316ba	chr2	214359989	242147305	2	2	0
d87598b3-ed09-5dde-b303-4c5f1e4316ba	chr3	20930	3368369	4	2	2
d87598b3-ed09-5dde-b303-4c5f1e4316ba	chr3	3371126	3381534	2	1	1
d87598b3-ed09-5dde-b303-4c5f1e4316ba	chr3	3381814	3678881	2	2	0
d87598b3-ed09-5dde-b303-4c5f1e4316ba	chr3	3679136	17279296	4	2	2
d87598b3-ed09-5dde-b303-4c5f1e4316ba	chr3	17279358	17901658	3	2	1
d87598b3-ed09-5dde-b303-4c5f1e4316ba	chr3	17904363	18021436	6	4	2
d87598b3-ed09-5dde-b303-4c5f1e4316ba	chr3	18022049	61991878	4	2	2
d87598b3-ed09-5dde-b303-4c5f1e4316ba	chr3	61994279	62054872	1	1	0
d87598b3-ed09-5dde-b303-4c5f1e4316ba	chr3	62055865	116584054	4	2	2
d87598b3-ed09-5dde-b303-4c5f1e4316ba	chr3	116585046	117101741	2	2	0
d87598b3-ed09-5dde-b303-4c5f1e4316ba	chr3	117103264	123160050	4	2	2
d87598b3-ed09-5dde-b303-4c5f1e4316ba	chr3	123160185	123494086	6	4	2
d87598b3-ed09-5dde-b303-4c5f1e4316ba	chr3	123495903	165337681	4	2	2
d87598b3-ed09-5dde-b303-4c5f1e4316ba	chr3	165341484	167382374	4	3	1
d87598b3-ed09-5dde-b303-4c5f1e4316ba	chr3	167383690	173507577	4	2	2
d87598b3-ed09-5dde-b303-4c5f1e4316ba	chr3	173510078	174380054	4	3	1
d87598b3-ed09-5dde-b303-4c5f1e4316ba	chr3	174381457	198169247	4	2	2
d87598b3-ed09-5dde-b303-4c5f1e4316ba	chr4	68929	21426259	2	2	0
d87598b3-ed09-5dde-b303-4c5f1e4316ba	chr4	21427755	21486642	0	0	0
d87598b3-ed09-5dde-b303-4c5f1e4316ba	chr4	21491844	21506139	2	1	1
d87598b3-ed09-5dde-b303-4c5f1e4316ba	chr4	21506557	49146905	2	2	0
d87598b3-ed09-5dde-b303-4c5f1e4316ba	chr4	49152601	141153962	6	3	3
d87598b3-ed09-5dde-b303-4c5f1e4316ba	chr4	141155456	142090148	6	5	1
d87598b3-ed09-5dde-b303-4c5f1e4316ba	chr4	142094019	146049494	6	3	3
d87598b3-ed09-5dde-b303-4c5f1e4316ba	chr4	146051749	160952848	8	6	2
d87598b3-ed09-5dde-b303-4c5f1e4316ba	chr4	160958866	160963767	0	0	0
d87598b3-ed09-5dde-b303-4c5f1e4316ba	chr4	160963806	177285583	8	6	2
d87598b3-ed09-5dde-b303-4c5f1e4316ba	chr4	177286514	177675576	19	17	2
d87598b3-ed09-5dde-b303-4c5f1e4316ba	chr4	177675772	178615687	13	11	2
d87598b3-ed09-5dde-b303-4c5f1e4316ba	chr4	178615715	182085689	3	2	1
d87598b3-ed09-5dde-b303-4c5f1e4316ba	chr4	182086769	182107489	4	3	1
d87598b3-ed09-5dde-b303-4c5f1e4316ba	chr4	182108323	190106768	3	2	1
d87598b3-ed09-5dde-b303-4c5f1e4316ba	chr5	15532	1555086	4	2	2
d87598b3-ed09-5dde-b303-4c5f1e4316ba	chr5	1555710	1704987	4	3	1
d87598b3-ed09-5dde-b303-4c5f1e4316ba	chr5	1705155	9982854	4	2	2
d87598b3-ed09-5dde-b303-4c5f1e4316ba	chr5	9982952	9990581	1	1	0
d87598b3-ed09-5dde-b303-4c5f1e4316ba	chr5	9990638	19002181	4	2	2
d87598b3-ed09-5dde-b303-4c5f1e4316ba	chr5	19002182	19329361	4	3	1
d87598b3-ed09-5dde-b303-4c5f1e4316ba	chr5	19332221	20954076	4	2	2
d87598b3-ed09-5dde-b303-4c5f1e4316ba	chr5	20954743	21608958	4	3	1
d87598b3-ed09-5dde-b303-4c5f1e4316ba	chr5	21609021	46386290	4	2	2
d87598b3-ed09-5dde-b303-4c5f1e4316ba	chr5	46389171	53123081	3	2	1
d87598b3-ed09-5dde-b303-4c5f1e4316ba	chr5	53123630	53131649	2	1	1
d87598b3-ed09-5dde-b303-4c5f1e4316ba	chr5	53131776	78054132	3	2	1
d87598b3-ed09-5dde-b303-4c5f1e4316ba	chr5	78054500	78547998	2	1	1
d87598b3-ed09-5dde-b303-4c5f1e4316ba	chr5	78548053	181363319	3	2	1
d87598b3-ed09-5dde-b303-4c5f1e4316ba	chr6	149661	920485	6	4	2
d87598b3-ed09-5dde-b303-4c5f1e4316ba	chr6	921618	18389086	4	2	2
d87598b3-ed09-5dde-b303-4c5f1e4316ba	chr6	18396899	18896956	4	3	1
d87598b3-ed09-5dde-b303-4c5f1e4316ba	chr6	18897156	18921087	7	4	3
d87598b3-ed09-5dde-b303-4c5f1e4316ba	chr6	18921943	31090563	4	2	2
d87598b3-ed09-5dde-b303-4c5f1e4316ba	chr6	31094586	31159013	5	3	2
d87598b3-ed09-5dde-b303-4c5f1e4316ba	chr6	31159167	31188008	4	2	2
d87598b3-ed09-5dde-b303-4c5f1e4316ba	chr6	31188026	32627455	8	6	2
d87598b3-ed09-5dde-b303-4c5f1e4316ba	chr6	32633540	36127407	4	2	2
d87598b3-ed09-5dde-b303-4c5f1e4316ba	chr6	36127855	36402180	6	3	3
d87598b3-ed09-5dde-b303-4c5f1e4316ba	chr6	36402477	44559231	4	2	2
d87598b3-ed09-5dde-b303-4c5f1e4316ba	chr6	44559365	45095547	5	4	1
d87598b3-ed09-5dde-b303-4c5f1e4316ba	chr6	45098687	48177663	4	2	2
d87598b3-ed09-5dde-b303-4c5f1e4316ba	chr6	48178421	48672200	4	3	1
d87598b3-ed09-5dde-b303-4c5f1e4316ba	chr6	48672743	49947890	4	2	2
d87598b3-ed09-5dde-b303-4c5f1e4316ba	chr6	49951029	50989183	3	2	1
d87598b3-ed09-5dde-b303-4c5f1e4316ba	chr6	50990244	56311501	2	2	0
d87598b3-ed09-5dde-b303-4c5f1e4316ba	chr6	56311961	56314694	4	3	1
d87598b3-ed09-5dde-b303-4c5f1e4316ba	chr6	56315941	56392176	5	5	0
d87598b3-ed09-5dde-b303-4c5f1e4316ba	chr6	56394397	60352984	3	3	0
d87598b3-ed09-5dde-b303-4c5f1e4316ba	chr6	60355929	63997323	8	4	4
d87598b3-ed09-5dde-b303-4c5f1e4316ba	chr6	64002318	69320725	3	3	0
d87598b3-ed09-5dde-b303-4c5f1e4316ba	chr6	69323465	72586074	11	8	3
d87598b3-ed09-5dde-b303-4c5f1e4316ba	chr6	72589699	73244876	8	4	4
d87598b3-ed09-5dde-b303-4c5f1e4316ba	chr6	73248133	73446775	6	3	3
d87598b3-ed09-5dde-b303-4c5f1e4316ba	chr6	73457683	74102002	3	3	0
d87598b3-ed09-5dde-b303-4c5f1e4316ba	chr6	74105467	74243923	7	5	2
d87598b3-ed09-5dde-b303-4c5f1e4316ba	chr6	74244400	131911288	3	3	0
d87598b3-ed09-5dde-b303-4c5f1e4316ba	chr6	131911619	134465916	6	3	3
d87598b3-ed09-5dde-b303-4c5f1e4316ba	chr6	134466123	135556134	5	3	2
d87598b3-ed09-5dde-b303-4c5f1e4316ba	chr6	135558301	170741917	3	3	0
d87598b3-ed09-5dde-b303-4c5f1e4316ba	chr7	43259	65503	7	5	2
d87598b3-ed09-5dde-b303-4c5f1e4316ba	chr7	65765	16306931	3	2	1
d87598b3-ed09-5dde-b303-4c5f1e4316ba	chr7	16309138	16364361	1	1	0
d87598b3-ed09-5dde-b303-4c5f1e4316ba	chr7	16364990	39612316	3	2	1
d87598b3-ed09-5dde-b303-4c5f1e4316ba	chr7	39612642	54629481	2	1	1
d87598b3-ed09-5dde-b303-4c5f1e4316ba	chr7	54630731	78181326	3	2	1
d87598b3-ed09-5dde-b303-4c5f1e4316ba	chr7	78181551	103715828	2	1	1
d87598b3-ed09-5dde-b303-4c5f1e4316ba	chr7	103715849	103732586	1	1	0
d87598b3-ed09-5dde-b303-4c5f1e4316ba	chr7	103732604	109144822	2	1	1
d87598b3-ed09-5dde-b303-4c5f1e4316ba	chr7	109149259	109933170	2	2	0
d87598b3-ed09-5dde-b303-4c5f1e4316ba	chr7	109939237	134163797	2	1	1
d87598b3-ed09-5dde-b303-4c5f1e4316ba	chr7	134166111	147089550	3	2	1
d87598b3-ed09-5dde-b303-4c5f1e4316ba	chr7	147090261	147712111	2	2	0
d87598b3-ed09-5dde-b303-4c5f1e4316ba	chr7	147713761	159334314	3	2	1
d87598b3-ed09-5dde-b303-4c5f1e4316ba	chr8	81254	5213748	4	2	2
d87598b3-ed09-5dde-b303-4c5f1e4316ba	chr8	5213761	5542276	4	3	1
d87598b3-ed09-5dde-b303-4c5f1e4316ba	chr8	5542313	5642620	5	3	2
d87598b3-ed09-5dde-b303-4c5f1e4316ba	chr8	5642641	5827269	4	2	2
d87598b3-ed09-5dde-b303-4c5f1e4316ba	chr8	5832167	6025607	4	3	1
d87598b3-ed09-5dde-b303-4c5f1e4316ba	chr8	6026019	16331674	4	2	2
d87598b3-ed09-5dde-b303-4c5f1e4316ba	chr8	16332204	16712158	4	3	1
d87598b3-ed09-5dde-b303-4c5f1e4316ba	chr8	16713511	20478569	4	2	2
d87598b3-ed09-5dde-b303-4c5f1e4316ba	chr8	20480189	20938788	4	3	1
d87598b3-ed09-5dde-b303-4c5f1e4316ba	chr8	20938995	25063115	4	2	2
d87598b3-ed09-5dde-b303-4c5f1e4316ba	chr8	25063198	51646562	3	2	1
d87598b3-ed09-5dde-b303-4c5f1e4316ba	chr8	51648142	63730056	5	4	1
d87598b3-ed09-5dde-b303-4c5f1e4316ba	chr8	63738428	68234292	6	4	2
d87598b3-ed09-5dde-b303-4c5f1e4316ba	chr8	68237813	72769678	6	3	3
d87598b3-ed09-5dde-b303-4c5f1e4316ba	chr8	72771897	112397998	6	4	2
d87598b3-ed09-5dde-b303-4c5f1e4316ba	chr8	112398743	112946141	6	5	1
d87598b3-ed09-5dde-b303-4c5f1e4316ba	chr8	112947398	123558392	6	4	2
d87598b3-ed09-5dde-b303-4c5f1e4316ba	chr8	123559341	145072769	7	5	2
d87598b3-ed09-5dde-b303-4c5f1e4316ba	chr9	46587	869722	2	2	0
d87598b3-ed09-5dde-b303-4c5f1e4316ba	chr9	869950	4034441	6	4	2
d87598b3-ed09-5dde-b303-4c5f1e4316ba	chr9	4034589	4243983	4	2	2
d87598b3-ed09-5dde-b303-4c5f1e4316ba	chr9	4244245	9368389	6	4	2
d87598b3-ed09-5dde-b303-4c5f1e4316ba	chr9	9368423	9633427	5	4	1
d87598b3-ed09-5dde-b303-4c5f1e4316ba	chr9	9633839	19304084	6	4	2
d87598b3-ed09-5dde-b303-4c5f1e4316ba	chr9	19305148	19526959	4	2	2
d87598b3-ed09-5dde-b303-4c5f1e4316ba	chr9	19527426	21325895	6	4	2
d87598b3-ed09-5dde-b303-4c5f1e4316ba	chr9	21326608	28870680	4	2	2
d87598b3-ed09-5dde-b303-4c5f1e4316ba	chr9	28875295	31018820	6	4	2
d87598b3-ed09-5dde-b303-4c5f1e4316ba	chr9	31020383	31533364	3	2	1
d87598b3-ed09-5dde-b303-4c5f1e4316ba	chr9	31534675	33007208	5	3	2
d87598b3-ed09-5dde-b303-4c5f1e4316ba	chr9	33007261	79373236	4	2	2
d87598b3-ed09-5dde-b303-4c5f1e4316ba	chr9	79377971	80426453	8	6	2
d87598b3-ed09-5dde-b303-4c5f1e4316ba	chr9	80430650	81188529	9	8	1
d87598b3-ed09-5dde-b303-4c5f1e4316ba	chr9	81191864	81870259	8	6	2
d87598b3-ed09-5dde-b303-4c5f1e4316ba	chr9	81875216	93691316	6	3	3
d87598b3-ed09-5dde-b303-4c5f1e4316ba	chr9	93692079	95597834	4	2	2
d87598b3-ed09-5dde-b303-4c5f1e4316ba	chr9	95597931	96665892	3	2	1
d87598b3-ed09-5dde-b303-4c5f1e4316ba	chr9	96666033	103130939	4	3	1
d87598b3-ed09-5dde-b303-4c5f1e4316ba	chr9	103131197	103708025	3	3	0
d87598b3-ed09-5dde-b303-4c5f1e4316ba	chr9	103708432	110919782	4	3	1
d87598b3-ed09-5dde-b303-4c5f1e4316ba	chr9	110924073	117757872	5	4	1
d87598b3-ed09-5dde-b303-4c5f1e4316ba	chr9	117757999	127152640	4	3	1
d87598b3-ed09-5dde-b303-4c5f1e4316ba	chr9	127153352	128394840	1	1	0
d87598b3-ed09-5dde-b303-4c5f1e4316ba	chr9	128399902	138042440	2	1	1
d87598b3-ed09-5dde-b303-4c5f1e4316ba	chr9	138043623	138200944	3	2	1
d87598b3-ed09-5dde-b303-4c5f1e4316ba	chr10	45792	69680265	2	2	0
d87598b3-ed09-5dde-b303-4c5f1e4316ba	chr10	69680454	69686805	4	3	1
d87598b3-ed09-5dde-b303-4c5f1e4316ba	chr10	69688070	133654968	2	2	0
d87598b3-ed09-5dde-b303-4c5f1e4316ba	chr11	198510	55167778	3	2	1
d87598b3-ed09-5dde-b303-4c5f1e4316ba	chr11	55168113	58016835	4	3	1
d87598b3-ed09-5dde-b303-4c5f1e4316ba	chr11	58018545	60699702	3	2	1
d87598b3-ed09-5dde-b303-4c5f1e4316ba	chr11	60704794	62799964	4	3	1
d87598b3-ed09-5dde-b303-4c5f1e4316ba	chr11	62800164	69431765	3	2	1
d87598b3-ed09-5dde-b303-4c5f1e4316ba	chr11	69436673	79986465	2	1	1
d87598b3-ed09-5dde-b303-4c5f1e4316ba	chr11	79986936	80335020	1	1	0
d87598b3-ed09-5dde-b303-4c5f1e4316ba	chr11	80337181	80854474	2	1	1
d87598b3-ed09-5dde-b303-4c5f1e4316ba	chr11	80855353	90848747	3	2	1
d87598b3-ed09-5dde-b303-4c5f1e4316ba	chr11	90857492	96736300	4	2	2
d87598b3-ed09-5dde-b303-4c5f1e4316ba	chr11	96739184	97173570	4	3	1
d87598b3-ed09-5dde-b303-4c5f1e4316ba	chr11	97175879	103013833	4	2	2
d87598b3-ed09-5dde-b303-4c5f1e4316ba	chr11	103014453	103535157	4	3	1
d87598b3-ed09-5dde-b303-4c5f1e4316ba	chr11	103535422	121896734	4	2	2
d87598b3-ed09-5dde-b303-4c5f1e4316ba	chr11	121897237	122181990	4	3	1
d87598b3-ed09-5dde-b303-4c5f1e4316ba	chr11	122182181	135074876	4	2	2
d87598b3-ed09-5dde-b303-4c5f1e4316ba	chr12	51460	9477960	3	2	1
d87598b3-ed09-5dde-b303-4c5f1e4316ba	chr12	9481274	9562969	0	0	0
d87598b3-ed09-5dde-b303-4c5f1e4316ba	chr12	9575696	133201603	3	2	1
d87598b3-ed09-5dde-b303-4c5f1e4316ba	chr13	18452809	103313584	2	2	0
d87598b3-ed09-5dde-b303-4c5f1e4316ba	chr13	103315789	103324260	0	0	0
d87598b3-ed09-5dde-b303-4c5f1e4316ba	chr13	103325075	114342922	2	2	0
d87598b3-ed09-5dde-b303-4c5f1e4316ba	chr14	18239283	27291435	3	2	1
d87598b3-ed09-5dde-b303-4c5f1e4316ba	chr14	27291910	106877229	4	2	2
d87598b3-ed09-5dde-b303-4c5f1e4316ba	chr15	19811075	77002264	4	2	2
d87598b3-ed09-5dde-b303-4c5f1e4316ba	chr15	77003793	77836865	4	3	1
d87598b3-ed09-5dde-b303-4c5f1e4316ba	chr15	77837819	99268555	4	2	2
d87598b3-ed09-5dde-b303-4c5f1e4316ba	chr15	99268585	99336719	2	1	1
d87598b3-ed09-5dde-b303-4c5f1e4316ba	chr15	99336737	101150114	4	2	2
d87598b3-ed09-5dde-b303-4c5f1e4316ba	chr15	101151243	101568673	5	3	2
d87598b3-ed09-5dde-b303-4c5f1e4316ba	chr15	101571821	101928837	3	2	1
d87598b3-ed09-5dde-b303-4c5f1e4316ba	chr16	10777	36048855	2	2	0
d87598b3-ed09-5dde-b303-4c5f1e4316ba	chr16	46441986	46476005	1	1	0
d87598b3-ed09-5dde-b303-4c5f1e4316ba	chr16	46481615	46640072	0	0	0
d87598b3-ed09-5dde-b303-4c5f1e4316ba	chr16	46646301	79544362	2	1	1
d87598b3-ed09-5dde-b303-4c5f1e4316ba	chr16	79546771	80501561	3	2	1
d87598b3-ed09-5dde-b303-4c5f1e4316ba	chr16	80504387	83863749	2	1	1
d87598b3-ed09-5dde-b303-4c5f1e4316ba	chr16	83864472	88335725	3	2	1
d87598b3-ed09-5dde-b303-4c5f1e4316ba	chr16	88337061	90096867	2	1	1
d87598b3-ed09-5dde-b303-4c5f1e4316ba	chr17	150733	3625688	2	2	0
d87598b3-ed09-5dde-b303-4c5f1e4316ba	chr17	3628196	4421113	8	8	0
d87598b3-ed09-5dde-b303-4c5f1e4316ba	chr17	4422099	5511006	6	6	0
d87598b3-ed09-5dde-b303-4c5f1e4316ba	chr17	5512225	7602939	4	4	0
d87598b3-ed09-5dde-b303-4c5f1e4316ba	chr17	7609303	7741014	0	0	0
d87598b3-ed09-5dde-b303-4c5f1e4316ba	chr17	7741785	19480594	4	4	0
d87598b3-ed09-5dde-b303-4c5f1e4316ba	chr17	19481886	32270224	5	4	1
d87598b3-ed09-5dde-b303-4c5f1e4316ba	chr17	32271124	53599947	4	4	0
d87598b3-ed09-5dde-b303-4c5f1e4316ba	chr17	53603175	56488342	5	4	1
d87598b3-ed09-5dde-b303-4c5f1e4316ba	chr17	56489087	56495534	9	6	3
d87598b3-ed09-5dde-b303-4c5f1e4316ba	chr17	56501559	57770652	6	4	2
d87598b3-ed09-5dde-b303-4c5f1e4316ba	chr17	57776791	83091923	4	4	0
d87598b3-ed09-5dde-b303-4c5f1e4316ba	chr18	48133	8987086	2	1	1
d87598b3-ed09-5dde-b303-4c5f1e4316ba	chr18	8987429	11018538	1	1	0
d87598b3-ed09-5dde-b303-4c5f1e4316ba	chr18	11019763	13133301	10	9	1
d87598b3-ed09-5dde-b303-4c5f1e4316ba	chr18	13133578	14744696	5	4	1
d87598b3-ed09-5dde-b303-4c5f1e4316ba	chr18	14746506	15402409	2	1	1
d87598b3-ed09-5dde-b303-4c5f1e4316ba	chr18	20949392	30517602	3	2	1
d87598b3-ed09-5dde-b303-4c5f1e4316ba	chr18	30517691	31441660	2	1	1
d87598b3-ed09-5dde-b303-4c5f1e4316ba	chr18	31449511	79862356	3	2	1
d87598b3-ed09-5dde-b303-4c5f1e4316ba	chr18	79870197	80257174	4	2	2
d87598b3-ed09-5dde-b303-4c5f1e4316ba	chr19	90910	5777312	4	3	1
d87598b3-ed09-5dde-b303-4c5f1e4316ba	chr19	5785924	20554022	3	2	1
d87598b3-ed09-5dde-b303-4c5f1e4316ba	chr19	20555515	21594904	5	3	2
d87598b3-ed09-5dde-b303-4c5f1e4316ba	chr19	21597153	21946485	7	5	2
d87598b3-ed09-5dde-b303-4c5f1e4316ba	chr19	21946753	33579292	4	2	2
d87598b3-ed09-5dde-b303-4c5f1e4316ba	chr19	33579359	43209225	3	2	1
d87598b3-ed09-5dde-b303-4c5f1e4316ba	chr19	43209582	43262507	0	0	0
d87598b3-ed09-5dde-b303-4c5f1e4316ba	chr19	43262860	52365290	3	2	1
d87598b3-ed09-5dde-b303-4c5f1e4316ba	chr19	52366025	52369752	7	5	2
d87598b3-ed09-5dde-b303-4c5f1e4316ba	chr19	52370365	58586487	3	2	1
d87598b3-ed09-5dde-b303-4c5f1e4316ba	chr20	80664	64324800	2	2	0
d87598b3-ed09-5dde-b303-4c5f1e4316ba	chr21	12973348	23553971	2	2	0
d87598b3-ed09-5dde-b303-4c5f1e4316ba	chr21	23557354	44016117	4	2	2
d87598b3-ed09-5dde-b303-4c5f1e4316ba	chr21	44021174	44391402	1	1	0
d87598b3-ed09-5dde-b303-4c5f1e4316ba	chr21	44392872	46677045	2	2	0
d87598b3-ed09-5dde-b303-4c5f1e4316ba	chr22	16392123	32603178	3	3	0
d87598b3-ed09-5dde-b303-4c5f1e4316ba	chr22	32610981	50796027	2	2	0
d87598b3-ed09-5dde-b303-4c5f1e4316ba	chrX	251810	2775583	6	3	3
d87598b3-ed09-5dde-b303-4c5f1e4316ba	chrX	2776199	5211614	4	4	0
d87598b3-ed09-5dde-b303-4c5f1e4316ba	chrX	5215452	16547170	2	2	0
d87598b3-ed09-5dde-b303-4c5f1e4316ba	chrX	16547887	53311999	1	1	0
d87598b3-ed09-5dde-b303-4c5f1e4316ba	chrX	53312360	55917491	2	2	0
d87598b3-ed09-5dde-b303-4c5f1e4316ba	chrX	55921451	56783164	4	4	0
d87598b3-ed09-5dde-b303-4c5f1e4316ba	chrX	56783761	84661010	1	1	0
d87598b3-ed09-5dde-b303-4c5f1e4316ba	chrX	84661182	84687656	2	2	0
d87598b3-ed09-5dde-b303-4c5f1e4316ba	chrX	84690620	156004181	1	1	0
d87598b3-ed09-5dde-b303-4c5f1e4316ba	chrY	2782397	56872112	3	3	0
