GDC_Aliquot	Chromosome	Start	End	Copy_Number	Major_Copy_Number	Minor_Copy_Number
7ba998c4-2439-5424-8a04-606898af75a9	chr1	62920	5431511	5	3	2
7ba998c4-2439-5424-8a04-606898af75a9	chr1	5431809	5676786	4	3	1
7ba998c4-2439-5424-8a04-606898af75a9	chr1	5678400	7652270	5	3	2
7ba998c4-2439-5424-8a04-606898af75a9	chr1	7657902	16253005	4	2	2
7ba998c4-2439-5424-8a04-606898af75a9	chr1	16253378	16353185	3	2	1
7ba998c4-2439-5424-8a04-606898af75a9	chr1	16356252	83637470	4	2	2
7ba998c4-2439-5424-8a04-606898af75a9	chr1	83638572	84800158	6	3	3
7ba998c4-2439-5424-8a04-606898af75a9	chr1	84801130	88373923	7	5	2
7ba998c4-2439-5424-8a04-606898af75a9	chr1	88374344	89411412	6	4	2
7ba998c4-2439-5424-8a04-606898af75a9	chr1	89412014	94520266	5	3	2
7ba998c4-2439-5424-8a04-606898af75a9	chr1	94521413	94883353	7	5	2
7ba998c4-2439-5424-8a04-606898af75a9	chr1	94883716	97376507	6	3	3
7ba998c4-2439-5424-8a04-606898af75a9	chr1	97379942	98446652	7	5	2
7ba998c4-2439-5424-8a04-606898af75a9	chr1	98448287	118290738	6	4	2
7ba998c4-2439-5424-8a04-606898af75a9	chr1	118292795	121705338	5	3	2
7ba998c4-2439-5424-8a04-606898af75a9	chr1	143541857	161961164	4	2	2
7ba998c4-2439-5424-8a04-606898af75a9	chr1	161961377	162061111	4	3	1
7ba998c4-2439-5424-8a04-606898af75a9	chr1	162061205	169644556	4	2	2
7ba998c4-2439-5424-8a04-606898af75a9	chr1	169644753	169734608	4	3	1
7ba998c4-2439-5424-8a04-606898af75a9	chr1	169735179	185495880	3	2	1
7ba998c4-2439-5424-8a04-606898af75a9	chr1	185496742	193470045	4	2	2
7ba998c4-2439-5424-8a04-606898af75a9	chr1	193470352	193497524	5	3	2
7ba998c4-2439-5424-8a04-606898af75a9	chr1	193499406	232900639	3	2	1
7ba998c4-2439-5424-8a04-606898af75a9	chr1	232901841	238562165	2	1	1
7ba998c4-2439-5424-8a04-606898af75a9	chr1	238562267	238849754	1	1	0
7ba998c4-2439-5424-8a04-606898af75a9	chr1	238849875	243326182	3	2	1
7ba998c4-2439-5424-8a04-606898af75a9	chr1	243334197	243893897	1	1	0
7ba998c4-2439-5424-8a04-606898af75a9	chr1	243894192	245495416	2	1	1
7ba998c4-2439-5424-8a04-606898af75a9	chr1	245495906	246331256	1	1	0
7ba998c4-2439-5424-8a04-606898af75a9	chr1	246334043	247451391	2	1	1
7ba998c4-2439-5424-8a04-606898af75a9	chr1	247452210	247785470	4	3	1
7ba998c4-2439-5424-8a04-606898af75a9	chr1	247786501	248930189	1	1	0
7ba998c4-2439-5424-8a04-606898af75a9	chr2	12784	876226	3	3	0
7ba998c4-2439-5424-8a04-606898af75a9	chr2	878305	1983438	5	4	1
7ba998c4-2439-5424-8a04-606898af75a9	chr2	1983566	3669977	5	3	2
7ba998c4-2439-5424-8a04-606898af75a9	chr2	3674139	4548208	4	3	1
7ba998c4-2439-5424-8a04-606898af75a9	chr2	4549471	20125958	3	2	1
7ba998c4-2439-5424-8a04-606898af75a9	chr2	20126916	22061114	4	3	1
7ba998c4-2439-5424-8a04-606898af75a9	chr2	22061715	23759902	5	3	2
7ba998c4-2439-5424-8a04-606898af75a9	chr2	23761810	24959724	5	4	1
7ba998c4-2439-5424-8a04-606898af75a9	chr2	24960093	27568688	4	2	2
7ba998c4-2439-5424-8a04-606898af75a9	chr2	27571283	41881812	5	3	2
7ba998c4-2439-5424-8a04-606898af75a9	chr2	41882331	41909072	3	2	1
7ba998c4-2439-5424-8a04-606898af75a9	chr2	41909107	54432037	5	3	2
7ba998c4-2439-5424-8a04-606898af75a9	chr2	54432176	54809239	5	4	1
7ba998c4-2439-5424-8a04-606898af75a9	chr2	54809636	81013578	5	3	2
7ba998c4-2439-5424-8a04-606898af75a9	chr2	81015776	81707483	5	4	1
7ba998c4-2439-5424-8a04-606898af75a9	chr2	81707752	85972504	4	2	2
7ba998c4-2439-5424-8a04-606898af75a9	chr2	85975118	86366929	4	3	1
7ba998c4-2439-5424-8a04-606898af75a9	chr2	86370053	126610853	5	3	2
7ba998c4-2439-5424-8a04-606898af75a9	chr2	126611034	126746321	6	4	2
7ba998c4-2439-5424-8a04-606898af75a9	chr2	126748919	143338010	4	2	2
7ba998c4-2439-5424-8a04-606898af75a9	chr2	143338119	147696236	5	3	2
7ba998c4-2439-5424-8a04-606898af75a9	chr2	147696775	160992698	4	2	2
7ba998c4-2439-5424-8a04-606898af75a9	chr2	160994381	166649519	5	3	2
7ba998c4-2439-5424-8a04-606898af75a9	chr2	166649592	166687689	3	2	1
7ba998c4-2439-5424-8a04-606898af75a9	chr2	166699682	193767970	4	2	2
7ba998c4-2439-5424-8a04-606898af75a9	chr2	193769288	195444571	4	3	1
7ba998c4-2439-5424-8a04-606898af75a9	chr2	195444646	195618546	5	3	2
7ba998c4-2439-5424-8a04-606898af75a9	chr2	195619468	195679160	5	4	1
7ba998c4-2439-5424-8a04-606898af75a9	chr2	195680301	196458496	2	2	0
7ba998c4-2439-5424-8a04-606898af75a9	chr2	196460362	209251625	4	2	2
7ba998c4-2439-5424-8a04-606898af75a9	chr2	209253289	209290245	3	2	1
7ba998c4-2439-5424-8a04-606898af75a9	chr2	209291574	229982005	4	2	2
7ba998c4-2439-5424-8a04-606898af75a9	chr2	229988327	230311348	1	1	0
7ba998c4-2439-5424-8a04-606898af75a9	chr2	230312153	239027349	4	2	2
7ba998c4-2439-5424-8a04-606898af75a9	chr2	239027985	239793056	5	3	2
7ba998c4-2439-5424-8a04-606898af75a9	chr2	239793675	242147305	2	2	0
7ba998c4-2439-5424-8a04-606898af75a9	chr3	20930	13608262	3	2	1
7ba998c4-2439-5424-8a04-606898af75a9	chr3	13608420	13684807	6	4	2
7ba998c4-2439-5424-8a04-606898af75a9	chr3	13684835	24872354	3	2	1
7ba998c4-2439-5424-8a04-606898af75a9	chr3	24873059	26055447	4	3	1
7ba998c4-2439-5424-8a04-606898af75a9	chr3	26057190	93861340	3	2	1
7ba998c4-2439-5424-8a04-606898af75a9	chr3	93864311	102213137	4	2	2
7ba998c4-2439-5424-8a04-606898af75a9	chr3	102217294	102715773	5	4	1
7ba998c4-2439-5424-8a04-606898af75a9	chr3	102715881	114701101	4	2	2
7ba998c4-2439-5424-8a04-606898af75a9	chr3	114705330	114820958	4	3	1
7ba998c4-2439-5424-8a04-606898af75a9	chr3	114823043	115930619	4	2	2
7ba998c4-2439-5424-8a04-606898af75a9	chr3	115931555	115963007	6	3	3
7ba998c4-2439-5424-8a04-606898af75a9	chr3	115966123	117093474	4	2	2
7ba998c4-2439-5424-8a04-606898af75a9	chr3	117100268	117149316	3	2	1
7ba998c4-2439-5424-8a04-606898af75a9	chr3	117149872	117253624	1	1	0
7ba998c4-2439-5424-8a04-606898af75a9	chr3	117254432	186888071	3	2	1
7ba998c4-2439-5424-8a04-606898af75a9	chr3	186888496	190188984	4	2	2
7ba998c4-2439-5424-8a04-606898af75a9	chr3	190190973	193586395	3	2	1
7ba998c4-2439-5424-8a04-606898af75a9	chr3	193589595	196210807	4	2	2
7ba998c4-2439-5424-8a04-606898af75a9	chr3	196211106	197579641	1	1	0
7ba998c4-2439-5424-8a04-606898af75a9	chr3	197580574	198169247	2	2	0
7ba998c4-2439-5424-8a04-606898af75a9	chr4	68929	309511	1	1	0
7ba998c4-2439-5424-8a04-606898af75a9	chr4	312039	396867	2	2	0
7ba998c4-2439-5424-8a04-606898af75a9	chr4	396897	539610	1	1	0
7ba998c4-2439-5424-8a04-606898af75a9	chr4	546236	54192008	3	2	1
7ba998c4-2439-5424-8a04-606898af75a9	chr4	54196069	55163667	4	3	1
7ba998c4-2439-5424-8a04-606898af75a9	chr4	55163897	83663554	3	2	1
7ba998c4-2439-5424-8a04-606898af75a9	chr4	83663828	87949599	4	3	1
7ba998c4-2439-5424-8a04-606898af75a9	chr4	87949643	145099061	3	2	1
7ba998c4-2439-5424-8a04-606898af75a9	chr4	145099658	146858847	4	3	1
7ba998c4-2439-5424-8a04-606898af75a9	chr4	146859617	148388029	3	2	1
7ba998c4-2439-5424-8a04-606898af75a9	chr4	148388941	150386367	5	3	2
7ba998c4-2439-5424-8a04-606898af75a9	chr4	150388942	154854397	3	2	1
7ba998c4-2439-5424-8a04-606898af75a9	chr4	154854618	156769227	4	2	2
7ba998c4-2439-5424-8a04-606898af75a9	chr4	156774100	157438674	5	3	2
7ba998c4-2439-5424-8a04-606898af75a9	chr4	157440661	159970423	6	4	2
7ba998c4-2439-5424-8a04-606898af75a9	chr4	159970915	160007230	9	6	3
7ba998c4-2439-5424-8a04-606898af75a9	chr4	160008056	161872733	5	3	2
7ba998c4-2439-5424-8a04-606898af75a9	chr4	161880221	162005212	6	3	3
7ba998c4-2439-5424-8a04-606898af75a9	chr4	162009664	164534379	4	3	1
7ba998c4-2439-5424-8a04-606898af75a9	chr4	164534854	168096758	5	3	2
7ba998c4-2439-5424-8a04-606898af75a9	chr4	168098235	190106768	4	3	1
7ba998c4-2439-5424-8a04-606898af75a9	chr5	15532	6539004	5	3	2
7ba998c4-2439-5424-8a04-606898af75a9	chr5	6539026	6745762	4	3	1
7ba998c4-2439-5424-8a04-606898af75a9	chr5	6745893	9979013	5	3	2
7ba998c4-2439-5424-8a04-606898af75a9	chr5	9980062	11378705	4	2	2
7ba998c4-2439-5424-8a04-606898af75a9	chr5	11378904	38918613	5	3	2
7ba998c4-2439-5424-8a04-606898af75a9	chr5	38919001	39416137	4	3	1
7ba998c4-2439-5424-8a04-606898af75a9	chr5	39416192	58882059	4	2	2
7ba998c4-2439-5424-8a04-606898af75a9	chr5	58882256	58900766	10	5	5
7ba998c4-2439-5424-8a04-606898af75a9	chr5	58900819	59350286	4	2	2
7ba998c4-2439-5424-8a04-606898af75a9	chr5	59350527	60077222	4	3	1
7ba998c4-2439-5424-8a04-606898af75a9	chr5	60089118	88790307	4	2	2
7ba998c4-2439-5424-8a04-606898af75a9	chr5	88799968	90163507	3	2	1
7ba998c4-2439-5424-8a04-606898af75a9	chr5	90164579	96762510	4	2	2
7ba998c4-2439-5424-8a04-606898af75a9	chr5	96763054	96778343	2	1	1
7ba998c4-2439-5424-8a04-606898af75a9	chr5	96778642	120671637	4	2	2
7ba998c4-2439-5424-8a04-606898af75a9	chr5	120673756	120822138	5	3	2
7ba998c4-2439-5424-8a04-606898af75a9	chr5	120824877	133883909	4	2	2
7ba998c4-2439-5424-8a04-606898af75a9	chr5	133884837	135036821	4	3	1
7ba998c4-2439-5424-8a04-606898af75a9	chr5	135036995	138803884	4	2	2
7ba998c4-2439-5424-8a04-606898af75a9	chr5	138804459	150853898	3	2	1
7ba998c4-2439-5424-8a04-606898af75a9	chr5	150856819	151260073	4	3	1
7ba998c4-2439-5424-8a04-606898af75a9	chr5	151260113	153740704	3	2	1
7ba998c4-2439-5424-8a04-606898af75a9	chr5	153743303	153763488	1	1	0
7ba998c4-2439-5424-8a04-606898af75a9	chr5	153763889	178828653	3	2	1
7ba998c4-2439-5424-8a04-606898af75a9	chr5	178828973	178841925	1	1	0
7ba998c4-2439-5424-8a04-606898af75a9	chr5	178843809	181363319	4	3	1
7ba998c4-2439-5424-8a04-606898af75a9	chr6	149661	16644184	1	1	0
7ba998c4-2439-5424-8a04-606898af75a9	chr6	16646247	18196665	2	2	0
7ba998c4-2439-5424-8a04-606898af75a9	chr6	18200413	52645555	3	2	1
7ba998c4-2439-5424-8a04-606898af75a9	chr6	52645699	52666029	4	3	1
7ba998c4-2439-5424-8a04-606898af75a9	chr6	52669280	60352984	3	2	1
7ba998c4-2439-5424-8a04-606898af75a9	chr6	60355929	61496726	4	2	2
7ba998c4-2439-5424-8a04-606898af75a9	chr6	61496813	61974233	5	3	2
7ba998c4-2439-5424-8a04-606898af75a9	chr6	61974473	62718524	6	3	3
7ba998c4-2439-5424-8a04-606898af75a9	chr6	62722178	62890285	3	2	1
7ba998c4-2439-5424-8a04-606898af75a9	chr6	62891577	64296761	6	5	1
7ba998c4-2439-5424-8a04-606898af75a9	chr6	64297637	64333681	5	4	1
7ba998c4-2439-5424-8a04-606898af75a9	chr6	64341503	65964052	2	2	0
7ba998c4-2439-5424-8a04-606898af75a9	chr6	65968649	66640376	1	1	0
7ba998c4-2439-5424-8a04-606898af75a9	chr6	66641129	66874457	2	2	0
7ba998c4-2439-5424-8a04-606898af75a9	chr6	66878561	67439783	1	1	0
7ba998c4-2439-5424-8a04-606898af75a9	chr6	67443245	68348240	0	0	0
7ba998c4-2439-5424-8a04-606898af75a9	chr6	68348599	83780903	2	2	0
7ba998c4-2439-5424-8a04-606898af75a9	chr6	83781162	84201699	0	0	0
7ba998c4-2439-5424-8a04-606898af75a9	chr6	84202478	103000300	2	2	0
7ba998c4-2439-5424-8a04-606898af75a9	chr6	103001456	104148416	3	3	0
7ba998c4-2439-5424-8a04-606898af75a9	chr6	104148779	110333341	2	2	0
7ba998c4-2439-5424-8a04-606898af75a9	chr6	110333402	111116129	3	3	0
7ba998c4-2439-5424-8a04-606898af75a9	chr6	111116670	112048679	4	4	0
7ba998c4-2439-5424-8a04-606898af75a9	chr6	112049089	112300632	3	3	0
7ba998c4-2439-5424-8a04-606898af75a9	chr6	112301775	124339811	2	2	0
7ba998c4-2439-5424-8a04-606898af75a9	chr6	124342808	133842254	1	1	0
7ba998c4-2439-5424-8a04-606898af75a9	chr6	133844880	134801580	3	3	0
7ba998c4-2439-5424-8a04-606898af75a9	chr6	134802301	136316328	4	4	0
7ba998c4-2439-5424-8a04-606898af75a9	chr6	136316600	138729912	2	2	0
7ba998c4-2439-5424-8a04-606898af75a9	chr6	138729925	143956431	3	3	0
7ba998c4-2439-5424-8a04-606898af75a9	chr6	143956958	150304436	2	2	0
7ba998c4-2439-5424-8a04-606898af75a9	chr6	150305155	150338745	5	5	0
7ba998c4-2439-5424-8a04-606898af75a9	chr6	150339626	158952848	2	2	0
7ba998c4-2439-5424-8a04-606898af75a9	chr6	158959352	159034912	1	1	0
7ba998c4-2439-5424-8a04-606898af75a9	chr6	159038799	170741917	2	2	0
7ba998c4-2439-5424-8a04-606898af75a9	chr7	43259	3850337	5	3	2
7ba998c4-2439-5424-8a04-606898af75a9	chr7	3857002	3993929	6	3	3
7ba998c4-2439-5424-8a04-606898af75a9	chr7	3994048	4193590	5	4	1
7ba998c4-2439-5424-8a04-606898af75a9	chr7	4193724	7138755	5	3	2
7ba998c4-2439-5424-8a04-606898af75a9	chr7	7138914	18776264	3	2	1
7ba998c4-2439-5424-8a04-606898af75a9	chr7	18776341	18791642	7	5	2
7ba998c4-2439-5424-8a04-606898af75a9	chr7	18791841	21126075	4	2	2
7ba998c4-2439-5424-8a04-606898af75a9	chr7	21126114	52052825	3	2	1
7ba998c4-2439-5424-8a04-606898af75a9	chr7	52053638	55259328	5	3	2
7ba998c4-2439-5424-8a04-606898af75a9	chr7	55260055	68791698	4	2	2
7ba998c4-2439-5424-8a04-606898af75a9	chr7	68791900	70723539	4	3	1
7ba998c4-2439-5424-8a04-606898af75a9	chr7	70724237	70850887	5	3	2
7ba998c4-2439-5424-8a04-606898af75a9	chr7	70856353	78773577	4	2	2
7ba998c4-2439-5424-8a04-606898af75a9	chr7	78773754	84907449	5	3	2
7ba998c4-2439-5424-8a04-606898af75a9	chr7	84907996	123252224	4	2	2
7ba998c4-2439-5424-8a04-606898af75a9	chr7	123252285	123275562	3	2	1
7ba998c4-2439-5424-8a04-606898af75a9	chr7	123278014	130369363	4	2	2
7ba998c4-2439-5424-8a04-606898af75a9	chr7	130369998	130390081	7	4	3
7ba998c4-2439-5424-8a04-606898af75a9	chr7	130392335	134105244	4	2	2
7ba998c4-2439-5424-8a04-606898af75a9	chr7	134105258	134496471	3	2	1
7ba998c4-2439-5424-8a04-606898af75a9	chr7	134496960	141855974	4	2	2
7ba998c4-2439-5424-8a04-606898af75a9	chr7	141859040	159126782	3	2	1
7ba998c4-2439-5424-8a04-606898af75a9	chr7	159127130	159334314	2	1	1
7ba998c4-2439-5424-8a04-606898af75a9	chr8	81254	2194736	2	2	0
7ba998c4-2439-5424-8a04-606898af75a9	chr8	2194843	5698507	8	6	2
7ba998c4-2439-5424-8a04-606898af75a9	chr8	5699107	6264582	7	5	2
7ba998c4-2439-5424-8a04-606898af75a9	chr8	6265022	10249151	8	6	2
7ba998c4-2439-5424-8a04-606898af75a9	chr8	10249809	12860404	6	5	1
7ba998c4-2439-5424-8a04-606898af75a9	chr8	12860581	13237744	8	7	1
7ba998c4-2439-5424-8a04-606898af75a9	chr8	13237754	15001971	8	6	2
7ba998c4-2439-5424-8a04-606898af75a9	chr8	15002703	15097041	6	4	2
7ba998c4-2439-5424-8a04-606898af75a9	chr8	15101274	18774552	7	5	2
7ba998c4-2439-5424-8a04-606898af75a9	chr8	18774583	19105643	8	6	2
7ba998c4-2439-5424-8a04-606898af75a9	chr8	19106004	19899191	7	5	2
7ba998c4-2439-5424-8a04-606898af75a9	chr8	19899789	21212623	8	6	2
7ba998c4-2439-5424-8a04-606898af75a9	chr8	21213178	25294666	6	4	2
7ba998c4-2439-5424-8a04-606898af75a9	chr8	25295575	29393029	4	2	2
7ba998c4-2439-5424-8a04-606898af75a9	chr8	29393567	29637425	3	2	1
7ba998c4-2439-5424-8a04-606898af75a9	chr8	29639246	40387865	4	2	2
7ba998c4-2439-5424-8a04-606898af75a9	chr8	40389035	40400783	7	4	3
7ba998c4-2439-5424-8a04-606898af75a9	chr8	40401178	40976264	4	2	2
7ba998c4-2439-5424-8a04-606898af75a9	chr8	40976468	41634535	4	3	1
7ba998c4-2439-5424-8a04-606898af75a9	chr8	41643520	49380681	4	2	2
7ba998c4-2439-5424-8a04-606898af75a9	chr8	49380985	51005615	4	3	1
7ba998c4-2439-5424-8a04-606898af75a9	chr8	51006172	63628071	4	2	2
7ba998c4-2439-5424-8a04-606898af75a9	chr8	63631437	94538534	2	2	0
7ba998c4-2439-5424-8a04-606898af75a9	chr8	94542867	95686205	4	2	2
7ba998c4-2439-5424-8a04-606898af75a9	chr8	95686719	101048187	7	5	2
7ba998c4-2439-5424-8a04-606898af75a9	chr8	101050430	102040695	9	5	4
7ba998c4-2439-5424-8a04-606898af75a9	chr8	102040794	102085791	6	5	1
7ba998c4-2439-5424-8a04-606898af75a9	chr8	102086033	102793096	8	4	4
7ba998c4-2439-5424-8a04-606898af75a9	chr8	102793307	102942012	10	7	3
7ba998c4-2439-5424-8a04-606898af75a9	chr8	102944297	105248880	9	5	4
7ba998c4-2439-5424-8a04-606898af75a9	chr8	105251098	105873682	13	7	6
7ba998c4-2439-5424-8a04-606898af75a9	chr8	105874134	108819578	11	6	5
7ba998c4-2439-5424-8a04-606898af75a9	chr8	108826469	109648679	4	4	0
7ba998c4-2439-5424-8a04-606898af75a9	chr8	109648704	109700585	3	3	0
7ba998c4-2439-5424-8a04-606898af75a9	chr8	109705919	110618810	11	6	5
7ba998c4-2439-5424-8a04-606898af75a9	chr8	110628685	110661575	4	2	2
7ba998c4-2439-5424-8a04-606898af75a9	chr8	110661730	113422371	4	4	0
7ba998c4-2439-5424-8a04-606898af75a9	chr8	113422578	114412091	6	4	2
7ba998c4-2439-5424-8a04-606898af75a9	chr8	114412619	116224251	7	5	2
7ba998c4-2439-5424-8a04-606898af75a9	chr8	116225194	132943592	6	4	2
7ba998c4-2439-5424-8a04-606898af75a9	chr8	132944017	133529315	8	5	3
7ba998c4-2439-5424-8a04-606898af75a9	chr8	133530108	140094580	6	4	2
7ba998c4-2439-5424-8a04-606898af75a9	chr8	140094718	144568162	8	4	4
7ba998c4-2439-5424-8a04-606898af75a9	chr8	144568943	145072769	7	6	1
7ba998c4-2439-5424-8a04-606898af75a9	chr9	46587	1987918	5	4	1
7ba998c4-2439-5424-8a04-606898af75a9	chr9	1989033	2246286	8	5	3
7ba998c4-2439-5424-8a04-606898af75a9	chr9	2248103	4576451	8	4	4
7ba998c4-2439-5424-8a04-606898af75a9	chr9	4576680	4757981	8	5	3
7ba998c4-2439-5424-8a04-606898af75a9	chr9	4760538	5787003	10	7	3
7ba998c4-2439-5424-8a04-606898af75a9	chr9	5789984	7784772	9	5	4
7ba998c4-2439-5424-8a04-606898af75a9	chr9	7784856	9000476	10	5	5
7ba998c4-2439-5424-8a04-606898af75a9	chr9	9000709	10345719	7	4	3
7ba998c4-2439-5424-8a04-606898af75a9	chr9	10346862	12013904	8	4	4
7ba998c4-2439-5424-8a04-606898af75a9	chr9	12014496	12197586	5	4	1
7ba998c4-2439-5424-8a04-606898af75a9	chr9	12197607	14495576	8	4	4
7ba998c4-2439-5424-8a04-606898af75a9	chr9	14497425	17585701	7	4	3
7ba998c4-2439-5424-8a04-606898af75a9	chr9	17587256	28101283	4	3	1
7ba998c4-2439-5424-8a04-606898af75a9	chr9	28101543	37983660	3	2	1
7ba998c4-2439-5424-8a04-606898af75a9	chr9	37983773	41741113	4	2	2
7ba998c4-2439-5424-8a04-606898af75a9	chr9	60863881	112813966	2	2	0
7ba998c4-2439-5424-8a04-606898af75a9	chr9	112819148	113176942	4	2	2
7ba998c4-2439-5424-8a04-606898af75a9	chr9	113177155	113269306	5	4	1
7ba998c4-2439-5424-8a04-606898af75a9	chr9	113269360	121071899	5	3	2
7ba998c4-2439-5424-8a04-606898af75a9	chr9	121072921	126022386	2	2	0
7ba998c4-2439-5424-8a04-606898af75a9	chr9	126023631	129312626	1	1	0
7ba998c4-2439-5424-8a04-606898af75a9	chr9	129313998	136191173	3	3	0
7ba998c4-2439-5424-8a04-606898af75a9	chr9	136197833	138200944	4	4	0
7ba998c4-2439-5424-8a04-606898af75a9	chr10	45792	35612921	2	1	1
7ba998c4-2439-5424-8a04-606898af75a9	chr10	35618686	92228417	3	2	1
7ba998c4-2439-5424-8a04-606898af75a9	chr10	92228654	93566339	4	3	1
7ba998c4-2439-5424-8a04-606898af75a9	chr10	93567672	94069918	6	3	3
7ba998c4-2439-5424-8a04-606898af75a9	chr10	94070906	95624230	5	3	2
7ba998c4-2439-5424-8a04-606898af75a9	chr10	95624515	101518415	4	3	1
7ba998c4-2439-5424-8a04-606898af75a9	chr10	101520556	101785541	3	3	0
7ba998c4-2439-5424-8a04-606898af75a9	chr10	101796560	107330927	4	3	1
7ba998c4-2439-5424-8a04-606898af75a9	chr10	107337823	107494047	1	1	0
7ba998c4-2439-5424-8a04-606898af75a9	chr10	107494203	121673138	4	3	1
7ba998c4-2439-5424-8a04-606898af75a9	chr10	121675635	121683286	1	1	0
7ba998c4-2439-5424-8a04-606898af75a9	chr10	121683300	133654968	4	3	1
7ba998c4-2439-5424-8a04-606898af75a9	chr11	198510	4988333	3	2	1
7ba998c4-2439-5424-8a04-606898af75a9	chr11	4989675	26174621	2	1	1
7ba998c4-2439-5424-8a04-606898af75a9	chr11	26176446	28114089	3	2	1
7ba998c4-2439-5424-8a04-606898af75a9	chr11	28115812	31263723	2	2	0
7ba998c4-2439-5424-8a04-606898af75a9	chr11	31265976	33489040	3	2	1
7ba998c4-2439-5424-8a04-606898af75a9	chr11	33489628	36847315	2	2	0
7ba998c4-2439-5424-8a04-606898af75a9	chr11	36848248	37161395	2	1	1
7ba998c4-2439-5424-8a04-606898af75a9	chr11	37162173	38411450	3	2	1
7ba998c4-2439-5424-8a04-606898af75a9	chr11	38411511	43697551	4	2	2
7ba998c4-2439-5424-8a04-606898af75a9	chr11	43702082	44111347	3	2	1
7ba998c4-2439-5424-8a04-606898af75a9	chr11	44112133	44259082	2	2	0
7ba998c4-2439-5424-8a04-606898af75a9	chr11	44261747	44268086	6	5	1
7ba998c4-2439-5424-8a04-606898af75a9	chr11	44268753	44926555	2	2	0
7ba998c4-2439-5424-8a04-606898af75a9	chr11	44927645	45255431	3	3	0
7ba998c4-2439-5424-8a04-606898af75a9	chr11	45256652	46241547	2	2	0
7ba998c4-2439-5424-8a04-606898af75a9	chr11	46247838	74464187	3	2	1
7ba998c4-2439-5424-8a04-606898af75a9	chr11	74466876	74557776	2	1	1
7ba998c4-2439-5424-8a04-606898af75a9	chr11	74558585	77022803	3	2	1
7ba998c4-2439-5424-8a04-606898af75a9	chr11	77024719	77141906	4	3	1
7ba998c4-2439-5424-8a04-606898af75a9	chr11	77142737	84268265	3	2	1
7ba998c4-2439-5424-8a04-606898af75a9	chr11	84268394	84736744	1	1	0
7ba998c4-2439-5424-8a04-606898af75a9	chr11	84748428	134023375	3	2	1
7ba998c4-2439-5424-8a04-606898af75a9	chr11	134026642	135074876	2	2	0
7ba998c4-2439-5424-8a04-606898af75a9	chr12	51460	1409085	2	2	0
7ba998c4-2439-5424-8a04-606898af75a9	chr12	1413236	1551567	3	2	1
7ba998c4-2439-5424-8a04-606898af75a9	chr12	1551977	2312395	2	2	0
7ba998c4-2439-5424-8a04-606898af75a9	chr12	2313958	9477960	4	2	2
7ba998c4-2439-5424-8a04-606898af75a9	chr12	9481274	9582374	0	0	0
7ba998c4-2439-5424-8a04-606898af75a9	chr12	9583090	11350579	3	2	1
7ba998c4-2439-5424-8a04-606898af75a9	chr12	11350939	17604463	4	2	2
7ba998c4-2439-5424-8a04-606898af75a9	chr12	17604623	33154144	3	2	1
7ba998c4-2439-5424-8a04-606898af75a9	chr12	33154440	44729198	4	2	2
7ba998c4-2439-5424-8a04-606898af75a9	chr12	44736797	92668568	3	2	1
7ba998c4-2439-5424-8a04-606898af75a9	chr12	92668585	95401426	2	1	1
7ba998c4-2439-5424-8a04-606898af75a9	chr12	95402408	133201603	3	2	1
7ba998c4-2439-5424-8a04-606898af75a9	chr13	18452809	19060654	5	3	2
7ba998c4-2439-5424-8a04-606898af75a9	chr13	19060750	19491246	3	2	1
7ba998c4-2439-5424-8a04-606898af75a9	chr13	19495623	20932196	2	2	0
7ba998c4-2439-5424-8a04-606898af75a9	chr13	20932283	21082279	1	1	0
7ba998c4-2439-5424-8a04-606898af75a9	chr13	21084727	48264676	2	2	0
7ba998c4-2439-5424-8a04-606898af75a9	chr13	48264752	50917682	0	0	0
7ba998c4-2439-5424-8a04-606898af75a9	chr13	50917826	53550323	2	2	0
7ba998c4-2439-5424-8a04-606898af75a9	chr13	53550499	53640746	4	4	0
7ba998c4-2439-5424-8a04-606898af75a9	chr13	53641815	68368485	2	2	0
7ba998c4-2439-5424-8a04-606898af75a9	chr13	68368715	78141265	6	3	3
7ba998c4-2439-5424-8a04-606898af75a9	chr13	78141889	78952001	7	4	3
7ba998c4-2439-5424-8a04-606898af75a9	chr13	78952037	86125682	6	3	3
7ba998c4-2439-5424-8a04-606898af75a9	chr13	86129597	92224694	5	3	2
7ba998c4-2439-5424-8a04-606898af75a9	chr13	92225462	96368155	7	4	3
7ba998c4-2439-5424-8a04-606898af75a9	chr13	96368451	101808788	5	3	2
7ba998c4-2439-5424-8a04-606898af75a9	chr13	101808934	105261330	7	4	3
7ba998c4-2439-5424-8a04-606898af75a9	chr13	105262780	106766502	6	3	3
7ba998c4-2439-5424-8a04-606898af75a9	chr13	106767166	106793931	10	7	3
7ba998c4-2439-5424-8a04-606898af75a9	chr13	106794629	114342922	7	4	3
7ba998c4-2439-5424-8a04-606898af75a9	chr14	18239283	22632004	4	2	2
7ba998c4-2439-5424-8a04-606898af75a9	chr14	22633534	22644437	8	4	4
7ba998c4-2439-5424-8a04-606898af75a9	chr14	22645313	26987187	4	2	2
7ba998c4-2439-5424-8a04-606898af75a9	chr14	26994923	27447841	3	2	1
7ba998c4-2439-5424-8a04-606898af75a9	chr14	27449803	33031453	4	2	2
7ba998c4-2439-5424-8a04-606898af75a9	chr14	33032111	33673875	5	3	2
7ba998c4-2439-5424-8a04-606898af75a9	chr14	33675624	37425197	4	2	2
7ba998c4-2439-5424-8a04-606898af75a9	chr14	37425262	39402962	2	2	0
7ba998c4-2439-5424-8a04-606898af75a9	chr14	39403200	39854598	4	2	2
7ba998c4-2439-5424-8a04-606898af75a9	chr14	39854680	40477342	3	2	1
7ba998c4-2439-5424-8a04-606898af75a9	chr14	40477791	55657022	4	2	2
7ba998c4-2439-5424-8a04-606898af75a9	chr14	55659480	57351931	4	3	1
7ba998c4-2439-5424-8a04-606898af75a9	chr14	57355307	61175468	5	3	2
7ba998c4-2439-5424-8a04-606898af75a9	chr14	61176327	61359189	2	1	1
7ba998c4-2439-5424-8a04-606898af75a9	chr14	61359318	61359847	4	4	0
7ba998c4-2439-5424-8a04-606898af75a9	chr14	61360551	72489882	2	2	0
7ba998c4-2439-5424-8a04-606898af75a9	chr14	72491626	73282200	4	3	1
7ba998c4-2439-5424-8a04-606898af75a9	chr14	73284019	87339560	3	3	0
7ba998c4-2439-5424-8a04-606898af75a9	chr14	87340858	87345285	1	1	0
7ba998c4-2439-5424-8a04-606898af75a9	chr14	87346663	101004236	3	3	0
7ba998c4-2439-5424-8a04-606898af75a9	chr14	101004515	106877229	4	3	1
7ba998c4-2439-5424-8a04-606898af75a9	chr15	19811075	45973717	3	2	1
7ba998c4-2439-5424-8a04-606898af75a9	chr15	45975943	45991230	1	1	0
7ba998c4-2439-5424-8a04-606898af75a9	chr15	45996377	51181816	3	2	1
7ba998c4-2439-5424-8a04-606898af75a9	chr15	51183316	51478437	2	2	0
7ba998c4-2439-5424-8a04-606898af75a9	chr15	51480242	55475950	3	2	1
7ba998c4-2439-5424-8a04-606898af75a9	chr15	55476309	61608053	4	2	2
7ba998c4-2439-5424-8a04-606898af75a9	chr15	61608390	70146633	3	2	1
7ba998c4-2439-5424-8a04-606898af75a9	chr15	70146656	74336550	4	3	1
7ba998c4-2439-5424-8a04-606898af75a9	chr15	74342028	75722974	2	2	0
7ba998c4-2439-5424-8a04-606898af75a9	chr15	75723056	77318567	2	1	1
7ba998c4-2439-5424-8a04-606898af75a9	chr15	77328575	77417676	4	3	1
7ba998c4-2439-5424-8a04-606898af75a9	chr15	77423403	82786458	2	1	1
7ba998c4-2439-5424-8a04-606898af75a9	chr15	82789686	88320112	3	2	1
7ba998c4-2439-5424-8a04-606898af75a9	chr15	88320250	101223343	4	3	1
7ba998c4-2439-5424-8a04-606898af75a9	chr15	101224764	101672715	3	2	1
7ba998c4-2439-5424-8a04-606898af75a9	chr15	101672744	101928837	1	1	0
7ba998c4-2439-5424-8a04-606898af75a9	chr16	10777	1299208	1	1	0
7ba998c4-2439-5424-8a04-606898af75a9	chr16	1299928	3391268	4	2	2
7ba998c4-2439-5424-8a04-606898af75a9	chr16	3392049	3568855	1	1	0
7ba998c4-2439-5424-8a04-606898af75a9	chr16	3577026	34126172	3	2	1
7ba998c4-2439-5424-8a04-606898af75a9	chr16	34137733	36048855	8	7	1
7ba998c4-2439-5424-8a04-606898af75a9	chr16	46441986	90096867	2	2	0
7ba998c4-2439-5424-8a04-606898af75a9	chr17	150733	3208871	4	4	0
7ba998c4-2439-5424-8a04-606898af75a9	chr17	3208981	3398503	4	3	1
7ba998c4-2439-5424-8a04-606898af75a9	chr17	3400226	3424749	0	0	0
7ba998c4-2439-5424-8a04-606898af75a9	chr17	3424979	3546148	3	3	0
7ba998c4-2439-5424-8a04-606898af75a9	chr17	3548453	7505297	4	4	0
7ba998c4-2439-5424-8a04-606898af75a9	chr17	7505675	16090854	2	2	0
7ba998c4-2439-5424-8a04-606898af75a9	chr17	16096476	16108795	6	5	1
7ba998c4-2439-5424-8a04-606898af75a9	chr17	16109377	20087507	6	3	3
7ba998c4-2439-5424-8a04-606898af75a9	chr17	20087941	22530437	4	2	2
7ba998c4-2439-5424-8a04-606898af75a9	chr17	22530697	46023352	2	2	0
7ba998c4-2439-5424-8a04-606898af75a9	chr17	46025963	46051705	4	4	0
7ba998c4-2439-5424-8a04-606898af75a9	chr17	46058441	60878315	2	2	0
7ba998c4-2439-5424-8a04-606898af75a9	chr17	60880059	68749572	6	3	3
7ba998c4-2439-5424-8a04-606898af75a9	chr17	68749594	69085100	6	5	1
7ba998c4-2439-5424-8a04-606898af75a9	chr17	69085591	69878194	6	3	3
7ba998c4-2439-5424-8a04-606898af75a9	chr17	69878835	78420985	7	4	3
7ba998c4-2439-5424-8a04-606898af75a9	chr17	78424123	83091923	3	3	0
7ba998c4-2439-5424-8a04-606898af75a9	chr18	48133	5708775	2	2	0
7ba998c4-2439-5424-8a04-606898af75a9	chr18	5710832	5728999	5	5	0
7ba998c4-2439-5424-8a04-606898af75a9	chr18	5729028	15402409	3	3	0
7ba998c4-2439-5424-8a04-606898af75a9	chr18	20949392	22068485	4	3	1
7ba998c4-2439-5424-8a04-606898af75a9	chr18	22069966	33502326	4	2	2
7ba998c4-2439-5424-8a04-606898af75a9	chr18	33502688	34534912	5	3	2
7ba998c4-2439-5424-8a04-606898af75a9	chr18	34537112	80257174	4	2	2
7ba998c4-2439-5424-8a04-606898af75a9	chr19	90910	887275	2	2	0
7ba998c4-2439-5424-8a04-606898af75a9	chr19	895638	4743002	3	3	0
7ba998c4-2439-5424-8a04-606898af75a9	chr19	4749822	21382997	2	2	0
7ba998c4-2439-5424-8a04-606898af75a9	chr19	21388377	22518659	5	3	2
7ba998c4-2439-5424-8a04-606898af75a9	chr19	22519300	28992263	4	2	2
7ba998c4-2439-5424-8a04-606898af75a9	chr19	28992610	29637813	5	3	2
7ba998c4-2439-5424-8a04-606898af75a9	chr19	29637890	31379058	4	2	2
7ba998c4-2439-5424-8a04-606898af75a9	chr19	31381157	31408261	6	4	2
7ba998c4-2439-5424-8a04-606898af75a9	chr19	31408965	39318841	4	2	2
7ba998c4-2439-5424-8a04-606898af75a9	chr19	39319407	57133074	2	1	1
7ba998c4-2439-5424-8a04-606898af75a9	chr19	57133255	58124968	4	3	1
7ba998c4-2439-5424-8a04-606898af75a9	chr19	58125289	58586487	2	2	0
7ba998c4-2439-5424-8a04-606898af75a9	chr20	80664	26152675	3	2	1
7ba998c4-2439-5424-8a04-606898af75a9	chr20	26152895	51530897	4	2	2
7ba998c4-2439-5424-8a04-606898af75a9	chr20	51533921	60951629	3	2	1
7ba998c4-2439-5424-8a04-606898af75a9	chr20	60952610	64324800	4	3	1
7ba998c4-2439-5424-8a04-606898af75a9	chr21	12973348	16683843	5	3	2
7ba998c4-2439-5424-8a04-606898af75a9	chr21	16684666	16710837	3	3	0
7ba998c4-2439-5424-8a04-606898af75a9	chr21	16711036	24424374	2	2	0
7ba998c4-2439-5424-8a04-606898af75a9	chr21	24425027	24851581	0	0	0
7ba998c4-2439-5424-8a04-606898af75a9	chr21	24853788	29185330	2	2	0
7ba998c4-2439-5424-8a04-606898af75a9	chr21	29185366	29543641	4	2	2
7ba998c4-2439-5424-8a04-606898af75a9	chr21	29543953	30664223	7	5	2
7ba998c4-2439-5424-8a04-606898af75a9	chr21	30664662	34918940	4	2	2
7ba998c4-2439-5424-8a04-606898af75a9	chr21	34919902	35155058	7	5	2
7ba998c4-2439-5424-8a04-606898af75a9	chr21	35155219	39133643	8	6	2
7ba998c4-2439-5424-8a04-606898af75a9	chr21	39134268	41091096	9	7	2
7ba998c4-2439-5424-8a04-606898af75a9	chr21	41091198	41100017	14	11	3
7ba998c4-2439-5424-8a04-606898af75a9	chr21	41100710	46096115	9	7	2
7ba998c4-2439-5424-8a04-606898af75a9	chr21	46096437	46484810	1	1	0
7ba998c4-2439-5424-8a04-606898af75a9	chr21	46486207	46677045	0	0	0
7ba998c4-2439-5424-8a04-606898af75a9	chr22	16392123	27872812	5	4	1
7ba998c4-2439-5424-8a04-606898af75a9	chr22	27877300	42302794	3	2	1
7ba998c4-2439-5424-8a04-606898af75a9	chr22	42308045	50363490	2	2	0
7ba998c4-2439-5424-8a04-606898af75a9	chr22	50366227	50796027	1	1	0
7ba998c4-2439-5424-8a04-606898af75a9	chrX	251810	27664241	3	2	1
7ba998c4-2439-5424-8a04-606898af75a9	chrX	27666128	32098966	6	3	3
7ba998c4-2439-5424-8a04-606898af75a9	chrX	32099967	32672857	3	2	1
7ba998c4-2439-5424-8a04-606898af75a9	chrX	32673211	33022186	6	4	2
7ba998c4-2439-5424-8a04-606898af75a9	chrX	33022224	34164894	5	3	2
7ba998c4-2439-5424-8a04-606898af75a9	chrX	34165655	34385770	6	3	3
7ba998c4-2439-5424-8a04-606898af75a9	chrX	34388316	38513717	5	3	2
7ba998c4-2439-5424-8a04-606898af75a9	chrX	38514901	38531403	3	2	1
7ba998c4-2439-5424-8a04-606898af75a9	chrX	38531520	38538064	9	5	4
7ba998c4-2439-5424-8a04-606898af75a9	chrX	38539778	38754571	5	3	2
7ba998c4-2439-5424-8a04-606898af75a9	chrX	38755862	41251458	6	3	3
7ba998c4-2439-5424-8a04-606898af75a9	chrX	41253957	45164392	4	2	2
7ba998c4-2439-5424-8a04-606898af75a9	chrX	45165141	45175664	8	4	4
7ba998c4-2439-5424-8a04-606898af75a9	chrX	45176937	55824236	4	2	2
7ba998c4-2439-5424-8a04-606898af75a9	chrX	55825380	58086886	5	4	1
7ba998c4-2439-5424-8a04-606898af75a9	chrX	58103835	66311351	4	2	2
7ba998c4-2439-5424-8a04-606898af75a9	chrX	66312017	68364546	4	3	1
7ba998c4-2439-5424-8a04-606898af75a9	chrX	68365177	69862229	5	3	2
7ba998c4-2439-5424-8a04-606898af75a9	chrX	69862365	76693660	4	2	2
7ba998c4-2439-5424-8a04-606898af75a9	chrX	76693881	76796425	3	2	1
7ba998c4-2439-5424-8a04-606898af75a9	chrX	76798631	79414492	4	2	2
7ba998c4-2439-5424-8a04-606898af75a9	chrX	79414964	79514350	4	3	1
7ba998c4-2439-5424-8a04-606898af75a9	chrX	79514815	85336183	5	3	2
7ba998c4-2439-5424-8a04-606898af75a9	chrX	85341742	85851035	4	3	1
7ba998c4-2439-5424-8a04-606898af75a9	chrX	85851097	92364516	5	3	2
7ba998c4-2439-5424-8a04-606898af75a9	chrX	92364826	121308505	3	2	1
7ba998c4-2439-5424-8a04-606898af75a9	chrX	121309300	121324806	6	4	2
7ba998c4-2439-5424-8a04-606898af75a9	chrX	121326818	156004181	3	2	1
7ba998c4-2439-5424-8a04-606898af75a9	chrY	2782397	26653788	0	0	0
7ba998c4-2439-5424-8a04-606898af75a9	chrY	56872112	56872112	13	13	0
