GDC_Aliquot	Chromosome	Start	End	Copy_Number	Major_Copy_Number	Minor_Copy_Number
352752e9-758c-57bd-a5ac-69036d020b78	chr1	62920	20560274	2	1	1
352752e9-758c-57bd-a5ac-69036d020b78	chr1	20560287	20576669	1	1	0
352752e9-758c-57bd-a5ac-69036d020b78	chr1	20577492	48091857	2	1	1
352752e9-758c-57bd-a5ac-69036d020b78	chr1	48092857	121705338	3	2	1
352752e9-758c-57bd-a5ac-69036d020b78	chr1	143541857	156271044	2	1	1
352752e9-758c-57bd-a5ac-69036d020b78	chr1	156271391	183991166	1	1	0
352752e9-758c-57bd-a5ac-69036d020b78	chr1	183991603	186894433	2	2	0
352752e9-758c-57bd-a5ac-69036d020b78	chr1	186894497	186905473	3	3	0
352752e9-758c-57bd-a5ac-69036d020b78	chr1	186905876	199852973	2	2	0
352752e9-758c-57bd-a5ac-69036d020b78	chr1	199853731	214538003	1	1	0
352752e9-758c-57bd-a5ac-69036d020b78	chr1	214538563	219745716	2	2	0
352752e9-758c-57bd-a5ac-69036d020b78	chr1	219748408	232590163	2	1	1
352752e9-758c-57bd-a5ac-69036d020b78	chr1	232590323	233428694	3	2	1
352752e9-758c-57bd-a5ac-69036d020b78	chr1	233432190	239811357	2	1	1
352752e9-758c-57bd-a5ac-69036d020b78	chr1	239811969	248930189	3	2	1
352752e9-758c-57bd-a5ac-69036d020b78	chr2	12784	88834118	2	1	1
352752e9-758c-57bd-a5ac-69036d020b78	chr2	88836539	89118119	7	7	0
352752e9-758c-57bd-a5ac-69036d020b78	chr2	89119438	100472962	2	1	1
352752e9-758c-57bd-a5ac-69036d020b78	chr2	100473220	100497034	1	1	0
352752e9-758c-57bd-a5ac-69036d020b78	chr2	100497166	103940691	2	1	1
352752e9-758c-57bd-a5ac-69036d020b78	chr2	103947436	104578995	1	1	0
352752e9-758c-57bd-a5ac-69036d020b78	chr2	104585561	111197908	2	1	1
352752e9-758c-57bd-a5ac-69036d020b78	chr2	111204165	126618752	1	1	0
352752e9-758c-57bd-a5ac-69036d020b78	chr2	126619173	131402361	2	1	1
352752e9-758c-57bd-a5ac-69036d020b78	chr2	131407118	131751546	1	1	0
352752e9-758c-57bd-a5ac-69036d020b78	chr2	131752100	132728921	2	1	1
352752e9-758c-57bd-a5ac-69036d020b78	chr2	132729530	135527722	1	1	0
352752e9-758c-57bd-a5ac-69036d020b78	chr2	135537119	140108378	2	1	1
352752e9-758c-57bd-a5ac-69036d020b78	chr2	140108694	150478649	1	1	0
352752e9-758c-57bd-a5ac-69036d020b78	chr2	150479134	151550594	2	1	1
352752e9-758c-57bd-a5ac-69036d020b78	chr2	151551389	173000556	1	1	0
352752e9-758c-57bd-a5ac-69036d020b78	chr2	173000938	184845858	2	1	1
352752e9-758c-57bd-a5ac-69036d020b78	chr2	184854447	242147305	1	1	0
352752e9-758c-57bd-a5ac-69036d020b78	chr3	20930	45333578	2	1	1
352752e9-758c-57bd-a5ac-69036d020b78	chr3	45334269	45750717	1	1	0
352752e9-758c-57bd-a5ac-69036d020b78	chr3	45752603	45790560	2	1	1
352752e9-758c-57bd-a5ac-69036d020b78	chr3	45790576	60475897	1	1	0
352752e9-758c-57bd-a5ac-69036d020b78	chr3	60476144	73571983	2	1	1
352752e9-758c-57bd-a5ac-69036d020b78	chr3	73575073	73584176	1	1	0
352752e9-758c-57bd-a5ac-69036d020b78	chr3	73586869	115544902	2	1	1
352752e9-758c-57bd-a5ac-69036d020b78	chr3	115550132	116114328	3	2	1
352752e9-758c-57bd-a5ac-69036d020b78	chr3	116114365	116622080	2	1	1
352752e9-758c-57bd-a5ac-69036d020b78	chr3	116629013	117033809	0	0	0
352752e9-758c-57bd-a5ac-69036d020b78	chr3	117034692	198169247	2	1	1
352752e9-758c-57bd-a5ac-69036d020b78	chr4	68929	160952848	2	1	1
352752e9-758c-57bd-a5ac-69036d020b78	chr4	160958866	160963448	0	0	0
352752e9-758c-57bd-a5ac-69036d020b78	chr4	160963756	190106768	2	1	1
352752e9-758c-57bd-a5ac-69036d020b78	chr5	15532	181363319	2	1	1
352752e9-758c-57bd-a5ac-69036d020b78	chr6	149661	375277	1	1	0
352752e9-758c-57bd-a5ac-69036d020b78	chr6	375759	38964880	2	1	1
352752e9-758c-57bd-a5ac-69036d020b78	chr6	38971948	44524111	10	9	1
352752e9-758c-57bd-a5ac-69036d020b78	chr6	44525982	46797445	11	10	1
352752e9-758c-57bd-a5ac-69036d020b78	chr6	46799908	48314485	9	8	1
352752e9-758c-57bd-a5ac-69036d020b78	chr6	48314616	48318919	5	4	1
352752e9-758c-57bd-a5ac-69036d020b78	chr6	48319040	51675324	9	8	1
352752e9-758c-57bd-a5ac-69036d020b78	chr6	51678424	53270481	8	7	1
352752e9-758c-57bd-a5ac-69036d020b78	chr6	53271096	54299281	4	3	1
352752e9-758c-57bd-a5ac-69036d020b78	chr6	54302883	61090867	1	1	0
352752e9-758c-57bd-a5ac-69036d020b78	chr6	61090931	68165183	2	1	1
352752e9-758c-57bd-a5ac-69036d020b78	chr6	68165717	68365035	2	2	0
352752e9-758c-57bd-a5ac-69036d020b78	chr6	68365316	78253172	1	1	0
352752e9-758c-57bd-a5ac-69036d020b78	chr6	78259348	78293324	0	0	0
352752e9-758c-57bd-a5ac-69036d020b78	chr6	78293764	103286954	1	1	0
352752e9-758c-57bd-a5ac-69036d020b78	chr6	103290101	103314186	5	5	0
352752e9-758c-57bd-a5ac-69036d020b78	chr6	103317795	170741917	1	1	0
352752e9-758c-57bd-a5ac-69036d020b78	chr7	43259	145555111	2	1	1
352752e9-758c-57bd-a5ac-69036d020b78	chr7	145555124	146651207	3	2	1
352752e9-758c-57bd-a5ac-69036d020b78	chr7	146651470	159334314	2	1	1
352752e9-758c-57bd-a5ac-69036d020b78	chr8	81254	3436818	3	2	1
352752e9-758c-57bd-a5ac-69036d020b78	chr8	3437290	5689766	4	3	1
352752e9-758c-57bd-a5ac-69036d020b78	chr8	5690008	8245003	3	2	1
352752e9-758c-57bd-a5ac-69036d020b78	chr8	8245309	43912083	1	1	0
352752e9-758c-57bd-a5ac-69036d020b78	chr8	43923771	55142689	5	4	1
352752e9-758c-57bd-a5ac-69036d020b78	chr8	55143692	68001795	4	3	1
352752e9-758c-57bd-a5ac-69036d020b78	chr8	68008585	87259026	5	4	1
352752e9-758c-57bd-a5ac-69036d020b78	chr8	87263721	87291842	12	6	6
352752e9-758c-57bd-a5ac-69036d020b78	chr8	87292642	87427599	9	8	1
352752e9-758c-57bd-a5ac-69036d020b78	chr8	87427731	87588365	11	6	5
352752e9-758c-57bd-a5ac-69036d020b78	chr8	87589400	103575851	4	3	1
352752e9-758c-57bd-a5ac-69036d020b78	chr8	103589015	138687758	5	4	1
352752e9-758c-57bd-a5ac-69036d020b78	chr8	138690450	145072769	4	3	1
352752e9-758c-57bd-a5ac-69036d020b78	chr9	46587	21747776	1	1	0
352752e9-758c-57bd-a5ac-69036d020b78	chr9	21747804	22137166	0	0	0
352752e9-758c-57bd-a5ac-69036d020b78	chr9	22137656	41741113	1	1	0
352752e9-758c-57bd-a5ac-69036d020b78	chr9	60863881	102085980	2	1	1
352752e9-758c-57bd-a5ac-69036d020b78	chr9	102086218	103211539	1	1	0
352752e9-758c-57bd-a5ac-69036d020b78	chr9	103212472	122555292	2	1	1
352752e9-758c-57bd-a5ac-69036d020b78	chr9	122555382	138200944	1	1	0
352752e9-758c-57bd-a5ac-69036d020b78	chr10	45792	44716049	1	1	0
352752e9-758c-57bd-a5ac-69036d020b78	chr10	44719798	44861860	2	1	1
352752e9-758c-57bd-a5ac-69036d020b78	chr10	44862350	81505541	1	1	0
352752e9-758c-57bd-a5ac-69036d020b78	chr10	81516599	82066882	2	2	0
352752e9-758c-57bd-a5ac-69036d020b78	chr10	82067050	123885866	1	1	0
352752e9-758c-57bd-a5ac-69036d020b78	chr10	123887691	133654968	2	1	1
352752e9-758c-57bd-a5ac-69036d020b78	chr11	198510	1617182	1	1	0
352752e9-758c-57bd-a5ac-69036d020b78	chr11	1620261	42684263	2	1	1
352752e9-758c-57bd-a5ac-69036d020b78	chr11	42684846	42729553	1	1	0
352752e9-758c-57bd-a5ac-69036d020b78	chr11	42729752	109337521	2	1	1
352752e9-758c-57bd-a5ac-69036d020b78	chr11	109338752	112646166	1	1	0
352752e9-758c-57bd-a5ac-69036d020b78	chr11	112649223	135074876	2	1	1
352752e9-758c-57bd-a5ac-69036d020b78	chr12	51460	133201603	2	1	1
352752e9-758c-57bd-a5ac-69036d020b78	chr13	18452809	20577421	2	1	1
352752e9-758c-57bd-a5ac-69036d020b78	chr13	20586353	114342922	1	1	0
352752e9-758c-57bd-a5ac-69036d020b78	chr14	18239283	106877229	2	1	1
352752e9-758c-57bd-a5ac-69036d020b78	chr15	19811075	58426799	2	1	1
352752e9-758c-57bd-a5ac-69036d020b78	chr15	58427108	101928837	1	1	0
352752e9-758c-57bd-a5ac-69036d020b78	chr16	10777	8876009	2	1	1
352752e9-758c-57bd-a5ac-69036d020b78	chr16	8878821	9071197	3	2	1
352752e9-758c-57bd-a5ac-69036d020b78	chr16	9071290	90096867	2	1	1
352752e9-758c-57bd-a5ac-69036d020b78	chr17	150733	7680826	1	1	0
352752e9-758c-57bd-a5ac-69036d020b78	chr17	7688443	18273775	10	9	1
352752e9-758c-57bd-a5ac-69036d020b78	chr17	18274264	27006860	8	7	1
352752e9-758c-57bd-a5ac-69036d020b78	chr17	27009727	30203040	3	2	1
352752e9-758c-57bd-a5ac-69036d020b78	chr17	30211514	79191761	2	1	1
352752e9-758c-57bd-a5ac-69036d020b78	chr17	79192442	79392394	1	1	0
352752e9-758c-57bd-a5ac-69036d020b78	chr17	79393019	83091923	2	1	1
352752e9-758c-57bd-a5ac-69036d020b78	chr18	48133	15402409	2	1	1
352752e9-758c-57bd-a5ac-69036d020b78	chr18	20949392	25091460	1	1	0
352752e9-758c-57bd-a5ac-69036d020b78	chr18	25096223	53524136	2	1	1
352752e9-758c-57bd-a5ac-69036d020b78	chr18	53526526	80257174	1	1	0
352752e9-758c-57bd-a5ac-69036d020b78	chr19	90910	22249035	1	1	0
352752e9-758c-57bd-a5ac-69036d020b78	chr19	22249712	24166236	2	1	1
352752e9-758c-57bd-a5ac-69036d020b78	chr19	24166535	30220274	3	2	1
352752e9-758c-57bd-a5ac-69036d020b78	chr19	30220335	36212303	2	1	1
352752e9-758c-57bd-a5ac-69036d020b78	chr19	36216776	49674317	1	1	0
352752e9-758c-57bd-a5ac-69036d020b78	chr19	49685266	54342067	2	1	1
352752e9-758c-57bd-a5ac-69036d020b78	chr19	54342564	58586487	1	1	0
352752e9-758c-57bd-a5ac-69036d020b78	chr20	80664	54015763	2	1	1
352752e9-758c-57bd-a5ac-69036d020b78	chr20	54015956	54059965	1	1	0
352752e9-758c-57bd-a5ac-69036d020b78	chr20	54061069	64324800	2	1	1
352752e9-758c-57bd-a5ac-69036d020b78	chr21	12973348	13842387	2	1	1
352752e9-758c-57bd-a5ac-69036d020b78	chr21	13845815	14985170	1	1	0
352752e9-758c-57bd-a5ac-69036d020b78	chr21	14985937	15118225	2	1	1
352752e9-758c-57bd-a5ac-69036d020b78	chr21	15118270	29319004	1	1	0
352752e9-758c-57bd-a5ac-69036d020b78	chr21	29319894	29822715	2	1	1
352752e9-758c-57bd-a5ac-69036d020b78	chr21	29822833	29859781	1	1	0
352752e9-758c-57bd-a5ac-69036d020b78	chr21	29861077	46677045	2	1	1
352752e9-758c-57bd-a5ac-69036d020b78	chr22	16392123	50796027	2	1	1
352752e9-758c-57bd-a5ac-69036d020b78	chrX	251810	2627552	2	1	1
352752e9-758c-57bd-a5ac-69036d020b78	chrX	2627862	2709788	3	2	1
352752e9-758c-57bd-a5ac-69036d020b78	chrX	2710375	2776199	2	1	1
352752e9-758c-57bd-a5ac-69036d020b78	chrX	2785350	89185168	0	0	0
352752e9-758c-57bd-a5ac-69036d020b78	chrX	89186136	93213815	1	1	0
352752e9-758c-57bd-a5ac-69036d020b78	chrX	93214036	155699837	0	0	0
352752e9-758c-57bd-a5ac-69036d020b78	chrX	155733777	156004181	2	1	1
352752e9-758c-57bd-a5ac-69036d020b78	chrY	2782397	26653788	2	1	1
352752e9-758c-57bd-a5ac-69036d020b78	chrY	56872112	56872112	0	0	0
