GDC_Aliquot	Chromosome	Start	End	Copy_Number	Major_Copy_Number	Minor_Copy_Number
adab2dc7-984f-5dd2-95a7-7f67b3d8b817	chr1	62920	25745258	3	2	1
adab2dc7-984f-5dd2-95a7-7f67b3d8b817	chr1	25746952	62026382	2	1	1
adab2dc7-984f-5dd2-95a7-7f67b3d8b817	chr1	62027199	62044482	1	1	0
adab2dc7-984f-5dd2-95a7-7f67b3d8b817	chr1	62044500	121705338	2	1	1
adab2dc7-984f-5dd2-95a7-7f67b3d8b817	chr1	143541857	143751765	9	6	3
adab2dc7-984f-5dd2-95a7-7f67b3d8b817	chr1	143754062	143927887	8	8	0
adab2dc7-984f-5dd2-95a7-7f67b3d8b817	chr1	143928045	152787202	3	2	1
adab2dc7-984f-5dd2-95a7-7f67b3d8b817	chr1	152789447	152796224	0	0	0
adab2dc7-984f-5dd2-95a7-7f67b3d8b817	chr1	152801429	167153749	3	2	1
adab2dc7-984f-5dd2-95a7-7f67b3d8b817	chr1	167154041	167441154	3	3	0
adab2dc7-984f-5dd2-95a7-7f67b3d8b817	chr1	167441264	213858934	3	2	1
adab2dc7-984f-5dd2-95a7-7f67b3d8b817	chr1	213862213	214103539	4	3	1
adab2dc7-984f-5dd2-95a7-7f67b3d8b817	chr1	214106388	248930189	3	2	1
adab2dc7-984f-5dd2-95a7-7f67b3d8b817	chr2	12784	3606955	3	2	1
adab2dc7-984f-5dd2-95a7-7f67b3d8b817	chr2	3608000	41739174	2	1	1
adab2dc7-984f-5dd2-95a7-7f67b3d8b817	chr2	41742456	41774412	3	2	1
adab2dc7-984f-5dd2-95a7-7f67b3d8b817	chr2	41775140	42076731	2	1	1
adab2dc7-984f-5dd2-95a7-7f67b3d8b817	chr2	42076838	42346339	3	2	1
adab2dc7-984f-5dd2-95a7-7f67b3d8b817	chr2	42348444	79336393	2	1	1
adab2dc7-984f-5dd2-95a7-7f67b3d8b817	chr2	79339356	79369603	3	2	1
adab2dc7-984f-5dd2-95a7-7f67b3d8b817	chr2	79371477	141021133	2	1	1
adab2dc7-984f-5dd2-95a7-7f67b3d8b817	chr2	141021214	141335697	1	1	0
adab2dc7-984f-5dd2-95a7-7f67b3d8b817	chr2	141336019	242147305	2	1	1
adab2dc7-984f-5dd2-95a7-7f67b3d8b817	chr3	20930	89337951	1	1	0
adab2dc7-984f-5dd2-95a7-7f67b3d8b817	chr3	89345442	89370231	0	0	0
adab2dc7-984f-5dd2-95a7-7f67b3d8b817	chr3	89370771	94806115	1	1	0
adab2dc7-984f-5dd2-95a7-7f67b3d8b817	chr3	94807220	94870427	2	2	0
adab2dc7-984f-5dd2-95a7-7f67b3d8b817	chr3	94870601	116250289	2	1	1
adab2dc7-984f-5dd2-95a7-7f67b3d8b817	chr3	116251991	117066005	1	1	0
adab2dc7-984f-5dd2-95a7-7f67b3d8b817	chr3	117067554	123411145	2	1	1
adab2dc7-984f-5dd2-95a7-7f67b3d8b817	chr3	123412407	124147938	3	2	1
adab2dc7-984f-5dd2-95a7-7f67b3d8b817	chr3	124148247	134717881	2	1	1
adab2dc7-984f-5dd2-95a7-7f67b3d8b817	chr3	134719113	134886310	2	2	0
adab2dc7-984f-5dd2-95a7-7f67b3d8b817	chr3	134888036	152650321	2	1	1
adab2dc7-984f-5dd2-95a7-7f67b3d8b817	chr3	152650538	152993643	2	2	0
adab2dc7-984f-5dd2-95a7-7f67b3d8b817	chr3	152994100	160339268	2	1	1
adab2dc7-984f-5dd2-95a7-7f67b3d8b817	chr3	160342236	161400279	2	2	0
adab2dc7-984f-5dd2-95a7-7f67b3d8b817	chr3	161405738	198169247	2	1	1
adab2dc7-984f-5dd2-95a7-7f67b3d8b817	chr4	68929	49152752	1	1	0
adab2dc7-984f-5dd2-95a7-7f67b3d8b817	chr4	49159741	190106768	2	1	1
adab2dc7-984f-5dd2-95a7-7f67b3d8b817	chr5	15532	8129723	2	1	1
adab2dc7-984f-5dd2-95a7-7f67b3d8b817	chr5	8129897	8376700	3	2	1
adab2dc7-984f-5dd2-95a7-7f67b3d8b817	chr5	8376742	11949007	2	1	1
adab2dc7-984f-5dd2-95a7-7f67b3d8b817	chr5	11949098	13745029	2	2	0
adab2dc7-984f-5dd2-95a7-7f67b3d8b817	chr5	13749843	26556479	2	1	1
adab2dc7-984f-5dd2-95a7-7f67b3d8b817	chr5	26559947	27012787	3	2	1
adab2dc7-984f-5dd2-95a7-7f67b3d8b817	chr5	27015925	50146124	2	1	1
adab2dc7-984f-5dd2-95a7-7f67b3d8b817	chr5	50151472	54961707	1	1	0
adab2dc7-984f-5dd2-95a7-7f67b3d8b817	chr5	54961984	54965492	0	0	0
adab2dc7-984f-5dd2-95a7-7f67b3d8b817	chr5	54968539	164067301	1	1	0
adab2dc7-984f-5dd2-95a7-7f67b3d8b817	chr5	164070408	164721560	0	0	0
adab2dc7-984f-5dd2-95a7-7f67b3d8b817	chr5	164723925	181363319	1	1	0
adab2dc7-984f-5dd2-95a7-7f67b3d8b817	chr6	149661	315197	1	1	0
adab2dc7-984f-5dd2-95a7-7f67b3d8b817	chr6	316401	73466281	2	1	1
adab2dc7-984f-5dd2-95a7-7f67b3d8b817	chr6	73469686	103290101	1	1	0
adab2dc7-984f-5dd2-95a7-7f67b3d8b817	chr6	103290164	103314157	3	3	0
adab2dc7-984f-5dd2-95a7-7f67b3d8b817	chr6	103314174	170741917	1	1	0
adab2dc7-984f-5dd2-95a7-7f67b3d8b817	chr7	43259	29878570	2	1	1
adab2dc7-984f-5dd2-95a7-7f67b3d8b817	chr7	29879181	29888258	1	1	0
adab2dc7-984f-5dd2-95a7-7f67b3d8b817	chr7	29896305	159334314	2	1	1
adab2dc7-984f-5dd2-95a7-7f67b3d8b817	chr8	81254	289544	18	17	1
adab2dc7-984f-5dd2-95a7-7f67b3d8b817	chr8	289671	5072374	8	7	1
adab2dc7-984f-5dd2-95a7-7f67b3d8b817	chr8	5072725	6521715	6	5	1
adab2dc7-984f-5dd2-95a7-7f67b3d8b817	chr8	6523357	6606537	4	3	1
adab2dc7-984f-5dd2-95a7-7f67b3d8b817	chr8	6609087	19129451	3	2	1
adab2dc7-984f-5dd2-95a7-7f67b3d8b817	chr8	19129837	22758637	4	3	1
adab2dc7-984f-5dd2-95a7-7f67b3d8b817	chr8	22759799	24399066	3	2	1
adab2dc7-984f-5dd2-95a7-7f67b3d8b817	chr8	24399624	26373819	6	5	1
adab2dc7-984f-5dd2-95a7-7f67b3d8b817	chr8	26392780	35096308	3	2	1
adab2dc7-984f-5dd2-95a7-7f67b3d8b817	chr8	35096518	35140634	3	3	0
adab2dc7-984f-5dd2-95a7-7f67b3d8b817	chr8	35143879	41471174	6	5	1
adab2dc7-984f-5dd2-95a7-7f67b3d8b817	chr8	41471922	43559012	3	2	1
adab2dc7-984f-5dd2-95a7-7f67b3d8b817	chr8	43561596	47210434	2	2	0
adab2dc7-984f-5dd2-95a7-7f67b3d8b817	chr8	47211046	115241893	2	1	1
adab2dc7-984f-5dd2-95a7-7f67b3d8b817	chr8	115242685	115250652	4	2	2
adab2dc7-984f-5dd2-95a7-7f67b3d8b817	chr8	115251019	119280529	2	1	1
adab2dc7-984f-5dd2-95a7-7f67b3d8b817	chr8	119281556	119588154	3	2	1
adab2dc7-984f-5dd2-95a7-7f67b3d8b817	chr8	119588604	128631250	2	1	1
adab2dc7-984f-5dd2-95a7-7f67b3d8b817	chr8	128632988	129751280	3	2	1
adab2dc7-984f-5dd2-95a7-7f67b3d8b817	chr8	129752545	145072769	2	1	1
adab2dc7-984f-5dd2-95a7-7f67b3d8b817	chr9	46587	7689155	2	1	1
adab2dc7-984f-5dd2-95a7-7f67b3d8b817	chr9	7689651	7710988	3	2	1
adab2dc7-984f-5dd2-95a7-7f67b3d8b817	chr9	7711440	41741113	2	1	1
adab2dc7-984f-5dd2-95a7-7f67b3d8b817	chr9	60863881	68614315	3	2	1
adab2dc7-984f-5dd2-95a7-7f67b3d8b817	chr9	68615153	92815664	2	1	1
adab2dc7-984f-5dd2-95a7-7f67b3d8b817	chr9	92819052	93107267	3	2	1
adab2dc7-984f-5dd2-95a7-7f67b3d8b817	chr9	93107444	138200944	2	1	1
adab2dc7-984f-5dd2-95a7-7f67b3d8b817	chr10	45792	36712899	2	1	1
adab2dc7-984f-5dd2-95a7-7f67b3d8b817	chr10	36713163	36765596	3	2	1
adab2dc7-984f-5dd2-95a7-7f67b3d8b817	chr10	36766108	133654968	2	1	1
adab2dc7-984f-5dd2-95a7-7f67b3d8b817	chr11	198510	4946420	2	1	1
adab2dc7-984f-5dd2-95a7-7f67b3d8b817	chr11	4947280	4952799	0	0	0
adab2dc7-984f-5dd2-95a7-7f67b3d8b817	chr11	4953934	135074876	2	1	1
adab2dc7-984f-5dd2-95a7-7f67b3d8b817	chr12	51460	85184311	2	1	1
adab2dc7-984f-5dd2-95a7-7f67b3d8b817	chr12	85187394	87287125	3	2	1
adab2dc7-984f-5dd2-95a7-7f67b3d8b817	chr12	87288009	133201603	2	1	1
adab2dc7-984f-5dd2-95a7-7f67b3d8b817	chr13	18452809	114342922	1	1	0
adab2dc7-984f-5dd2-95a7-7f67b3d8b817	chr14	18239283	22324711	2	1	1
adab2dc7-984f-5dd2-95a7-7f67b3d8b817	chr14	22325865	22472398	4	3	1
adab2dc7-984f-5dd2-95a7-7f67b3d8b817	chr14	22473159	56679171	2	1	1
adab2dc7-984f-5dd2-95a7-7f67b3d8b817	chr14	56681218	56694002	3	2	1
adab2dc7-984f-5dd2-95a7-7f67b3d8b817	chr14	56694221	70178025	2	1	1
adab2dc7-984f-5dd2-95a7-7f67b3d8b817	chr14	70178448	70184477	1	1	0
adab2dc7-984f-5dd2-95a7-7f67b3d8b817	chr14	70184896	99555057	2	1	1
adab2dc7-984f-5dd2-95a7-7f67b3d8b817	chr14	99555297	99556527	1	1	0
adab2dc7-984f-5dd2-95a7-7f67b3d8b817	chr14	99557059	106877229	2	1	1
adab2dc7-984f-5dd2-95a7-7f67b3d8b817	chr15	19811075	101928837	1	1	0
adab2dc7-984f-5dd2-95a7-7f67b3d8b817	chr16	10777	6294587	1	1	0
adab2dc7-984f-5dd2-95a7-7f67b3d8b817	chr16	6295882	6818872	0	0	0
adab2dc7-984f-5dd2-95a7-7f67b3d8b817	chr16	6821951	24396547	1	1	0
adab2dc7-984f-5dd2-95a7-7f67b3d8b817	chr16	24401649	30409792	3	2	1
adab2dc7-984f-5dd2-95a7-7f67b3d8b817	chr16	30411845	32419652	2	1	1
adab2dc7-984f-5dd2-95a7-7f67b3d8b817	chr16	32447834	80918915	2	2	0
adab2dc7-984f-5dd2-95a7-7f67b3d8b817	chr16	80919154	83855218	1	1	0
adab2dc7-984f-5dd2-95a7-7f67b3d8b817	chr16	83856075	83861820	0	0	0
adab2dc7-984f-5dd2-95a7-7f67b3d8b817	chr16	83862486	90096867	1	1	0
adab2dc7-984f-5dd2-95a7-7f67b3d8b817	chr17	150733	7690621	1	1	0
adab2dc7-984f-5dd2-95a7-7f67b3d8b817	chr17	7693809	7893365	4	4	0
adab2dc7-984f-5dd2-95a7-7f67b3d8b817	chr17	7897764	9721475	1	1	0
adab2dc7-984f-5dd2-95a7-7f67b3d8b817	chr17	9722438	9868916	2	2	0
adab2dc7-984f-5dd2-95a7-7f67b3d8b817	chr17	9869835	10338248	6	6	0
adab2dc7-984f-5dd2-95a7-7f67b3d8b817	chr17	10341546	11327149	7	7	0
adab2dc7-984f-5dd2-95a7-7f67b3d8b817	chr17	11329218	11785210	1	1	0
adab2dc7-984f-5dd2-95a7-7f67b3d8b817	chr17	11785489	13927788	5	5	0
adab2dc7-984f-5dd2-95a7-7f67b3d8b817	chr17	13929145	14243093	7	7	0
adab2dc7-984f-5dd2-95a7-7f67b3d8b817	chr17	14247870	14569579	14	14	0
adab2dc7-984f-5dd2-95a7-7f67b3d8b817	chr17	14570254	14615487	15	15	0
adab2dc7-984f-5dd2-95a7-7f67b3d8b817	chr17	14616297	15031076	8	8	0
adab2dc7-984f-5dd2-95a7-7f67b3d8b817	chr17	15031497	16929263	11	11	0
adab2dc7-984f-5dd2-95a7-7f67b3d8b817	chr17	16934051	18871500	16	16	0
adab2dc7-984f-5dd2-95a7-7f67b3d8b817	chr17	18872587	22736323	17	16	1
adab2dc7-984f-5dd2-95a7-7f67b3d8b817	chr17	26943491	26999934	2	2	0
adab2dc7-984f-5dd2-95a7-7f67b3d8b817	chr17	27002448	35503612	1	1	0
adab2dc7-984f-5dd2-95a7-7f67b3d8b817	chr17	35507667	35863232	2	2	0
adab2dc7-984f-5dd2-95a7-7f67b3d8b817	chr17	35864084	51667633	1	1	0
adab2dc7-984f-5dd2-95a7-7f67b3d8b817	chr17	51670198	83091923	2	2	0
adab2dc7-984f-5dd2-95a7-7f67b3d8b817	chr18	48133	351114	3	2	1
adab2dc7-984f-5dd2-95a7-7f67b3d8b817	chr18	351460	8634078	2	1	1
adab2dc7-984f-5dd2-95a7-7f67b3d8b817	chr18	8638031	8642191	1	1	0
adab2dc7-984f-5dd2-95a7-7f67b3d8b817	chr18	8643304	80257174	2	1	1
adab2dc7-984f-5dd2-95a7-7f67b3d8b817	chr19	90910	20798819	3	2	1
adab2dc7-984f-5dd2-95a7-7f67b3d8b817	chr19	20799821	21167907	1	1	0
adab2dc7-984f-5dd2-95a7-7f67b3d8b817	chr19	21171023	24172691	2	1	1
adab2dc7-984f-5dd2-95a7-7f67b3d8b817	chr19	24173458	31181237	3	2	1
adab2dc7-984f-5dd2-95a7-7f67b3d8b817	chr19	31182206	39026777	2	1	1
adab2dc7-984f-5dd2-95a7-7f67b3d8b817	chr19	39034196	58586487	1	1	0
adab2dc7-984f-5dd2-95a7-7f67b3d8b817	chr20	80664	1959499	2	1	1
adab2dc7-984f-5dd2-95a7-7f67b3d8b817	chr20	1959858	1966633	3	2	1
adab2dc7-984f-5dd2-95a7-7f67b3d8b817	chr20	1970445	64324800	2	1	1
adab2dc7-984f-5dd2-95a7-7f67b3d8b817	chr21	12973348	46677045	2	1	1
adab2dc7-984f-5dd2-95a7-7f67b3d8b817	chr22	16392123	17481548	2	1	1
adab2dc7-984f-5dd2-95a7-7f67b3d8b817	chr22	17483095	17823031	3	2	1
adab2dc7-984f-5dd2-95a7-7f67b3d8b817	chr22	17824868	18947964	2	1	1
adab2dc7-984f-5dd2-95a7-7f67b3d8b817	chr22	18950000	20262664	3	2	1
adab2dc7-984f-5dd2-95a7-7f67b3d8b817	chr22	20262679	22341713	2	1	1
adab2dc7-984f-5dd2-95a7-7f67b3d8b817	chr22	22344037	22770258	3	2	1
adab2dc7-984f-5dd2-95a7-7f67b3d8b817	chr22	22770599	24489255	4	3	1
adab2dc7-984f-5dd2-95a7-7f67b3d8b817	chr22	24489781	25040937	3	2	1
adab2dc7-984f-5dd2-95a7-7f67b3d8b817	chr22	25043778	25199901	4	3	1
adab2dc7-984f-5dd2-95a7-7f67b3d8b817	chr22	25200254	50244228	1	1	0
adab2dc7-984f-5dd2-95a7-7f67b3d8b817	chr22	50249919	50478795	0	0	0
adab2dc7-984f-5dd2-95a7-7f67b3d8b817	chr22	50483265	50796027	1	1	0
adab2dc7-984f-5dd2-95a7-7f67b3d8b817	chrX	251810	490407	2	1	1
adab2dc7-984f-5dd2-95a7-7f67b3d8b817	chrX	507629	2634737	3	2	1
adab2dc7-984f-5dd2-95a7-7f67b3d8b817	chrX	2639107	2649506	5	3	2
adab2dc7-984f-5dd2-95a7-7f67b3d8b817	chrX	2649606	2785350	3	2	1
adab2dc7-984f-5dd2-95a7-7f67b3d8b817	chrX	2785592	4051768	2	2	0
adab2dc7-984f-5dd2-95a7-7f67b3d8b817	chrX	4051838	6582783	3	3	0
adab2dc7-984f-5dd2-95a7-7f67b3d8b817	chrX	6583509	28387841	2	2	0
adab2dc7-984f-5dd2-95a7-7f67b3d8b817	chrX	28393601	29433148	3	3	0
adab2dc7-984f-5dd2-95a7-7f67b3d8b817	chrX	29433910	50506685	2	2	0
adab2dc7-984f-5dd2-95a7-7f67b3d8b817	chrX	50508356	54820304	3	3	0
adab2dc7-984f-5dd2-95a7-7f67b3d8b817	chrX	54824891	57137852	5	5	0
adab2dc7-984f-5dd2-95a7-7f67b3d8b817	chrX	57138079	58477524	3	3	0
adab2dc7-984f-5dd2-95a7-7f67b3d8b817	chrX	58477663	156004181	1	1	0
adab2dc7-984f-5dd2-95a7-7f67b3d8b817	chrY	2782397	26653788	2	2	0
adab2dc7-984f-5dd2-95a7-7f67b3d8b817	chrY	56872112	56872112	6	6	0
