GDC_Aliquot	Chromosome	Start	End	Copy_Number	Major_Copy_Number	Minor_Copy_Number
b39bd627-78f7-5413-aa50-35ae24077b02	chr1	62920	1737662	4	4	0
b39bd627-78f7-5413-aa50-35ae24077b02	chr1	1737717	18362758	3	2	1
b39bd627-78f7-5413-aa50-35ae24077b02	chr1	18363011	20241474	4	2	2
b39bd627-78f7-5413-aa50-35ae24077b02	chr1	20244326	20249442	14	9	5
b39bd627-78f7-5413-aa50-35ae24077b02	chr1	20249763	22630404	6	3	3
b39bd627-78f7-5413-aa50-35ae24077b02	chr1	22630785	56982067	4	2	2
b39bd627-78f7-5413-aa50-35ae24077b02	chr1	56982088	75245106	5	3	2
b39bd627-78f7-5413-aa50-35ae24077b02	chr1	75245818	75249898	1	1	0
b39bd627-78f7-5413-aa50-35ae24077b02	chr1	75251240	77772085	6	3	3
b39bd627-78f7-5413-aa50-35ae24077b02	chr1	77774432	80912571	7	5	2
b39bd627-78f7-5413-aa50-35ae24077b02	chr1	80913084	80935244	12	8	4
b39bd627-78f7-5413-aa50-35ae24077b02	chr1	80935429	89263031	6	4	2
b39bd627-78f7-5413-aa50-35ae24077b02	chr1	89264267	94620371	6	3	3
b39bd627-78f7-5413-aa50-35ae24077b02	chr1	94620403	94635769	13	7	6
b39bd627-78f7-5413-aa50-35ae24077b02	chr1	94636361	102003756	6	3	3
b39bd627-78f7-5413-aa50-35ae24077b02	chr1	102003830	108927664	7	5	2
b39bd627-78f7-5413-aa50-35ae24077b02	chr1	108928038	117924916	6	3	3
b39bd627-78f7-5413-aa50-35ae24077b02	chr1	117925016	121705338	7	5	2
b39bd627-78f7-5413-aa50-35ae24077b02	chr1	143541857	156226977	4	2	2
b39bd627-78f7-5413-aa50-35ae24077b02	chr1	156228642	176559165	5	3	2
b39bd627-78f7-5413-aa50-35ae24077b02	chr1	176561908	179151398	6	3	3
b39bd627-78f7-5413-aa50-35ae24077b02	chr1	179151520	180043094	5	3	2
b39bd627-78f7-5413-aa50-35ae24077b02	chr1	180044100	183629398	6	3	3
b39bd627-78f7-5413-aa50-35ae24077b02	chr1	183629851	192609862	5	4	1
b39bd627-78f7-5413-aa50-35ae24077b02	chr1	192609876	192620372	0	0	0
b39bd627-78f7-5413-aa50-35ae24077b02	chr1	192626359	196135852	4	3	1
b39bd627-78f7-5413-aa50-35ae24077b02	chr1	196135968	197057542	5	4	1
b39bd627-78f7-5413-aa50-35ae24077b02	chr1	197057765	206643556	4	3	1
b39bd627-78f7-5413-aa50-35ae24077b02	chr1	206647192	214791758	3	3	0
b39bd627-78f7-5413-aa50-35ae24077b02	chr1	214792114	214800147	10	10	0
b39bd627-78f7-5413-aa50-35ae24077b02	chr1	214801395	221257011	4	4	0
b39bd627-78f7-5413-aa50-35ae24077b02	chr1	221257253	232173797	3	3	0
b39bd627-78f7-5413-aa50-35ae24077b02	chr1	232174108	232361452	4	4	0
b39bd627-78f7-5413-aa50-35ae24077b02	chr1	232365225	233478227	3	3	0
b39bd627-78f7-5413-aa50-35ae24077b02	chr1	233478342	233990033	4	4	0
b39bd627-78f7-5413-aa50-35ae24077b02	chr1	233990770	234447137	5	5	0
b39bd627-78f7-5413-aa50-35ae24077b02	chr1	234449180	243722546	4	4	0
b39bd627-78f7-5413-aa50-35ae24077b02	chr1	243723371	244353936	5	5	0
b39bd627-78f7-5413-aa50-35ae24077b02	chr1	244354089	248930189	2	2	0
b39bd627-78f7-5413-aa50-35ae24077b02	chr2	12784	139173	0	0	0
b39bd627-78f7-5413-aa50-35ae24077b02	chr2	139574	1095973	2	2	0
b39bd627-78f7-5413-aa50-35ae24077b02	chr2	1096101	2862136	4	4	0
b39bd627-78f7-5413-aa50-35ae24077b02	chr2	2862703	2870280	10	8	2
b39bd627-78f7-5413-aa50-35ae24077b02	chr2	2870359	3117314	4	4	0
b39bd627-78f7-5413-aa50-35ae24077b02	chr2	3117542	3763577	3	3	0
b39bd627-78f7-5413-aa50-35ae24077b02	chr2	3764949	3773662	6	6	0
b39bd627-78f7-5413-aa50-35ae24077b02	chr2	3776231	34492601	3	3	0
b39bd627-78f7-5413-aa50-35ae24077b02	chr2	34492775	34511990	0	0	0
b39bd627-78f7-5413-aa50-35ae24077b02	chr2	34512096	58903541	3	3	0
b39bd627-78f7-5413-aa50-35ae24077b02	chr2	58904352	78463209	5	5	0
b39bd627-78f7-5413-aa50-35ae24077b02	chr2	78463673	85344343	4	4	0
b39bd627-78f7-5413-aa50-35ae24077b02	chr2	85347139	88831554	5	5	0
b39bd627-78f7-5413-aa50-35ae24077b02	chr2	88833611	89118119	18	18	0
b39bd627-78f7-5413-aa50-35ae24077b02	chr2	89119438	95107895	8	7	1
b39bd627-78f7-5413-aa50-35ae24077b02	chr2	95108744	102822046	5	4	1
b39bd627-78f7-5413-aa50-35ae24077b02	chr2	102825558	115346335	4	4	0
b39bd627-78f7-5413-aa50-35ae24077b02	chr2	115348147	119297060	5	5	0
b39bd627-78f7-5413-aa50-35ae24077b02	chr2	119298473	147642850	4	4	0
b39bd627-78f7-5413-aa50-35ae24077b02	chr2	147646073	147675248	8	7	1
b39bd627-78f7-5413-aa50-35ae24077b02	chr2	147677266	165279110	4	4	0
b39bd627-78f7-5413-aa50-35ae24077b02	chr2	165280519	215662748	3	3	0
b39bd627-78f7-5413-aa50-35ae24077b02	chr2	215664134	217301748	5	5	0
b39bd627-78f7-5413-aa50-35ae24077b02	chr2	217301962	218777878	4	4	0
b39bd627-78f7-5413-aa50-35ae24077b02	chr2	218782764	235477108	2	2	0
b39bd627-78f7-5413-aa50-35ae24077b02	chr2	235477838	242147305	1	1	0
b39bd627-78f7-5413-aa50-35ae24077b02	chr3	20930	1937876	6	6	0
b39bd627-78f7-5413-aa50-35ae24077b02	chr3	1938341	4051238	1	1	0
b39bd627-78f7-5413-aa50-35ae24077b02	chr3	4051528	21522857	2	2	0
b39bd627-78f7-5413-aa50-35ae24077b02	chr3	21523225	37456188	3	3	0
b39bd627-78f7-5413-aa50-35ae24077b02	chr3	37456719	37607163	4	4	0
b39bd627-78f7-5413-aa50-35ae24077b02	chr3	37608522	60076972	3	3	0
b39bd627-78f7-5413-aa50-35ae24077b02	chr3	60077493	62676927	4	4	0
b39bd627-78f7-5413-aa50-35ae24077b02	chr3	62677178	79208925	2	2	0
b39bd627-78f7-5413-aa50-35ae24077b02	chr3	79209361	87771472	3	3	0
b39bd627-78f7-5413-aa50-35ae24077b02	chr3	87771959	89586720	11	11	0
b39bd627-78f7-5413-aa50-35ae24077b02	chr3	89590036	105159766	5	5	0
b39bd627-78f7-5413-aa50-35ae24077b02	chr3	105160500	120554011	0	0	0
b39bd627-78f7-5413-aa50-35ae24077b02	chr3	120555821	120690679	2	1	1
b39bd627-78f7-5413-aa50-35ae24077b02	chr3	120691173	125679591	0	0	0
b39bd627-78f7-5413-aa50-35ae24077b02	chr3	125683788	150929609	2	1	1
b39bd627-78f7-5413-aa50-35ae24077b02	chr3	150930434	153008463	1	1	0
b39bd627-78f7-5413-aa50-35ae24077b02	chr3	153017514	162790480	3	3	0
b39bd627-78f7-5413-aa50-35ae24077b02	chr3	162794869	162908784	17	17	0
b39bd627-78f7-5413-aa50-35ae24077b02	chr3	162908815	185801966	3	3	0
b39bd627-78f7-5413-aa50-35ae24077b02	chr3	185802944	198169247	2	2	0
b39bd627-78f7-5413-aa50-35ae24077b02	chr4	68929	3453009	0	0	0
b39bd627-78f7-5413-aa50-35ae24077b02	chr4	3461725	15914462	1	1	0
b39bd627-78f7-5413-aa50-35ae24077b02	chr4	15915399	16256054	3	3	0
b39bd627-78f7-5413-aa50-35ae24077b02	chr4	16257047	23836960	2	2	0
b39bd627-78f7-5413-aa50-35ae24077b02	chr4	23837886	39674152	1	1	0
b39bd627-78f7-5413-aa50-35ae24077b02	chr4	39680923	49152601	2	2	0
b39bd627-78f7-5413-aa50-35ae24077b02	chr4	49152752	53424763	9	6	3
b39bd627-78f7-5413-aa50-35ae24077b02	chr4	53426624	56114203	11	6	5
b39bd627-78f7-5413-aa50-35ae24077b02	chr4	56119193	59831913	6	3	3
b39bd627-78f7-5413-aa50-35ae24077b02	chr4	59832112	82405795	4	2	2
b39bd627-78f7-5413-aa50-35ae24077b02	chr4	82411802	87532285	3	2	1
b39bd627-78f7-5413-aa50-35ae24077b02	chr4	87532759	129113085	2	1	1
b39bd627-78f7-5413-aa50-35ae24077b02	chr4	129114600	129120294	0	0	0
b39bd627-78f7-5413-aa50-35ae24077b02	chr4	129120377	146996478	3	2	1
b39bd627-78f7-5413-aa50-35ae24077b02	chr4	146997947	180558712	2	1	1
b39bd627-78f7-5413-aa50-35ae24077b02	chr4	180559085	189852089	1	1	0
b39bd627-78f7-5413-aa50-35ae24077b02	chr4	189854489	190106768	3	3	0
b39bd627-78f7-5413-aa50-35ae24077b02	chr5	15532	29509835	6	3	3
b39bd627-78f7-5413-aa50-35ae24077b02	chr5	29510529	34633952	5	3	2
b39bd627-78f7-5413-aa50-35ae24077b02	chr5	34634285	36426284	6	3	3
b39bd627-78f7-5413-aa50-35ae24077b02	chr5	36426309	36438401	12	6	6
b39bd627-78f7-5413-aa50-35ae24077b02	chr5	36438845	37382706	6	3	3
b39bd627-78f7-5413-aa50-35ae24077b02	chr5	37400521	50146124	8	4	4
b39bd627-78f7-5413-aa50-35ae24077b02	chr5	50151472	125797138	2	2	0
b39bd627-78f7-5413-aa50-35ae24077b02	chr5	125797325	125819452	6	5	1
b39bd627-78f7-5413-aa50-35ae24077b02	chr5	125819516	150128912	2	2	0
b39bd627-78f7-5413-aa50-35ae24077b02	chr5	150128981	150215547	4	4	0
b39bd627-78f7-5413-aa50-35ae24077b02	chr5	150216816	152617659	2	2	0
b39bd627-78f7-5413-aa50-35ae24077b02	chr5	152618131	155648013	5	5	0
b39bd627-78f7-5413-aa50-35ae24077b02	chr5	155648356	170532888	4	4	0
b39bd627-78f7-5413-aa50-35ae24077b02	chr5	170536899	181363319	3	3	0
b39bd627-78f7-5413-aa50-35ae24077b02	chr6	149661	382559	4	2	2
b39bd627-78f7-5413-aa50-35ae24077b02	chr6	382897	21342866	2	2	0
b39bd627-78f7-5413-aa50-35ae24077b02	chr6	21343442	21387621	4	4	0
b39bd627-78f7-5413-aa50-35ae24077b02	chr6	21387686	36694634	3	3	0
b39bd627-78f7-5413-aa50-35ae24077b02	chr6	36697235	37051382	12	9	3
b39bd627-78f7-5413-aa50-35ae24077b02	chr6	37053484	39838001	14	12	2
b39bd627-78f7-5413-aa50-35ae24077b02	chr6	39841929	44165912	19	16	3
b39bd627-78f7-5413-aa50-35ae24077b02	chr6	44170552	44752113	20	17	3
b39bd627-78f7-5413-aa50-35ae24077b02	chr6	44762440	49014138	24	21	3
b39bd627-78f7-5413-aa50-35ae24077b02	chr6	49017013	51716601	13	10	3
b39bd627-78f7-5413-aa50-35ae24077b02	chr6	51722382	54645014	11	8	3
b39bd627-78f7-5413-aa50-35ae24077b02	chr6	54645101	57159293	13	9	4
b39bd627-78f7-5413-aa50-35ae24077b02	chr6	57165985	57791386	21	16	5
b39bd627-78f7-5413-aa50-35ae24077b02	chr6	57793037	58400901	14	7	7
b39bd627-78f7-5413-aa50-35ae24077b02	chr6	58401230	64053863	8	8	0
b39bd627-78f7-5413-aa50-35ae24077b02	chr6	64053953	65924018	11	11	0
b39bd627-78f7-5413-aa50-35ae24077b02	chr6	65929706	71641867	7	7	0
b39bd627-78f7-5413-aa50-35ae24077b02	chr6	71651460	71653621	2	2	0
b39bd627-78f7-5413-aa50-35ae24077b02	chr6	71653917	71657973	7	6	1
b39bd627-78f7-5413-aa50-35ae24077b02	chr6	71658720	77583601	3	3	0
b39bd627-78f7-5413-aa50-35ae24077b02	chr6	77588859	103286954	2	2	0
b39bd627-78f7-5413-aa50-35ae24077b02	chr6	103290101	103314157	12	12	0
b39bd627-78f7-5413-aa50-35ae24077b02	chr6	103314174	109203879	2	2	0
b39bd627-78f7-5413-aa50-35ae24077b02	chr6	109204386	109268704	3	3	0
b39bd627-78f7-5413-aa50-35ae24077b02	chr6	109269522	118272145	2	2	0
b39bd627-78f7-5413-aa50-35ae24077b02	chr6	118278637	120263785	6	6	0
b39bd627-78f7-5413-aa50-35ae24077b02	chr6	120264352	122357041	2	2	0
b39bd627-78f7-5413-aa50-35ae24077b02	chr6	122357115	122365436	7	6	1
b39bd627-78f7-5413-aa50-35ae24077b02	chr6	122365441	127044952	3	3	0
b39bd627-78f7-5413-aa50-35ae24077b02	chr6	127054960	138916951	2	2	0
b39bd627-78f7-5413-aa50-35ae24077b02	chr6	138917462	170741917	3	3	0
b39bd627-78f7-5413-aa50-35ae24077b02	chr7	43259	98954	9	7	2
b39bd627-78f7-5413-aa50-35ae24077b02	chr7	98977	114291	21	11	10
b39bd627-78f7-5413-aa50-35ae24077b02	chr7	116066	1788402	9	5	4
b39bd627-78f7-5413-aa50-35ae24077b02	chr7	1790199	8952380	6	4	2
b39bd627-78f7-5413-aa50-35ae24077b02	chr7	8952743	9887400	7	5	2
b39bd627-78f7-5413-aa50-35ae24077b02	chr7	9888493	15848421	2	1	1
b39bd627-78f7-5413-aa50-35ae24077b02	chr7	15851170	28261084	3	2	1
b39bd627-78f7-5413-aa50-35ae24077b02	chr7	28261482	40806203	4	3	1
b39bd627-78f7-5413-aa50-35ae24077b02	chr7	40806996	52769004	6	3	3
b39bd627-78f7-5413-aa50-35ae24077b02	chr7	52770515	52829323	4	2	2
b39bd627-78f7-5413-aa50-35ae24077b02	chr7	52829743	65041135	6	3	3
b39bd627-78f7-5413-aa50-35ae24077b02	chr7	65046526	71939023	4	2	2
b39bd627-78f7-5413-aa50-35ae24077b02	chr7	71939047	80282184	3	2	1
b39bd627-78f7-5413-aa50-35ae24077b02	chr7	80285141	92160228	4	2	2
b39bd627-78f7-5413-aa50-35ae24077b02	chr7	92171070	121577512	5	3	2
b39bd627-78f7-5413-aa50-35ae24077b02	chr7	121577688	121621731	7	5	2
b39bd627-78f7-5413-aa50-35ae24077b02	chr7	121625383	133193676	4	2	2
b39bd627-78f7-5413-aa50-35ae24077b02	chr7	133199967	147854806	3	2	1
b39bd627-78f7-5413-aa50-35ae24077b02	chr7	147856201	156357328	4	2	2
b39bd627-78f7-5413-aa50-35ae24077b02	chr7	156357850	159334314	3	2	1
b39bd627-78f7-5413-aa50-35ae24077b02	chr8	81254	2770677	3	3	0
b39bd627-78f7-5413-aa50-35ae24077b02	chr8	2773034	3912464	4	4	0
b39bd627-78f7-5413-aa50-35ae24077b02	chr8	3912594	12616049	1	1	0
b39bd627-78f7-5413-aa50-35ae24077b02	chr8	12616143	12720581	5	5	0
b39bd627-78f7-5413-aa50-35ae24077b02	chr8	12727927	16828911	1	1	0
b39bd627-78f7-5413-aa50-35ae24077b02	chr8	16829054	35677083	3	2	1
b39bd627-78f7-5413-aa50-35ae24077b02	chr8	35677123	40389035	4	2	2
b39bd627-78f7-5413-aa50-35ae24077b02	chr8	40396041	40441580	8	4	4
b39bd627-78f7-5413-aa50-35ae24077b02	chr8	40442940	43912083	4	2	2
b39bd627-78f7-5413-aa50-35ae24077b02	chr8	43923771	49213063	6	3	3
b39bd627-78f7-5413-aa50-35ae24077b02	chr8	49213091	52102279	5	3	2
b39bd627-78f7-5413-aa50-35ae24077b02	chr8	52103122	54531984	4	2	2
b39bd627-78f7-5413-aa50-35ae24077b02	chr8	54533008	55150361	2	1	1
b39bd627-78f7-5413-aa50-35ae24077b02	chr8	55151160	55484889	2	2	0
b39bd627-78f7-5413-aa50-35ae24077b02	chr8	55487825	92685039	3	3	0
b39bd627-78f7-5413-aa50-35ae24077b02	chr8	92704865	95935332	10	10	0
b39bd627-78f7-5413-aa50-35ae24077b02	chr8	95935599	96376067	6	6	0
b39bd627-78f7-5413-aa50-35ae24077b02	chr8	96377546	103589015	7	7	0
b39bd627-78f7-5413-aa50-35ae24077b02	chr8	103592469	111653343	8	8	0
b39bd627-78f7-5413-aa50-35ae24077b02	chr8	111653810	113990213	10	10	0
b39bd627-78f7-5413-aa50-35ae24077b02	chr8	113994948	115113207	14	14	0
b39bd627-78f7-5413-aa50-35ae24077b02	chr8	115113909	118523089	8	8	0
b39bd627-78f7-5413-aa50-35ae24077b02	chr8	118523766	118540853	3	3	0
b39bd627-78f7-5413-aa50-35ae24077b02	chr8	118543121	132753326	8	8	0
b39bd627-78f7-5413-aa50-35ae24077b02	chr8	132754735	133582395	11	10	1
b39bd627-78f7-5413-aa50-35ae24077b02	chr8	133582963	138899003	9	9	0
b39bd627-78f7-5413-aa50-35ae24077b02	chr8	138899296	140590120	7	7	0
b39bd627-78f7-5413-aa50-35ae24077b02	chr8	140593086	144984198	6	6	0
b39bd627-78f7-5413-aa50-35ae24077b02	chr8	144986209	145072769	0	0	0
b39bd627-78f7-5413-aa50-35ae24077b02	chr9	46587	6367414	1	1	0
b39bd627-78f7-5413-aa50-35ae24077b02	chr9	6371422	6965101	7	7	0
b39bd627-78f7-5413-aa50-35ae24077b02	chr9	6965750	7499180	8	8	0
b39bd627-78f7-5413-aa50-35ae24077b02	chr9	7500600	8294052	10	10	0
b39bd627-78f7-5413-aa50-35ae24077b02	chr9	8299002	9239154	9	9	0
b39bd627-78f7-5413-aa50-35ae24077b02	chr9	9246647	12549348	5	5	0
b39bd627-78f7-5413-aa50-35ae24077b02	chr9	12549582	13064794	6	6	0
b39bd627-78f7-5413-aa50-35ae24077b02	chr9	13065646	16826131	4	4	0
b39bd627-78f7-5413-aa50-35ae24077b02	chr9	16826433	19515521	2	2	0
b39bd627-78f7-5413-aa50-35ae24077b02	chr9	19516282	29355043	0	0	0
b39bd627-78f7-5413-aa50-35ae24077b02	chr9	29361657	30602508	4	4	0
b39bd627-78f7-5413-aa50-35ae24077b02	chr9	30609857	31394700	6	6	0
b39bd627-78f7-5413-aa50-35ae24077b02	chr9	31396658	32142907	6	3	3
b39bd627-78f7-5413-aa50-35ae24077b02	chr9	32145132	36029949	6	5	1
b39bd627-78f7-5413-aa50-35ae24077b02	chr9	36030414	37370482	3	3	0
b39bd627-78f7-5413-aa50-35ae24077b02	chr9	37372645	41741113	2	2	0
b39bd627-78f7-5413-aa50-35ae24077b02	chr9	60863881	81106072	3	3	0
b39bd627-78f7-5413-aa50-35ae24077b02	chr9	81106273	138200944	2	2	0
b39bd627-78f7-5413-aa50-35ae24077b02	chr10	45792	1020505	4	4	0
b39bd627-78f7-5413-aa50-35ae24077b02	chr10	1022862	4310221	4	2	2
b39bd627-78f7-5413-aa50-35ae24077b02	chr10	4310433	24726000	2	2	0
b39bd627-78f7-5413-aa50-35ae24077b02	chr10	24734899	28472213	3	3	0
b39bd627-78f7-5413-aa50-35ae24077b02	chr10	28472230	35218285	4	4	0
b39bd627-78f7-5413-aa50-35ae24077b02	chr10	35225214	38253960	6	6	0
b39bd627-78f7-5413-aa50-35ae24077b02	chr10	38256665	44306225	8	7	1
b39bd627-78f7-5413-aa50-35ae24077b02	chr10	44308247	50882740	6	5	1
b39bd627-78f7-5413-aa50-35ae24077b02	chr10	50883318	52117534	12	11	1
b39bd627-78f7-5413-aa50-35ae24077b02	chr10	52118056	56056055	14	14	0
b39bd627-78f7-5413-aa50-35ae24077b02	chr10	56057304	62383597	9	9	0
b39bd627-78f7-5413-aa50-35ae24077b02	chr10	62384334	65546518	5	5	0
b39bd627-78f7-5413-aa50-35ae24077b02	chr10	65548165	65554672	0	0	0
b39bd627-78f7-5413-aa50-35ae24077b02	chr10	65554688	67385510	5	5	0
b39bd627-78f7-5413-aa50-35ae24077b02	chr10	67386967	67393457	4	3	1
b39bd627-78f7-5413-aa50-35ae24077b02	chr10	67393491	67693583	5	5	0
b39bd627-78f7-5413-aa50-35ae24077b02	chr10	67694156	78805209	2	2	0
b39bd627-78f7-5413-aa50-35ae24077b02	chr10	78805530	79925306	3	3	0
b39bd627-78f7-5413-aa50-35ae24077b02	chr10	79925514	94642105	2	2	0
b39bd627-78f7-5413-aa50-35ae24077b02	chr10	94645551	103944040	3	3	0
b39bd627-78f7-5413-aa50-35ae24077b02	chr10	103949035	104026785	0	0	0
b39bd627-78f7-5413-aa50-35ae24077b02	chr10	104027226	104846670	2	2	0
b39bd627-78f7-5413-aa50-35ae24077b02	chr10	104846683	107669408	3	3	0
b39bd627-78f7-5413-aa50-35ae24077b02	chr10	107669437	110611335	4	2	2
b39bd627-78f7-5413-aa50-35ae24077b02	chr10	110611578	131391215	3	2	1
b39bd627-78f7-5413-aa50-35ae24077b02	chr10	131391342	133654968	1	1	0
b39bd627-78f7-5413-aa50-35ae24077b02	chr11	198510	2915616	3	3	0
b39bd627-78f7-5413-aa50-35ae24077b02	chr11	2915722	3082502	5	5	0
b39bd627-78f7-5413-aa50-35ae24077b02	chr11	3083130	7467435	4	4	0
b39bd627-78f7-5413-aa50-35ae24077b02	chr11	7467641	7527598	6	5	1
b39bd627-78f7-5413-aa50-35ae24077b02	chr11	7527851	39636276	4	4	0
b39bd627-78f7-5413-aa50-35ae24077b02	chr11	39637196	54952548	3	3	0
b39bd627-78f7-5413-aa50-35ae24077b02	chr11	54953347	56062834	4	2	2
b39bd627-78f7-5413-aa50-35ae24077b02	chr11	56065073	57308211	6	5	1
b39bd627-78f7-5413-aa50-35ae24077b02	chr11	57310800	58016225	4	2	2
b39bd627-78f7-5413-aa50-35ae24077b02	chr11	58016585	60699176	1	1	0
b39bd627-78f7-5413-aa50-35ae24077b02	chr11	60699702	67508998	3	2	1
b39bd627-78f7-5413-aa50-35ae24077b02	chr11	67509325	88224698	2	1	1
b39bd627-78f7-5413-aa50-35ae24077b02	chr11	88226598	88232018	9	5	4
b39bd627-78f7-5413-aa50-35ae24077b02	chr11	88232053	106412756	3	2	1
b39bd627-78f7-5413-aa50-35ae24077b02	chr11	106412973	113238740	2	1	1
b39bd627-78f7-5413-aa50-35ae24077b02	chr11	113241351	135074876	2	2	0
b39bd627-78f7-5413-aa50-35ae24077b02	chr12	51460	369921	1	1	0
b39bd627-78f7-5413-aa50-35ae24077b02	chr12	370720	1389532	3	3	0
b39bd627-78f7-5413-aa50-35ae24077b02	chr12	1390248	6673544	4	4	0
b39bd627-78f7-5413-aa50-35ae24077b02	chr12	6675750	18161212	5	4	1
b39bd627-78f7-5413-aa50-35ae24077b02	chr12	18162387	28534810	6	3	3
b39bd627-78f7-5413-aa50-35ae24077b02	chr12	28535354	30091102	8	4	4
b39bd627-78f7-5413-aa50-35ae24077b02	chr12	30091205	33368216	6	3	3
b39bd627-78f7-5413-aa50-35ae24077b02	chr12	33373420	37875038	12	6	6
b39bd627-78f7-5413-aa50-35ae24077b02	chr12	37885541	38550353	6	3	3
b39bd627-78f7-5413-aa50-35ae24077b02	chr12	38552431	40080730	12	9	3
b39bd627-78f7-5413-aa50-35ae24077b02	chr12	40081680	41172844	8	4	4
b39bd627-78f7-5413-aa50-35ae24077b02	chr12	41174416	43169818	6	3	3
b39bd627-78f7-5413-aa50-35ae24077b02	chr12	43170778	46149716	4	2	2
b39bd627-78f7-5413-aa50-35ae24077b02	chr12	46149871	47837849	2	2	0
b39bd627-78f7-5413-aa50-35ae24077b02	chr12	47838115	52546044	3	2	1
b39bd627-78f7-5413-aa50-35ae24077b02	chr12	52546945	58181883	4	2	2
b39bd627-78f7-5413-aa50-35ae24077b02	chr12	58182138	62444534	5	3	2
b39bd627-78f7-5413-aa50-35ae24077b02	chr12	62444815	78588448	4	2	2
b39bd627-78f7-5413-aa50-35ae24077b02	chr12	78589818	88059831	3	2	1
b39bd627-78f7-5413-aa50-35ae24077b02	chr12	88059925	104055709	2	2	0
b39bd627-78f7-5413-aa50-35ae24077b02	chr12	104056282	107939677	3	3	0
b39bd627-78f7-5413-aa50-35ae24077b02	chr12	107940016	119230277	2	2	0
b39bd627-78f7-5413-aa50-35ae24077b02	chr12	119230574	131793985	4	4	0
b39bd627-78f7-5413-aa50-35ae24077b02	chr12	131794628	133085543	3	3	0
b39bd627-78f7-5413-aa50-35ae24077b02	chr12	133085623	133201603	0	0	0
b39bd627-78f7-5413-aa50-35ae24077b02	chr13	18452809	29156871	5	5	0
b39bd627-78f7-5413-aa50-35ae24077b02	chr13	29157060	62979513	2	2	0
b39bd627-78f7-5413-aa50-35ae24077b02	chr13	62979918	79158963	1	1	0
b39bd627-78f7-5413-aa50-35ae24077b02	chr13	79161925	110533327	2	2	0
b39bd627-78f7-5413-aa50-35ae24077b02	chr13	110533813	114125721	3	3	0
b39bd627-78f7-5413-aa50-35ae24077b02	chr13	114130484	114342922	1	1	0
b39bd627-78f7-5413-aa50-35ae24077b02	chr14	18239283	19964829	17	9	8
b39bd627-78f7-5413-aa50-35ae24077b02	chr14	19964885	30873965	6	3	3
b39bd627-78f7-5413-aa50-35ae24077b02	chr14	30874032	43799070	5	3	2
b39bd627-78f7-5413-aa50-35ae24077b02	chr14	43799947	50394614	3	2	1
b39bd627-78f7-5413-aa50-35ae24077b02	chr14	50394721	75459300	4	2	2
b39bd627-78f7-5413-aa50-35ae24077b02	chr14	75459594	89436623	3	2	1
b39bd627-78f7-5413-aa50-35ae24077b02	chr14	89438484	90623360	5	3	2
b39bd627-78f7-5413-aa50-35ae24077b02	chr14	90624690	99551024	7	4	3
b39bd627-78f7-5413-aa50-35ae24077b02	chr14	99551085	105219567	5	3	2
b39bd627-78f7-5413-aa50-35ae24077b02	chr14	105223755	106877229	6	5	1
b39bd627-78f7-5413-aa50-35ae24077b02	chr15	19811075	26521524	4	2	2
b39bd627-78f7-5413-aa50-35ae24077b02	chr15	26521599	27932726	5	3	2
b39bd627-78f7-5413-aa50-35ae24077b02	chr15	27932760	46452317	3	2	1
b39bd627-78f7-5413-aa50-35ae24077b02	chr15	46452504	74245348	4	2	2
b39bd627-78f7-5413-aa50-35ae24077b02	chr15	74245412	92332846	3	2	1
b39bd627-78f7-5413-aa50-35ae24077b02	chr15	92333237	92545937	4	3	1
b39bd627-78f7-5413-aa50-35ae24077b02	chr15	92548495	94366890	3	2	1
b39bd627-78f7-5413-aa50-35ae24077b02	chr15	94367122	100483151	2	1	1
b39bd627-78f7-5413-aa50-35ae24077b02	chr15	100483314	101928837	4	4	0
b39bd627-78f7-5413-aa50-35ae24077b02	chr16	10777	6215792	2	2	0
b39bd627-78f7-5413-aa50-35ae24077b02	chr16	6216524	6481393	0	0	0
b39bd627-78f7-5413-aa50-35ae24077b02	chr16	6481428	24255463	2	2	0
b39bd627-78f7-5413-aa50-35ae24077b02	chr16	24257856	32938932	3	3	0
b39bd627-78f7-5413-aa50-35ae24077b02	chr16	32944749	35504887	8	8	0
b39bd627-78f7-5413-aa50-35ae24077b02	chr16	35505200	36048855	10	8	2
b39bd627-78f7-5413-aa50-35ae24077b02	chr16	46441986	49329601	2	2	0
b39bd627-78f7-5413-aa50-35ae24077b02	chr16	49330605	60162140	3	2	1
b39bd627-78f7-5413-aa50-35ae24077b02	chr16	60164042	81663123	5	3	2
b39bd627-78f7-5413-aa50-35ae24077b02	chr16	81663751	82126274	3	2	1
b39bd627-78f7-5413-aa50-35ae24077b02	chr16	82131709	87982129	4	2	2
b39bd627-78f7-5413-aa50-35ae24077b02	chr16	87983157	90096867	3	2	1
b39bd627-78f7-5413-aa50-35ae24077b02	chr17	150733	7718146	4	4	0
b39bd627-78f7-5413-aa50-35ae24077b02	chr17	7724147	10108467	13	13	0
b39bd627-78f7-5413-aa50-35ae24077b02	chr17	10110860	14434760	7	7	0
b39bd627-78f7-5413-aa50-35ae24077b02	chr17	14434975	14439351	24	22	2
b39bd627-78f7-5413-aa50-35ae24077b02	chr17	14439449	14455128	17	16	1
b39bd627-78f7-5413-aa50-35ae24077b02	chr17	14455461	16319400	7	7	0
b39bd627-78f7-5413-aa50-35ae24077b02	chr17	16322930	16612743	17	17	0
b39bd627-78f7-5413-aa50-35ae24077b02	chr17	16619425	19013766	8	8	0
b39bd627-78f7-5413-aa50-35ae24077b02	chr17	19013924	19100750	6	6	0
b39bd627-78f7-5413-aa50-35ae24077b02	chr17	19126843	19689211	15	14	1
b39bd627-78f7-5413-aa50-35ae24077b02	chr17	19691437	19719330	7	7	0
b39bd627-78f7-5413-aa50-35ae24077b02	chr17	19719710	19728602	22	20	2
b39bd627-78f7-5413-aa50-35ae24077b02	chr17	19734227	21324731	10	10	0
b39bd627-78f7-5413-aa50-35ae24077b02	chr17	21336028	26943774	15	15	0
b39bd627-78f7-5413-aa50-35ae24077b02	chr17	26947350	37050267	2	2	0
b39bd627-78f7-5413-aa50-35ae24077b02	chr17	37050640	41305121	3	3	0
b39bd627-78f7-5413-aa50-35ae24077b02	chr17	41307306	41322114	0	0	0
b39bd627-78f7-5413-aa50-35ae24077b02	chr17	41322128	42105145	3	3	0
b39bd627-78f7-5413-aa50-35ae24077b02	chr17	42110454	46114412	2	2	0
b39bd627-78f7-5413-aa50-35ae24077b02	chr17	46117997	46203310	1	1	0
b39bd627-78f7-5413-aa50-35ae24077b02	chr17	46203331	50406205	2	2	0
b39bd627-78f7-5413-aa50-35ae24077b02	chr17	50406600	53310931	5	3	2
b39bd627-78f7-5413-aa50-35ae24077b02	chr17	53318409	69934631	3	2	1
b39bd627-78f7-5413-aa50-35ae24077b02	chr17	69935286	71519564	5	3	2
b39bd627-78f7-5413-aa50-35ae24077b02	chr17	71519849	73300206	3	2	1
b39bd627-78f7-5413-aa50-35ae24077b02	chr17	73300853	82156653	4	2	2
b39bd627-78f7-5413-aa50-35ae24077b02	chr17	82159344	83091923	2	1	1
b39bd627-78f7-5413-aa50-35ae24077b02	chr18	48133	9659379	5	4	1
b39bd627-78f7-5413-aa50-35ae24077b02	chr18	9660052	11440257	3	2	1
b39bd627-78f7-5413-aa50-35ae24077b02	chr18	11442190	11879932	5	4	1
b39bd627-78f7-5413-aa50-35ae24077b02	chr18	11882269	15402409	2	1	1
b39bd627-78f7-5413-aa50-35ae24077b02	chr18	20949392	34083690	3	3	0
b39bd627-78f7-5413-aa50-35ae24077b02	chr18	34083731	38532880	4	4	0
b39bd627-78f7-5413-aa50-35ae24077b02	chr18	38533483	38553834	9	8	1
b39bd627-78f7-5413-aa50-35ae24077b02	chr18	38559443	40435566	3	3	0
b39bd627-78f7-5413-aa50-35ae24077b02	chr18	40435668	47554609	2	2	0
b39bd627-78f7-5413-aa50-35ae24077b02	chr18	47555198	47628863	3	3	0
b39bd627-78f7-5413-aa50-35ae24077b02	chr18	47629130	76606472	1	1	0
b39bd627-78f7-5413-aa50-35ae24077b02	chr18	76606653	79108757	2	2	0
b39bd627-78f7-5413-aa50-35ae24077b02	chr18	79117173	79930746	3	3	0
b39bd627-78f7-5413-aa50-35ae24077b02	chr18	79933807	80257174	0	0	0
b39bd627-78f7-5413-aa50-35ae24077b02	chr19	90910	6538746	2	2	0
b39bd627-78f7-5413-aa50-35ae24077b02	chr19	6547960	9985394	4	4	0
b39bd627-78f7-5413-aa50-35ae24077b02	chr19	9988362	13479598	3	3	0
b39bd627-78f7-5413-aa50-35ae24077b02	chr19	13480728	13493725	7	6	1
b39bd627-78f7-5413-aa50-35ae24077b02	chr19	13494001	15722526	4	4	0
b39bd627-78f7-5413-aa50-35ae24077b02	chr19	15722551	15763683	2	2	0
b39bd627-78f7-5413-aa50-35ae24077b02	chr19	15763880	17176766	4	4	0
b39bd627-78f7-5413-aa50-35ae24077b02	chr19	17178291	19368011	3	3	0
b39bd627-78f7-5413-aa50-35ae24077b02	chr19	19373308	21361769	8	4	4
b39bd627-78f7-5413-aa50-35ae24077b02	chr19	21362215	22245185	15	11	4
b39bd627-78f7-5413-aa50-35ae24077b02	chr19	22246007	23012399	13	7	6
b39bd627-78f7-5413-aa50-35ae24077b02	chr19	23015301	23039898	9	5	4
b39bd627-78f7-5413-aa50-35ae24077b02	chr19	23045608	37162402	4	4	0
b39bd627-78f7-5413-aa50-35ae24077b02	chr19	37167981	44494712	3	3	0
b39bd627-78f7-5413-aa50-35ae24077b02	chr19	44495114	51580254	2	2	0
b39bd627-78f7-5413-aa50-35ae24077b02	chr19	51580981	57683037	3	3	0
b39bd627-78f7-5413-aa50-35ae24077b02	chr19	57688731	58586487	2	2	0
b39bd627-78f7-5413-aa50-35ae24077b02	chr20	80664	371018	3	2	1
b39bd627-78f7-5413-aa50-35ae24077b02	chr20	371020	2603685	4	2	2
b39bd627-78f7-5413-aa50-35ae24077b02	chr20	2605124	8163488	5	3	2
b39bd627-78f7-5413-aa50-35ae24077b02	chr20	8163993	9611616	3	2	1
b39bd627-78f7-5413-aa50-35ae24077b02	chr20	9611691	9615640	0	0	0
b39bd627-78f7-5413-aa50-35ae24077b02	chr20	9615698	20048186	3	2	1
b39bd627-78f7-5413-aa50-35ae24077b02	chr20	20050988	21097896	5	4	1
b39bd627-78f7-5413-aa50-35ae24077b02	chr20	21110856	22785178	4	2	2
b39bd627-78f7-5413-aa50-35ae24077b02	chr20	22786190	26243271	5	4	1
b39bd627-78f7-5413-aa50-35ae24077b02	chr20	26244015	34056122	4	2	2
b39bd627-78f7-5413-aa50-35ae24077b02	chr20	34056782	45417414	3	2	1
b39bd627-78f7-5413-aa50-35ae24077b02	chr20	45419394	46803218	10	9	1
b39bd627-78f7-5413-aa50-35ae24077b02	chr20	46805139	48726850	7	6	1
b39bd627-78f7-5413-aa50-35ae24077b02	chr20	48729688	61313154	6	5	1
b39bd627-78f7-5413-aa50-35ae24077b02	chr20	61318170	64324800	5	4	1
b39bd627-78f7-5413-aa50-35ae24077b02	chr21	12973348	13439137	8	6	2
b39bd627-78f7-5413-aa50-35ae24077b02	chr21	13439418	15994268	4	2	2
b39bd627-78f7-5413-aa50-35ae24077b02	chr21	15996420	27666850	2	1	1
b39bd627-78f7-5413-aa50-35ae24077b02	chr21	27667094	43002582	3	2	1
b39bd627-78f7-5413-aa50-35ae24077b02	chr21	43003386	43028608	0	0	0
b39bd627-78f7-5413-aa50-35ae24077b02	chr21	43028985	43371863	4	3	1
b39bd627-78f7-5413-aa50-35ae24077b02	chr21	43371963	46677045	2	2	0
b39bd627-78f7-5413-aa50-35ae24077b02	chr22	16392123	24009061	4	2	2
b39bd627-78f7-5413-aa50-35ae24077b02	chr22	24009940	25361301	3	2	1
b39bd627-78f7-5413-aa50-35ae24077b02	chr22	25361413	25482488	0	0	0
b39bd627-78f7-5413-aa50-35ae24077b02	chr22	25482547	47943120	3	2	1
b39bd627-78f7-5413-aa50-35ae24077b02	chr22	47944215	50796027	1	1	0
b39bd627-78f7-5413-aa50-35ae24077b02	chrX	251810	2412084	2	2	0
b39bd627-78f7-5413-aa50-35ae24077b02	chrX	2429047	5631708	4	3	1
b39bd627-78f7-5413-aa50-35ae24077b02	chrX	5633097	15094804	3	2	1
b39bd627-78f7-5413-aa50-35ae24077b02	chrX	15095451	15192439	0	0	0
b39bd627-78f7-5413-aa50-35ae24077b02	chrX	15192572	28502331	1	1	0
b39bd627-78f7-5413-aa50-35ae24077b02	chrX	28507959	30609351	2	2	0
b39bd627-78f7-5413-aa50-35ae24077b02	chrX	30613521	32206813	4	2	2
b39bd627-78f7-5413-aa50-35ae24077b02	chrX	32207138	33630920	5	3	2
b39bd627-78f7-5413-aa50-35ae24077b02	chrX	33631932	38817411	7	4	3
b39bd627-78f7-5413-aa50-35ae24077b02	chrX	38817792	38847495	2	2	0
b39bd627-78f7-5413-aa50-35ae24077b02	chrX	38849490	53114683	5	3	2
b39bd627-78f7-5413-aa50-35ae24077b02	chrX	53115127	68039047	7	4	3
b39bd627-78f7-5413-aa50-35ae24077b02	chrX	68040082	68047997	17	9	8
b39bd627-78f7-5413-aa50-35ae24077b02	chrX	68048175	74069741	6	3	3
b39bd627-78f7-5413-aa50-35ae24077b02	chrX	74071279	83443371	8	6	2
b39bd627-78f7-5413-aa50-35ae24077b02	chrX	83444890	95141397	5	3	2
b39bd627-78f7-5413-aa50-35ae24077b02	chrX	95141627	95143312	13	7	6
b39bd627-78f7-5413-aa50-35ae24077b02	chrX	95155270	121298865	4	2	2
b39bd627-78f7-5413-aa50-35ae24077b02	chrX	121298936	121327982	8	4	4
b39bd627-78f7-5413-aa50-35ae24077b02	chrX	121328701	136688975	4	2	2
b39bd627-78f7-5413-aa50-35ae24077b02	chrX	136689099	138405459	2	1	1
b39bd627-78f7-5413-aa50-35ae24077b02	chrX	138410417	156004181	3	2	1
b39bd627-78f7-5413-aa50-35ae24077b02	chrY	2782397	26653788	0	0	0
b39bd627-78f7-5413-aa50-35ae24077b02	chrY	56872112	56872112	9	9	0
