GDC_Aliquot	Chromosome	Start	End	Copy_Number	Major_Copy_Number	Minor_Copy_Number
720bd506-a67c-53f0-8268-309c231f8b62	chr1	62920	12390127	3	2	1
720bd506-a67c-53f0-8268-309c231f8b62	chr1	12398740	12746248	4	3	1
720bd506-a67c-53f0-8268-309c231f8b62	chr1	12746836	23417447	3	2	1
720bd506-a67c-53f0-8268-309c231f8b62	chr1	23419310	24717289	4	2	2
720bd506-a67c-53f0-8268-309c231f8b62	chr1	24717390	24977801	6	4	2
720bd506-a67c-53f0-8268-309c231f8b62	chr1	24978061	25652436	3	2	1
720bd506-a67c-53f0-8268-309c231f8b62	chr1	25652614	44532792	4	2	2
720bd506-a67c-53f0-8268-309c231f8b62	chr1	44533942	46440130	4	3	1
720bd506-a67c-53f0-8268-309c231f8b62	chr1	46440472	47793734	6	4	2
720bd506-a67c-53f0-8268-309c231f8b62	chr1	47793984	49779186	5	3	2
720bd506-a67c-53f0-8268-309c231f8b62	chr1	49784108	50342282	7	5	2
720bd506-a67c-53f0-8268-309c231f8b62	chr1	50342532	71532593	5	3	2
720bd506-a67c-53f0-8268-309c231f8b62	chr1	71533124	71930270	3	3	0
720bd506-a67c-53f0-8268-309c231f8b62	chr1	71932935	99120960	5	3	2
720bd506-a67c-53f0-8268-309c231f8b62	chr1	99123347	99145803	8	4	4
720bd506-a67c-53f0-8268-309c231f8b62	chr1	99148759	116766063	5	3	2
720bd506-a67c-53f0-8268-309c231f8b62	chr1	116769497	121705338	4	2	2
720bd506-a67c-53f0-8268-309c231f8b62	chr1	143541857	161081344	5	3	2
720bd506-a67c-53f0-8268-309c231f8b62	chr1	161081768	161493708	4	3	1
720bd506-a67c-53f0-8268-309c231f8b62	chr1	161493797	162991637	5	3	2
720bd506-a67c-53f0-8268-309c231f8b62	chr1	162991928	192617179	3	2	1
720bd506-a67c-53f0-8268-309c231f8b62	chr1	192617239	192758699	2	1	1
720bd506-a67c-53f0-8268-309c231f8b62	chr1	192758983	232115302	3	2	1
720bd506-a67c-53f0-8268-309c231f8b62	chr1	232115763	232176055	2	1	1
720bd506-a67c-53f0-8268-309c231f8b62	chr1	232176122	248930189	3	2	1
720bd506-a67c-53f0-8268-309c231f8b62	chr2	12784	5290056	4	2	2
720bd506-a67c-53f0-8268-309c231f8b62	chr2	5291839	8133597	2	2	0
720bd506-a67c-53f0-8268-309c231f8b62	chr2	8134319	8688766	3	2	1
720bd506-a67c-53f0-8268-309c231f8b62	chr2	8691497	12311549	2	2	0
720bd506-a67c-53f0-8268-309c231f8b62	chr2	12312434	13229828	4	2	2
720bd506-a67c-53f0-8268-309c231f8b62	chr2	13229968	20514805	5	3	2
720bd506-a67c-53f0-8268-309c231f8b62	chr2	20515197	24235415	7	5	2
720bd506-a67c-53f0-8268-309c231f8b62	chr2	24237308	24250151	4	3	1
720bd506-a67c-53f0-8268-309c231f8b62	chr2	24250587	24250587	9	9	0
720bd506-a67c-53f0-8268-309c231f8b62	chr2	24256711	26277811	3	2	1
720bd506-a67c-53f0-8268-309c231f8b62	chr2	26281109	39158527	2	2	0
720bd506-a67c-53f0-8268-309c231f8b62	chr2	39161270	39901737	3	2	1
720bd506-a67c-53f0-8268-309c231f8b62	chr2	39902025	40979035	7	5	2
720bd506-a67c-53f0-8268-309c231f8b62	chr2	40980146	41334970	11	9	2
720bd506-a67c-53f0-8268-309c231f8b62	chr2	41337589	41689927	8	6	2
720bd506-a67c-53f0-8268-309c231f8b62	chr2	41691553	41906372	14	7	7
720bd506-a67c-53f0-8268-309c231f8b62	chr2	41906402	42058775	11	6	5
720bd506-a67c-53f0-8268-309c231f8b62	chr2	42060166	49433197	8	6	2
720bd506-a67c-53f0-8268-309c231f8b62	chr2	49433483	50760018	7	5	2
720bd506-a67c-53f0-8268-309c231f8b62	chr2	50762763	55632344	8	6	2
720bd506-a67c-53f0-8268-309c231f8b62	chr2	55632819	58180452	12	10	2
720bd506-a67c-53f0-8268-309c231f8b62	chr2	58181108	59854852	10	8	2
720bd506-a67c-53f0-8268-309c231f8b62	chr2	59862547	60831875	6	4	2
720bd506-a67c-53f0-8268-309c231f8b62	chr2	60832248	64272495	5	3	2
720bd506-a67c-53f0-8268-309c231f8b62	chr2	64274541	64943168	6	3	3
720bd506-a67c-53f0-8268-309c231f8b62	chr2	64943348	67202588	5	3	2
720bd506-a67c-53f0-8268-309c231f8b62	chr2	67202699	67692765	4	2	2
720bd506-a67c-53f0-8268-309c231f8b62	chr2	67692877	70875156	5	3	2
720bd506-a67c-53f0-8268-309c231f8b62	chr2	70876533	71703008	7	5	2
720bd506-a67c-53f0-8268-309c231f8b62	chr2	71703568	71846585	5	3	2
720bd506-a67c-53f0-8268-309c231f8b62	chr2	71848345	81903912	3	2	1
720bd506-a67c-53f0-8268-309c231f8b62	chr2	81908584	88834118	9	7	2
720bd506-a67c-53f0-8268-309c231f8b62	chr2	88836539	89069842	27	27	0
720bd506-a67c-53f0-8268-309c231f8b62	chr2	89085826	92078382	10	10	0
720bd506-a67c-53f0-8268-309c231f8b62	chr2	94662162	94956761	4	4	0
720bd506-a67c-53f0-8268-309c231f8b62	chr2	94962860	94966095	3	3	0
720bd506-a67c-53f0-8268-309c231f8b62	chr2	94975239	102980264	3	2	1
720bd506-a67c-53f0-8268-309c231f8b62	chr2	102980841	154352287	2	2	0
720bd506-a67c-53f0-8268-309c231f8b62	chr2	154354649	154412156	3	3	0
720bd506-a67c-53f0-8268-309c231f8b62	chr2	154415877	242147305	2	2	0
720bd506-a67c-53f0-8268-309c231f8b62	chr3	20930	90369509	2	2	0
720bd506-a67c-53f0-8268-309c231f8b62	chr3	90375879	93800634	3	3	0
720bd506-a67c-53f0-8268-309c231f8b62	chr3	93801172	105638015	4	2	2
720bd506-a67c-53f0-8268-309c231f8b62	chr3	105639844	116707948	3	2	1
720bd506-a67c-53f0-8268-309c231f8b62	chr3	116710478	116741757	0	0	0
720bd506-a67c-53f0-8268-309c231f8b62	chr3	116742603	117066005	3	2	1
720bd506-a67c-53f0-8268-309c231f8b62	chr3	117067554	117390353	1	1	0
720bd506-a67c-53f0-8268-309c231f8b62	chr3	117396997	117771267	3	2	1
720bd506-a67c-53f0-8268-309c231f8b62	chr3	117771899	117899673	2	2	0
720bd506-a67c-53f0-8268-309c231f8b62	chr3	117899821	175126620	3	2	1
720bd506-a67c-53f0-8268-309c231f8b62	chr3	175130876	175499151	2	2	0
720bd506-a67c-53f0-8268-309c231f8b62	chr3	175500784	197676287	3	2	1
720bd506-a67c-53f0-8268-309c231f8b62	chr3	197677495	198169247	2	2	0
720bd506-a67c-53f0-8268-309c231f8b62	chr4	68929	12799162	3	3	0
720bd506-a67c-53f0-8268-309c231f8b62	chr4	12799187	12841793	5	5	0
720bd506-a67c-53f0-8268-309c231f8b62	chr4	12844576	20578900	3	3	0
720bd506-a67c-53f0-8268-309c231f8b62	chr4	20580496	20944896	5	4	1
720bd506-a67c-53f0-8268-309c231f8b62	chr4	20946096	20949256	2	2	0
720bd506-a67c-53f0-8268-309c231f8b62	chr4	20950332	23707040	4	3	1
720bd506-a67c-53f0-8268-309c231f8b62	chr4	23707992	49146905	2	1	1
720bd506-a67c-53f0-8268-309c231f8b62	chr4	49152601	55938495	5	3	2
720bd506-a67c-53f0-8268-309c231f8b62	chr4	55942146	58821800	4	3	1
720bd506-a67c-53f0-8268-309c231f8b62	chr4	58822073	120290964	3	2	1
720bd506-a67c-53f0-8268-309c231f8b62	chr4	120291741	123845801	4	3	1
720bd506-a67c-53f0-8268-309c231f8b62	chr4	123849009	124109476	3	2	1
720bd506-a67c-53f0-8268-309c231f8b62	chr4	124110238	127060552	4	3	1
720bd506-a67c-53f0-8268-309c231f8b62	chr4	127060960	145618083	6	5	1
720bd506-a67c-53f0-8268-309c231f8b62	chr4	145618478	151145754	7	6	1
720bd506-a67c-53f0-8268-309c231f8b62	chr4	151146178	154468177	6	5	1
720bd506-a67c-53f0-8268-309c231f8b62	chr4	154474986	160298916	4	3	1
720bd506-a67c-53f0-8268-309c231f8b62	chr4	160299249	173646709	3	2	1
720bd506-a67c-53f0-8268-309c231f8b62	chr4	173651882	190106768	2	1	1
720bd506-a67c-53f0-8268-309c231f8b62	chr5	15532	9983085	4	2	2
720bd506-a67c-53f0-8268-309c231f8b62	chr5	9983407	9998216	2	1	1
720bd506-a67c-53f0-8268-309c231f8b62	chr5	9998932	36651730	4	2	2
720bd506-a67c-53f0-8268-309c231f8b62	chr5	36651884	37897366	4	3	1
720bd506-a67c-53f0-8268-309c231f8b62	chr5	37897666	43820622	4	2	2
720bd506-a67c-53f0-8268-309c231f8b62	chr5	43821751	44831620	4	3	1
720bd506-a67c-53f0-8268-309c231f8b62	chr5	44831984	84729562	3	2	1
720bd506-a67c-53f0-8268-309c231f8b62	chr5	84730030	84741553	1	1	0
720bd506-a67c-53f0-8268-309c231f8b62	chr5	84747242	147652290	3	2	1
720bd506-a67c-53f0-8268-309c231f8b62	chr5	147652305	147672605	4	3	1
720bd506-a67c-53f0-8268-309c231f8b62	chr5	147673626	156497020	3	2	1
720bd506-a67c-53f0-8268-309c231f8b62	chr5	156498411	156524864	1	1	0
720bd506-a67c-53f0-8268-309c231f8b62	chr5	156525715	181363319	3	2	1
720bd506-a67c-53f0-8268-309c231f8b62	chr6	149661	42500473	4	2	2
720bd506-a67c-53f0-8268-309c231f8b62	chr6	42502608	45638689	6	4	2
720bd506-a67c-53f0-8268-309c231f8b62	chr6	45639659	45987922	7	4	3
720bd506-a67c-53f0-8268-309c231f8b62	chr6	45993052	46295428	4	2	2
720bd506-a67c-53f0-8268-309c231f8b62	chr6	46296010	47201196	6	4	2
720bd506-a67c-53f0-8268-309c231f8b62	chr6	47203935	47842354	4	2	2
720bd506-a67c-53f0-8268-309c231f8b62	chr6	47842645	48436753	5	3	2
720bd506-a67c-53f0-8268-309c231f8b62	chr6	48442085	48981537	3	2	1
720bd506-a67c-53f0-8268-309c231f8b62	chr6	48982213	51716601	5	3	2
720bd506-a67c-53f0-8268-309c231f8b62	chr6	51722382	60359038	4	2	2
720bd506-a67c-53f0-8268-309c231f8b62	chr6	60368538	76104976	2	2	0
720bd506-a67c-53f0-8268-309c231f8b62	chr6	76120824	76466304	5	4	1
720bd506-a67c-53f0-8268-309c231f8b62	chr6	76466983	80311642	4	2	2
720bd506-a67c-53f0-8268-309c231f8b62	chr6	80315562	80346643	2	1	1
720bd506-a67c-53f0-8268-309c231f8b62	chr6	80347520	80347520	1	1	0
720bd506-a67c-53f0-8268-309c231f8b62	chr6	80348320	101198925	2	2	0
720bd506-a67c-53f0-8268-309c231f8b62	chr6	101199036	101347129	0	0	0
720bd506-a67c-53f0-8268-309c231f8b62	chr6	101347502	170741917	2	2	0
720bd506-a67c-53f0-8268-309c231f8b62	chr7	43259	6875096	4	2	2
720bd506-a67c-53f0-8268-309c231f8b62	chr7	6875291	7024933	6	3	3
720bd506-a67c-53f0-8268-309c231f8b62	chr7	7025207	42869868	4	2	2
720bd506-a67c-53f0-8268-309c231f8b62	chr7	42876867	43779735	2	2	0
720bd506-a67c-53f0-8268-309c231f8b62	chr7	43781854	44447345	3	3	0
720bd506-a67c-53f0-8268-309c231f8b62	chr7	44449175	57960264	2	2	0
720bd506-a67c-53f0-8268-309c231f8b62	chr7	57960277	78140423	5	3	2
720bd506-a67c-53f0-8268-309c231f8b62	chr7	78148181	78347546	1	1	0
720bd506-a67c-53f0-8268-309c231f8b62	chr7	78348968	81251366	5	3	2
720bd506-a67c-53f0-8268-309c231f8b62	chr7	81254682	85029312	7	4	3
720bd506-a67c-53f0-8268-309c231f8b62	chr7	85032653	94272196	3	3	0
720bd506-a67c-53f0-8268-309c231f8b62	chr7	94276640	94404025	6	6	0
720bd506-a67c-53f0-8268-309c231f8b62	chr7	94409622	146665413	3	3	0
720bd506-a67c-53f0-8268-309c231f8b62	chr7	146670701	147200311	0	0	0
720bd506-a67c-53f0-8268-309c231f8b62	chr7	147202684	159334314	3	3	0
720bd506-a67c-53f0-8268-309c231f8b62	chr8	81254	21670979	2	2	0
720bd506-a67c-53f0-8268-309c231f8b62	chr8	21674937	21811054	4	4	0
720bd506-a67c-53f0-8268-309c231f8b62	chr8	21812665	31950578	2	2	0
720bd506-a67c-53f0-8268-309c231f8b62	chr8	31950603	31967765	3	2	1
720bd506-a67c-53f0-8268-309c231f8b62	chr8	31967970	37897222	2	2	0
720bd506-a67c-53f0-8268-309c231f8b62	chr8	37901020	46015465	4	2	2
720bd506-a67c-53f0-8268-309c231f8b62	chr8	46019151	76488621	6	4	2
720bd506-a67c-53f0-8268-309c231f8b62	chr8	76489927	76528145	1	1	0
720bd506-a67c-53f0-8268-309c231f8b62	chr8	76529570	101282194	6	4	2
720bd506-a67c-53f0-8268-309c231f8b62	chr8	101283167	101845605	7	5	2
720bd506-a67c-53f0-8268-309c231f8b62	chr8	101846549	103814343	6	4	2
720bd506-a67c-53f0-8268-309c231f8b62	chr8	103817267	109047979	7	5	2
720bd506-a67c-53f0-8268-309c231f8b62	chr8	109049154	114559550	6	4	2
720bd506-a67c-53f0-8268-309c231f8b62	chr8	114559761	114574832	10	7	3
720bd506-a67c-53f0-8268-309c231f8b62	chr8	114580198	139936235	6	3	3
720bd506-a67c-53f0-8268-309c231f8b62	chr8	139936593	140528897	5	4	1
720bd506-a67c-53f0-8268-309c231f8b62	chr8	140532136	144457760	6	4	2
720bd506-a67c-53f0-8268-309c231f8b62	chr8	144458129	145072769	5	5	0
720bd506-a67c-53f0-8268-309c231f8b62	chr9	46587	41741113	2	2	0
720bd506-a67c-53f0-8268-309c231f8b62	chr9	60863881	138200944	3	2	1
720bd506-a67c-53f0-8268-309c231f8b62	chr10	45792	3295897	3	3	0
720bd506-a67c-53f0-8268-309c231f8b62	chr10	3295949	3491492	2	2	0
720bd506-a67c-53f0-8268-309c231f8b62	chr10	3492437	10421316	3	3	0
720bd506-a67c-53f0-8268-309c231f8b62	chr10	10424440	32199104	2	2	0
720bd506-a67c-53f0-8268-309c231f8b62	chr10	32201001	36582712	3	3	0
720bd506-a67c-53f0-8268-309c231f8b62	chr10	36594510	133654968	2	2	0
720bd506-a67c-53f0-8268-309c231f8b62	chr11	198510	1855487	2	1	1
720bd506-a67c-53f0-8268-309c231f8b62	chr11	1860026	55608804	3	2	1
720bd506-a67c-53f0-8268-309c231f8b62	chr11	55609022	55654863	0	0	0
720bd506-a67c-53f0-8268-309c231f8b62	chr11	55661931	56288640	2	1	1
720bd506-a67c-53f0-8268-309c231f8b62	chr11	56289432	84130822	2	2	0
720bd506-a67c-53f0-8268-309c231f8b62	chr11	84131281	85013360	0	0	0
720bd506-a67c-53f0-8268-309c231f8b62	chr11	85013751	87273832	2	2	0
720bd506-a67c-53f0-8268-309c231f8b62	chr11	87274539	87288849	1	1	0
720bd506-a67c-53f0-8268-309c231f8b62	chr11	87289120	135074876	2	2	0
720bd506-a67c-53f0-8268-309c231f8b62	chr12	51460	186440	1	1	0
720bd506-a67c-53f0-8268-309c231f8b62	chr12	187079	1634130	3	2	1
720bd506-a67c-53f0-8268-309c231f8b62	chr12	1634390	4912443	3	3	0
720bd506-a67c-53f0-8268-309c231f8b62	chr12	4913272	7527868	4	3	1
720bd506-a67c-53f0-8268-309c231f8b62	chr12	7533609	9880077	3	2	1
720bd506-a67c-53f0-8268-309c231f8b62	chr12	9880157	24117671	2	2	0
720bd506-a67c-53f0-8268-309c231f8b62	chr12	24121444	24642367	4	3	1
720bd506-a67c-53f0-8268-309c231f8b62	chr12	24643709	26466413	3	3	0
720bd506-a67c-53f0-8268-309c231f8b62	chr12	26469165	26706086	4	3	1
720bd506-a67c-53f0-8268-309c231f8b62	chr12	26709506	30838416	6	3	3
720bd506-a67c-53f0-8268-309c231f8b62	chr12	30839237	31220460	8	4	4
720bd506-a67c-53f0-8268-309c231f8b62	chr12	31220512	32935416	6	3	3
720bd506-a67c-53f0-8268-309c231f8b62	chr12	32937422	37875038	5	3	2
720bd506-a67c-53f0-8268-309c231f8b62	chr12	37885541	128996581	3	2	1
720bd506-a67c-53f0-8268-309c231f8b62	chr12	128997054	133201603	2	1	1
720bd506-a67c-53f0-8268-309c231f8b62	chr13	18452809	29588216	3	2	1
720bd506-a67c-53f0-8268-309c231f8b62	chr13	29589031	50455992	2	1	1
720bd506-a67c-53f0-8268-309c231f8b62	chr13	50456608	50480789	0	0	0
720bd506-a67c-53f0-8268-309c231f8b62	chr13	50481060	114342922	2	1	1
720bd506-a67c-53f0-8268-309c231f8b62	chr14	18239283	23047301	4	2	2
720bd506-a67c-53f0-8268-309c231f8b62	chr14	23050766	29810777	3	2	1
720bd506-a67c-53f0-8268-309c231f8b62	chr14	29811171	36097713	4	2	2
720bd506-a67c-53f0-8268-309c231f8b62	chr14	36098577	36198343	7	4	3
720bd506-a67c-53f0-8268-309c231f8b62	chr14	36199253	40093246	5	3	2
720bd506-a67c-53f0-8268-309c231f8b62	chr14	40094421	46565898	3	2	1
720bd506-a67c-53f0-8268-309c231f8b62	chr14	46567557	51350765	4	3	1
720bd506-a67c-53f0-8268-309c231f8b62	chr14	51351997	51854840	5	3	2
720bd506-a67c-53f0-8268-309c231f8b62	chr14	51855283	59137405	3	2	1
720bd506-a67c-53f0-8268-309c231f8b62	chr14	59138798	59606908	2	1	1
720bd506-a67c-53f0-8268-309c231f8b62	chr14	59607217	59849435	5	4	1
720bd506-a67c-53f0-8268-309c231f8b62	chr14	59855969	63169532	3	2	1
720bd506-a67c-53f0-8268-309c231f8b62	chr14	63169903	63875904	2	1	1
720bd506-a67c-53f0-8268-309c231f8b62	chr14	63876985	89938149	1	1	0
720bd506-a67c-53f0-8268-309c231f8b62	chr14	89939229	106877229	2	1	1
720bd506-a67c-53f0-8268-309c231f8b62	chr15	19811075	24589339	3	2	1
720bd506-a67c-53f0-8268-309c231f8b62	chr15	24592686	96182600	2	1	1
720bd506-a67c-53f0-8268-309c231f8b62	chr15	96185223	101928837	3	2	1
720bd506-a67c-53f0-8268-309c231f8b62	chr16	10777	1904299	3	2	1
720bd506-a67c-53f0-8268-309c231f8b62	chr16	1904507	3052290	4	3	1
720bd506-a67c-53f0-8268-309c231f8b62	chr16	3061202	36048855	3	2	1
720bd506-a67c-53f0-8268-309c231f8b62	chr16	46441986	54346139	2	2	0
720bd506-a67c-53f0-8268-309c231f8b62	chr16	54349372	54563933	3	3	0
720bd506-a67c-53f0-8268-309c231f8b62	chr16	54563996	77154462	2	2	0
720bd506-a67c-53f0-8268-309c231f8b62	chr16	77154670	78083119	3	3	0
720bd506-a67c-53f0-8268-309c231f8b62	chr16	78083383	90096867	2	2	0
720bd506-a67c-53f0-8268-309c231f8b62	chr17	150733	7700029	3	3	0
720bd506-a67c-53f0-8268-309c231f8b62	chr17	7700626	8425125	10	10	0
720bd506-a67c-53f0-8268-309c231f8b62	chr17	8426647	10548157	16	16	0
720bd506-a67c-53f0-8268-309c231f8b62	chr17	10551079	11104829	15	14	1
720bd506-a67c-53f0-8268-309c231f8b62	chr17	11105214	11249553	20	20	0
720bd506-a67c-53f0-8268-309c231f8b62	chr17	11249798	12160205	14	13	1
720bd506-a67c-53f0-8268-309c231f8b62	chr17	12160628	13511546	20	19	1
720bd506-a67c-53f0-8268-309c231f8b62	chr17	13513539	13830489	24	23	1
720bd506-a67c-53f0-8268-309c231f8b62	chr17	13831642	14800640	20	19	1
720bd506-a67c-53f0-8268-309c231f8b62	chr17	14801721	17706981	14	13	1
720bd506-a67c-53f0-8268-309c231f8b62	chr17	17709374	18666219	19	18	1
720bd506-a67c-53f0-8268-309c231f8b62	chr17	18668032	20663490	5	4	1
720bd506-a67c-53f0-8268-309c231f8b62	chr17	20668017	21661661	3	2	1
720bd506-a67c-53f0-8268-309c231f8b62	chr17	22167265	26943774	18	16	2
720bd506-a67c-53f0-8268-309c231f8b62	chr17	26947350	27005190	5	4	1
720bd506-a67c-53f0-8268-309c231f8b62	chr17	27006860	27082500	4	4	0
720bd506-a67c-53f0-8268-309c231f8b62	chr17	27083795	39580532	2	2	0
720bd506-a67c-53f0-8268-309c231f8b62	chr17	39580884	45850401	3	2	1
720bd506-a67c-53f0-8268-309c231f8b62	chr17	45850758	59892474	2	1	1
720bd506-a67c-53f0-8268-309c231f8b62	chr17	59899297	62166277	3	2	1
720bd506-a67c-53f0-8268-309c231f8b62	chr17	62168892	66227631	5	4	1
720bd506-a67c-53f0-8268-309c231f8b62	chr17	66227741	67943453	3	2	1
720bd506-a67c-53f0-8268-309c231f8b62	chr17	67944030	70326238	4	3	1
720bd506-a67c-53f0-8268-309c231f8b62	chr17	70326628	73399034	3	2	1
720bd506-a67c-53f0-8268-309c231f8b62	chr17	73399567	83091923	4	3	1
720bd506-a67c-53f0-8268-309c231f8b62	chr18	48133	433993	3	2	1
720bd506-a67c-53f0-8268-309c231f8b62	chr18	435867	10087666	4	2	2
720bd506-a67c-53f0-8268-309c231f8b62	chr18	10087911	10347994	5	3	2
720bd506-a67c-53f0-8268-309c231f8b62	chr18	10349451	12825706	4	2	2
720bd506-a67c-53f0-8268-309c231f8b62	chr18	12828264	13198215	5	3	2
720bd506-a67c-53f0-8268-309c231f8b62	chr18	13198860	24115070	4	2	2
720bd506-a67c-53f0-8268-309c231f8b62	chr18	24118072	58634844	3	2	1
720bd506-a67c-53f0-8268-309c231f8b62	chr18	58636193	59107155	5	4	1
720bd506-a67c-53f0-8268-309c231f8b62	chr18	59108428	80257174	3	2	1
720bd506-a67c-53f0-8268-309c231f8b62	chr19	90910	17104571	2	2	0
720bd506-a67c-53f0-8268-309c231f8b62	chr19	17105145	17475278	3	2	1
720bd506-a67c-53f0-8268-309c231f8b62	chr19	17480671	24400510	2	2	0
720bd506-a67c-53f0-8268-309c231f8b62	chr19	24413948	28165086	11	9	2
720bd506-a67c-53f0-8268-309c231f8b62	chr19	28165100	28639558	2	2	0
720bd506-a67c-53f0-8268-309c231f8b62	chr19	28644599	29022275	4	2	2
720bd506-a67c-53f0-8268-309c231f8b62	chr19	29022367	30199636	19	17	2
720bd506-a67c-53f0-8268-309c231f8b62	chr19	30202384	31375840	4	2	2
720bd506-a67c-53f0-8268-309c231f8b62	chr19	31375850	31992989	9	7	2
720bd506-a67c-53f0-8268-309c231f8b62	chr19	31995440	43209225	2	2	0
720bd506-a67c-53f0-8268-309c231f8b62	chr19	43209582	43252085	0	0	0
720bd506-a67c-53f0-8268-309c231f8b62	chr19	43262507	49928622	2	2	0
720bd506-a67c-53f0-8268-309c231f8b62	chr19	49929523	58586487	1	1	0
720bd506-a67c-53f0-8268-309c231f8b62	chr20	80664	50545649	3	2	1
720bd506-a67c-53f0-8268-309c231f8b62	chr20	50545704	59262711	4	2	2
720bd506-a67c-53f0-8268-309c231f8b62	chr20	59262845	64324800	3	2	1
720bd506-a67c-53f0-8268-309c231f8b62	chr21	12973348	24320298	2	2	0
720bd506-a67c-53f0-8268-309c231f8b62	chr21	24323886	24563447	20	18	2
720bd506-a67c-53f0-8268-309c231f8b62	chr21	24565702	31054913	2	2	0
720bd506-a67c-53f0-8268-309c231f8b62	chr21	31057340	31212984	11	10	1
720bd506-a67c-53f0-8268-309c231f8b62	chr21	31214439	43912627	2	2	0
720bd506-a67c-53f0-8268-309c231f8b62	chr21	43916303	44259347	15	14	1
720bd506-a67c-53f0-8268-309c231f8b62	chr21	44259375	45244989	10	8	2
720bd506-a67c-53f0-8268-309c231f8b62	chr21	45245245	46677045	11	9	2
720bd506-a67c-53f0-8268-309c231f8b62	chr22	16392123	21105581	4	2	2
720bd506-a67c-53f0-8268-309c231f8b62	chr22	21105594	25082287	5	3	2
720bd506-a67c-53f0-8268-309c231f8b62	chr22	25082325	26979566	2	2	0
720bd506-a67c-53f0-8268-309c231f8b62	chr22	26980567	28986829	1	1	0
720bd506-a67c-53f0-8268-309c231f8b62	chr22	28986843	29272386	0	0	0
720bd506-a67c-53f0-8268-309c231f8b62	chr22	29272904	29709909	1	1	0
720bd506-a67c-53f0-8268-309c231f8b62	chr22	29712335	31074065	3	3	0
720bd506-a67c-53f0-8268-309c231f8b62	chr22	31075987	31352429	2	2	0
720bd506-a67c-53f0-8268-309c231f8b62	chr22	31357863	32033883	5	5	0
720bd506-a67c-53f0-8268-309c231f8b62	chr22	32035660	34371670	2	2	0
720bd506-a67c-53f0-8268-309c231f8b62	chr22	34372404	35389042	4	4	0
720bd506-a67c-53f0-8268-309c231f8b62	chr22	35389678	35608787	3	3	0
720bd506-a67c-53f0-8268-309c231f8b62	chr22	35608824	41358649	4	4	0
720bd506-a67c-53f0-8268-309c231f8b62	chr22	41359044	50796027	2	2	0
720bd506-a67c-53f0-8268-309c231f8b62	chrX	251810	2775583	3	2	1
720bd506-a67c-53f0-8268-309c231f8b62	chrX	2776199	16925402	0	0	0
720bd506-a67c-53f0-8268-309c231f8b62	chrX	16928259	19851979	2	2	0
720bd506-a67c-53f0-8268-309c231f8b62	chrX	19854073	25216495	3	3	0
720bd506-a67c-53f0-8268-309c231f8b62	chrX	25218814	29291732	1	1	0
720bd506-a67c-53f0-8268-309c231f8b62	chrX	29292371	29304626	4	3	1
720bd506-a67c-53f0-8268-309c231f8b62	chrX	29305134	31100364	3	3	0
720bd506-a67c-53f0-8268-309c231f8b62	chrX	31107554	32798388	1	1	0
720bd506-a67c-53f0-8268-309c231f8b62	chrX	32799485	32970141	0	0	0
720bd506-a67c-53f0-8268-309c231f8b62	chrX	32971922	48001197	1	1	0
720bd506-a67c-53f0-8268-309c231f8b62	chrX	48020763	48119196	0	0	0
720bd506-a67c-53f0-8268-309c231f8b62	chrX	48119621	76104310	1	1	0
720bd506-a67c-53f0-8268-309c231f8b62	chrX	76104349	153462697	0	0	0
720bd506-a67c-53f0-8268-309c231f8b62	chrX	153463614	153751437	1	1	0
720bd506-a67c-53f0-8268-309c231f8b62	chrX	153757870	156004181	0	0	0
720bd506-a67c-53f0-8268-309c231f8b62	chrY	2782397	26653788	4	1	3
720bd506-a67c-53f0-8268-309c231f8b62	chrY	56872112	56872112	0	0	0
