GDC_Aliquot	Chromosome	Start	End	Copy_Number	Major_Copy_Number	Minor_Copy_Number
c163a85d-4f6b-5b6a-9ef0-275763690707	chr1	62920	12555039	3	2	1
c163a85d-4f6b-5b6a-9ef0-275763690707	chr1	12555505	13593672	1	1	0
c163a85d-4f6b-5b6a-9ef0-275763690707	chr1	13593698	13641503	3	2	1
c163a85d-4f6b-5b6a-9ef0-275763690707	chr1	13642209	93572617	4	2	2
c163a85d-4f6b-5b6a-9ef0-275763690707	chr1	93573460	93963163	5	3	2
c163a85d-4f6b-5b6a-9ef0-275763690707	chr1	93966033	98279213	4	2	2
c163a85d-4f6b-5b6a-9ef0-275763690707	chr1	98281071	98540052	6	4	2
c163a85d-4f6b-5b6a-9ef0-275763690707	chr1	98540608	110986328	4	2	2
c163a85d-4f6b-5b6a-9ef0-275763690707	chr1	110987196	111250273	3	2	1
c163a85d-4f6b-5b6a-9ef0-275763690707	chr1	111252111	121705338	4	2	2
c163a85d-4f6b-5b6a-9ef0-275763690707	chr1	143541857	147238323	7	4	3
c163a85d-4f6b-5b6a-9ef0-275763690707	chr1	147238513	147789396	5	3	2
c163a85d-4f6b-5b6a-9ef0-275763690707	chr1	147791766	161910856	4	2	2
c163a85d-4f6b-5b6a-9ef0-275763690707	chr1	161911266	171151508	5	3	2
c163a85d-4f6b-5b6a-9ef0-275763690707	chr1	171152129	171281300	6	4	2
c163a85d-4f6b-5b6a-9ef0-275763690707	chr1	171282057	192615565	5	3	2
c163a85d-4f6b-5b6a-9ef0-275763690707	chr1	192615665	192628855	2	1	1
c163a85d-4f6b-5b6a-9ef0-275763690707	chr1	192628958	201353750	5	3	2
c163a85d-4f6b-5b6a-9ef0-275763690707	chr1	201354305	218678235	4	2	2
c163a85d-4f6b-5b6a-9ef0-275763690707	chr1	218680695	220339453	6	3	3
c163a85d-4f6b-5b6a-9ef0-275763690707	chr1	220339565	248930189	4	2	2
c163a85d-4f6b-5b6a-9ef0-275763690707	chr2	12784	16932498	4	2	2
c163a85d-4f6b-5b6a-9ef0-275763690707	chr2	16932878	16939375	2	1	1
c163a85d-4f6b-5b6a-9ef0-275763690707	chr2	16940361	27809441	4	2	2
c163a85d-4f6b-5b6a-9ef0-275763690707	chr2	27811517	29355202	5	3	2
c163a85d-4f6b-5b6a-9ef0-275763690707	chr2	29355385	37624941	4	2	2
c163a85d-4f6b-5b6a-9ef0-275763690707	chr2	37625724	37887470	6	4	2
c163a85d-4f6b-5b6a-9ef0-275763690707	chr2	37887996	46032471	4	2	2
c163a85d-4f6b-5b6a-9ef0-275763690707	chr2	46032716	46278057	5	3	2
c163a85d-4f6b-5b6a-9ef0-275763690707	chr2	46280566	101959155	4	2	2
c163a85d-4f6b-5b6a-9ef0-275763690707	chr2	101961098	102134812	10	7	3
c163a85d-4f6b-5b6a-9ef0-275763690707	chr2	102135313	103226596	4	2	2
c163a85d-4f6b-5b6a-9ef0-275763690707	chr2	103227967	158808682	3	2	1
c163a85d-4f6b-5b6a-9ef0-275763690707	chr2	158813937	159020075	6	4	2
c163a85d-4f6b-5b6a-9ef0-275763690707	chr2	159020554	188886540	3	2	1
c163a85d-4f6b-5b6a-9ef0-275763690707	chr2	188886707	189511042	5	3	2
c163a85d-4f6b-5b6a-9ef0-275763690707	chr2	189511063	198245650	3	2	1
c163a85d-4f6b-5b6a-9ef0-275763690707	chr2	198245670	199257873	5	3	2
c163a85d-4f6b-5b6a-9ef0-275763690707	chr2	199263217	237075579	3	2	1
c163a85d-4f6b-5b6a-9ef0-275763690707	chr2	237077399	237460753	4	3	1
c163a85d-4f6b-5b6a-9ef0-275763690707	chr2	237461108	242147305	3	2	1
c163a85d-4f6b-5b6a-9ef0-275763690707	chr3	20930	12087782	3	2	1
c163a85d-4f6b-5b6a-9ef0-275763690707	chr3	12090187	12785433	4	2	2
c163a85d-4f6b-5b6a-9ef0-275763690707	chr3	12787816	45921310	3	2	1
c163a85d-4f6b-5b6a-9ef0-275763690707	chr3	45923467	47561573	4	3	1
c163a85d-4f6b-5b6a-9ef0-275763690707	chr3	47563078	52997918	3	2	1
c163a85d-4f6b-5b6a-9ef0-275763690707	chr3	52997922	53235301	4	2	2
c163a85d-4f6b-5b6a-9ef0-275763690707	chr3	53238298	64875795	3	2	1
c163a85d-4f6b-5b6a-9ef0-275763690707	chr3	64879096	64948426	5	4	1
c163a85d-4f6b-5b6a-9ef0-275763690707	chr3	64951100	65121958	7	6	1
c163a85d-4f6b-5b6a-9ef0-275763690707	chr3	65126463	123865641	3	2	1
c163a85d-4f6b-5b6a-9ef0-275763690707	chr3	123867576	124178526	4	3	1
c163a85d-4f6b-5b6a-9ef0-275763690707	chr3	124187001	132030329	3	2	1
c163a85d-4f6b-5b6a-9ef0-275763690707	chr3	132030350	143690119	4	2	2
c163a85d-4f6b-5b6a-9ef0-275763690707	chr3	143690430	150891907	5	3	2
c163a85d-4f6b-5b6a-9ef0-275763690707	chr3	150892079	162794951	4	2	2
c163a85d-4f6b-5b6a-9ef0-275763690707	chr3	162795304	162908192	1	1	0
c163a85d-4f6b-5b6a-9ef0-275763690707	chr3	162908207	175198570	4	2	2
c163a85d-4f6b-5b6a-9ef0-275763690707	chr3	175199339	175582931	2	2	0
c163a85d-4f6b-5b6a-9ef0-275763690707	chr3	175583324	198169247	4	2	2
c163a85d-4f6b-5b6a-9ef0-275763690707	chr4	68929	8697040	3	2	1
c163a85d-4f6b-5b6a-9ef0-275763690707	chr4	8697339	12693200	2	1	1
c163a85d-4f6b-5b6a-9ef0-275763690707	chr4	12694071	20905397	3	2	1
c163a85d-4f6b-5b6a-9ef0-275763690707	chr4	20906260	27724366	5	3	2
c163a85d-4f6b-5b6a-9ef0-275763690707	chr4	27731102	34845678	6	3	3
c163a85d-4f6b-5b6a-9ef0-275763690707	chr4	34845925	38367270	5	3	2
c163a85d-4f6b-5b6a-9ef0-275763690707	chr4	38370012	38395752	8	5	3
c163a85d-4f6b-5b6a-9ef0-275763690707	chr4	38396256	58046855	5	3	2
c163a85d-4f6b-5b6a-9ef0-275763690707	chr4	58048350	59831899	6	3	3
c163a85d-4f6b-5b6a-9ef0-275763690707	chr4	59831913	62670742	3	2	1
c163a85d-4f6b-5b6a-9ef0-275763690707	chr4	62673468	62802081	9	6	3
c163a85d-4f6b-5b6a-9ef0-275763690707	chr4	62802116	63265520	6	3	3
c163a85d-4f6b-5b6a-9ef0-275763690707	chr4	63275560	87446939	3	2	1
c163a85d-4f6b-5b6a-9ef0-275763690707	chr4	87455965	88023856	5	3	2
c163a85d-4f6b-5b6a-9ef0-275763690707	chr4	88026091	107703751	3	2	1
c163a85d-4f6b-5b6a-9ef0-275763690707	chr4	107705694	108113790	4	3	1
c163a85d-4f6b-5b6a-9ef0-275763690707	chr4	108116919	108444193	5	4	1
c163a85d-4f6b-5b6a-9ef0-275763690707	chr4	108446884	120087475	4	3	1
c163a85d-4f6b-5b6a-9ef0-275763690707	chr4	120087618	120776385	5	4	1
c163a85d-4f6b-5b6a-9ef0-275763690707	chr4	120776729	152992396	4	3	1
c163a85d-4f6b-5b6a-9ef0-275763690707	chr4	152992837	153318932	5	4	1
c163a85d-4f6b-5b6a-9ef0-275763690707	chr4	153320934	154722685	4	3	1
c163a85d-4f6b-5b6a-9ef0-275763690707	chr4	154722967	154858481	5	3	2
c163a85d-4f6b-5b6a-9ef0-275763690707	chr4	154858711	157038779	4	3	1
c163a85d-4f6b-5b6a-9ef0-275763690707	chr4	157039303	157065172	5	4	1
c163a85d-4f6b-5b6a-9ef0-275763690707	chr4	157066207	168418406	4	3	1
c163a85d-4f6b-5b6a-9ef0-275763690707	chr4	168421894	168811020	5	3	2
c163a85d-4f6b-5b6a-9ef0-275763690707	chr4	168811169	190106768	4	3	1
c163a85d-4f6b-5b6a-9ef0-275763690707	chr5	15532	1377448	8	6	2
c163a85d-4f6b-5b6a-9ef0-275763690707	chr5	1379647	2937022	7	5	2
c163a85d-4f6b-5b6a-9ef0-275763690707	chr5	2938560	14844311	6	4	2
c163a85d-4f6b-5b6a-9ef0-275763690707	chr5	14845558	17732619	7	5	2
c163a85d-4f6b-5b6a-9ef0-275763690707	chr5	17732697	18394093	9	7	2
c163a85d-4f6b-5b6a-9ef0-275763690707	chr5	18394312	38488729	7	5	2
c163a85d-4f6b-5b6a-9ef0-275763690707	chr5	38489662	38827091	8	6	2
c163a85d-4f6b-5b6a-9ef0-275763690707	chr5	38827470	44335814	7	5	2
c163a85d-4f6b-5b6a-9ef0-275763690707	chr5	44338325	46389171	8	6	2
c163a85d-4f6b-5b6a-9ef0-275763690707	chr5	50146124	50272274	3	2	1
c163a85d-4f6b-5b6a-9ef0-275763690707	chr5	50273126	57084530	2	2	0
c163a85d-4f6b-5b6a-9ef0-275763690707	chr5	57084626	82234846	1	1	0
c163a85d-4f6b-5b6a-9ef0-275763690707	chr5	82237916	82694402	2	2	0
c163a85d-4f6b-5b6a-9ef0-275763690707	chr5	82695157	126795479	1	1	0
c163a85d-4f6b-5b6a-9ef0-275763690707	chr5	126795521	141424062	2	1	1
c163a85d-4f6b-5b6a-9ef0-275763690707	chr5	141424677	141526117	1	1	0
c163a85d-4f6b-5b6a-9ef0-275763690707	chr5	141528808	142954740	2	1	1
c163a85d-4f6b-5b6a-9ef0-275763690707	chr5	142955522	143141340	3	2	1
c163a85d-4f6b-5b6a-9ef0-275763690707	chr5	143141460	150202168	2	1	1
c163a85d-4f6b-5b6a-9ef0-275763690707	chr5	150202540	168728213	3	2	1
c163a85d-4f6b-5b6a-9ef0-275763690707	chr5	168728306	168743703	2	1	1
c163a85d-4f6b-5b6a-9ef0-275763690707	chr5	168743837	173318991	3	2	1
c163a85d-4f6b-5b6a-9ef0-275763690707	chr5	173319023	173653651	4	2	2
c163a85d-4f6b-5b6a-9ef0-275763690707	chr5	173656635	181363319	3	2	1
c163a85d-4f6b-5b6a-9ef0-275763690707	chr6	149661	3639975	4	2	2
c163a85d-4f6b-5b6a-9ef0-275763690707	chr6	3643553	3988077	5	3	2
c163a85d-4f6b-5b6a-9ef0-275763690707	chr6	3988386	20344197	4	2	2
c163a85d-4f6b-5b6a-9ef0-275763690707	chr6	20344765	21670410	3	2	1
c163a85d-4f6b-5b6a-9ef0-275763690707	chr6	21673762	44235542	4	2	2
c163a85d-4f6b-5b6a-9ef0-275763690707	chr6	44239013	44649868	6	4	2
c163a85d-4f6b-5b6a-9ef0-275763690707	chr6	44650161	44916712	7	4	3
c163a85d-4f6b-5b6a-9ef0-275763690707	chr6	44916801	45245126	6	4	2
c163a85d-4f6b-5b6a-9ef0-275763690707	chr6	45245603	46023515	5	3	2
c163a85d-4f6b-5b6a-9ef0-275763690707	chr6	46023781	55327548	3	2	1
c163a85d-4f6b-5b6a-9ef0-275763690707	chr6	55331757	55563606	6	3	3
c163a85d-4f6b-5b6a-9ef0-275763690707	chr6	55563982	61496363	4	2	2
c163a85d-4f6b-5b6a-9ef0-275763690707	chr6	61496706	62837474	2	2	0
c163a85d-4f6b-5b6a-9ef0-275763690707	chr6	62838954	68414919	4	2	2
c163a85d-4f6b-5b6a-9ef0-275763690707	chr6	68418356	68704330	6	4	2
c163a85d-4f6b-5b6a-9ef0-275763690707	chr6	68704343	69261846	12	10	2
c163a85d-4f6b-5b6a-9ef0-275763690707	chr6	69262188	74269933	2	2	0
c163a85d-4f6b-5b6a-9ef0-275763690707	chr6	74270222	74510496	12	10	2
c163a85d-4f6b-5b6a-9ef0-275763690707	chr6	74514488	74713183	31	28	3
c163a85d-4f6b-5b6a-9ef0-275763690707	chr6	74723145	74757249	13	11	2
c163a85d-4f6b-5b6a-9ef0-275763690707	chr6	74760037	76907531	2	2	0
c163a85d-4f6b-5b6a-9ef0-275763690707	chr6	76908677	77021853	4	3	1
c163a85d-4f6b-5b6a-9ef0-275763690707	chr6	77021946	82411011	2	2	0
c163a85d-4f6b-5b6a-9ef0-275763690707	chr6	82414704	82683696	4	2	2
c163a85d-4f6b-5b6a-9ef0-275763690707	chr6	82684626	121038767	2	2	0
c163a85d-4f6b-5b6a-9ef0-275763690707	chr6	121039761	121453256	5	5	0
c163a85d-4f6b-5b6a-9ef0-275763690707	chr6	121454184	122422593	4	4	0
c163a85d-4f6b-5b6a-9ef0-275763690707	chr6	122436808	125198993	2	2	0
c163a85d-4f6b-5b6a-9ef0-275763690707	chr6	125200010	125488885	3	3	0
c163a85d-4f6b-5b6a-9ef0-275763690707	chr6	125488928	131644680	2	2	0
c163a85d-4f6b-5b6a-9ef0-275763690707	chr6	131649528	131976601	3	3	0
c163a85d-4f6b-5b6a-9ef0-275763690707	chr6	131977001	135377406	2	2	0
c163a85d-4f6b-5b6a-9ef0-275763690707	chr6	135378465	138486794	1	1	0
c163a85d-4f6b-5b6a-9ef0-275763690707	chr6	138486865	139294236	2	2	0
c163a85d-4f6b-5b6a-9ef0-275763690707	chr6	139295111	168667707	3	3	0
c163a85d-4f6b-5b6a-9ef0-275763690707	chr6	168668022	170741917	1	1	0
c163a85d-4f6b-5b6a-9ef0-275763690707	chr7	43259	15255303	4	2	2
c163a85d-4f6b-5b6a-9ef0-275763690707	chr7	15255835	15959437	2	2	0
c163a85d-4f6b-5b6a-9ef0-275763690707	chr7	15959546	16013353	5	3	2
c163a85d-4f6b-5b6a-9ef0-275763690707	chr7	16016947	16077311	2	2	0
c163a85d-4f6b-5b6a-9ef0-275763690707	chr7	16078101	16211800	4	2	2
c163a85d-4f6b-5b6a-9ef0-275763690707	chr7	16212129	16235168	1	1	0
c163a85d-4f6b-5b6a-9ef0-275763690707	chr7	16239247	16354921	3	2	1
c163a85d-4f6b-5b6a-9ef0-275763690707	chr7	16355447	17754106	1	1	0
c163a85d-4f6b-5b6a-9ef0-275763690707	chr7	17756384	42401730	4	2	2
c163a85d-4f6b-5b6a-9ef0-275763690707	chr7	42401865	94211478	3	2	1
c163a85d-4f6b-5b6a-9ef0-275763690707	chr7	94211499	94446327	4	3	1
c163a85d-4f6b-5b6a-9ef0-275763690707	chr7	94446874	104746659	3	2	1
c163a85d-4f6b-5b6a-9ef0-275763690707	chr7	104754893	105110195	4	3	1
c163a85d-4f6b-5b6a-9ef0-275763690707	chr7	105110772	159334314	3	2	1
c163a85d-4f6b-5b6a-9ef0-275763690707	chr8	81254	3562034	2	2	0
c163a85d-4f6b-5b6a-9ef0-275763690707	chr8	3563983	3564810	4	3	1
c163a85d-4f6b-5b6a-9ef0-275763690707	chr8	3565551	22850052	2	2	0
c163a85d-4f6b-5b6a-9ef0-275763690707	chr8	22851325	23672008	1	1	0
c163a85d-4f6b-5b6a-9ef0-275763690707	chr8	23672354	26833478	2	2	0
c163a85d-4f6b-5b6a-9ef0-275763690707	chr8	26836456	27411423	4	2	2
c163a85d-4f6b-5b6a-9ef0-275763690707	chr8	27411654	28199280	8	6	2
c163a85d-4f6b-5b6a-9ef0-275763690707	chr8	28199386	28504811	7	5	2
c163a85d-4f6b-5b6a-9ef0-275763690707	chr8	28504942	29283951	9	7	2
c163a85d-4f6b-5b6a-9ef0-275763690707	chr8	29285091	30275798	4	2	2
c163a85d-4f6b-5b6a-9ef0-275763690707	chr8	30276499	31833072	7	5	2
c163a85d-4f6b-5b6a-9ef0-275763690707	chr8	31833494	34167178	6	3	3
c163a85d-4f6b-5b6a-9ef0-275763690707	chr8	34167831	38372095	7	5	2
c163a85d-4f6b-5b6a-9ef0-275763690707	chr8	38372341	38701808	9	5	4
c163a85d-4f6b-5b6a-9ef0-275763690707	chr8	38701844	40204854	6	4	2
c163a85d-4f6b-5b6a-9ef0-275763690707	chr8	40204974	40326706	7	5	2
c163a85d-4f6b-5b6a-9ef0-275763690707	chr8	40326806	40331992	1	1	0
c163a85d-4f6b-5b6a-9ef0-275763690707	chr8	40335391	40926599	8	6	2
c163a85d-4f6b-5b6a-9ef0-275763690707	chr8	40926848	42442237	6	4	2
c163a85d-4f6b-5b6a-9ef0-275763690707	chr8	42444178	55490574	7	5	2
c163a85d-4f6b-5b6a-9ef0-275763690707	chr8	55490825	55500794	4	3	1
c163a85d-4f6b-5b6a-9ef0-275763690707	chr8	55500812	68527114	7	5	2
c163a85d-4f6b-5b6a-9ef0-275763690707	chr8	68530251	75415672	8	6	2
c163a85d-4f6b-5b6a-9ef0-275763690707	chr8	75415685	78059820	9	7	2
c163a85d-4f6b-5b6a-9ef0-275763690707	chr8	78059884	78285885	13	10	3
c163a85d-4f6b-5b6a-9ef0-275763690707	chr8	78286407	85305036	8	6	2
c163a85d-4f6b-5b6a-9ef0-275763690707	chr8	85305293	88751443	9	7	2
c163a85d-4f6b-5b6a-9ef0-275763690707	chr8	88751912	118400617	8	6	2
c163a85d-4f6b-5b6a-9ef0-275763690707	chr8	118401049	118420006	13	7	6
c163a85d-4f6b-5b6a-9ef0-275763690707	chr8	118420063	118545530	9	6	3
c163a85d-4f6b-5b6a-9ef0-275763690707	chr8	118545752	119090835	8	6	2
c163a85d-4f6b-5b6a-9ef0-275763690707	chr8	119096137	119191114	11	6	5
c163a85d-4f6b-5b6a-9ef0-275763690707	chr8	119193247	133064519	8	6	2
c163a85d-4f6b-5b6a-9ef0-275763690707	chr8	133065894	133312168	9	7	2
c163a85d-4f6b-5b6a-9ef0-275763690707	chr8	133312779	145072769	8	6	2
c163a85d-4f6b-5b6a-9ef0-275763690707	chr9	46587	7353056	4	2	2
c163a85d-4f6b-5b6a-9ef0-275763690707	chr9	7353069	9389708	5	3	2
c163a85d-4f6b-5b6a-9ef0-275763690707	chr9	9389992	18194385	4	2	2
c163a85d-4f6b-5b6a-9ef0-275763690707	chr9	18195313	18516000	5	3	2
c163a85d-4f6b-5b6a-9ef0-275763690707	chr9	18516399	41741113	4	2	2
c163a85d-4f6b-5b6a-9ef0-275763690707	chr9	60863881	68425024	9	6	3
c163a85d-4f6b-5b6a-9ef0-275763690707	chr9	68426962	88103177	4	2	2
c163a85d-4f6b-5b6a-9ef0-275763690707	chr9	88103199	89697011	5	3	2
c163a85d-4f6b-5b6a-9ef0-275763690707	chr9	89697512	89699691	3	2	1
c163a85d-4f6b-5b6a-9ef0-275763690707	chr9	89699755	93916762	4	2	2
c163a85d-4f6b-5b6a-9ef0-275763690707	chr9	93917076	96747758	5	3	2
c163a85d-4f6b-5b6a-9ef0-275763690707	chr9	96747857	104597570	4	2	2
c163a85d-4f6b-5b6a-9ef0-275763690707	chr9	104597669	117632079	5	3	2
c163a85d-4f6b-5b6a-9ef0-275763690707	chr9	117635887	138200944	3	2	1
c163a85d-4f6b-5b6a-9ef0-275763690707	chr10	45792	28652127	3	2	1
c163a85d-4f6b-5b6a-9ef0-275763690707	chr10	28652224	29065933	4	2	2
c163a85d-4f6b-5b6a-9ef0-275763690707	chr10	29067662	52024196	3	2	1
c163a85d-4f6b-5b6a-9ef0-275763690707	chr10	52027389	52101550	1	1	0
c163a85d-4f6b-5b6a-9ef0-275763690707	chr10	52106224	131965938	3	2	1
c163a85d-4f6b-5b6a-9ef0-275763690707	chr10	131970820	133103793	5	3	2
c163a85d-4f6b-5b6a-9ef0-275763690707	chr10	133107631	133654968	3	2	1
c163a85d-4f6b-5b6a-9ef0-275763690707	chr11	198510	44230159	3	2	1
c163a85d-4f6b-5b6a-9ef0-275763690707	chr11	44231408	44563791	4	3	1
c163a85d-4f6b-5b6a-9ef0-275763690707	chr11	44569882	85747002	3	2	1
c163a85d-4f6b-5b6a-9ef0-275763690707	chr11	85748888	87291968	2	2	0
c163a85d-4f6b-5b6a-9ef0-275763690707	chr11	87293944	118795858	3	2	1
c163a85d-4f6b-5b6a-9ef0-275763690707	chr11	118796648	135074876	2	1	1
c163a85d-4f6b-5b6a-9ef0-275763690707	chr12	51460	8241781	3	2	1
c163a85d-4f6b-5b6a-9ef0-275763690707	chr12	8249238	8548030	4	2	2
c163a85d-4f6b-5b6a-9ef0-275763690707	chr12	8548199	11663529	3	2	1
c163a85d-4f6b-5b6a-9ef0-275763690707	chr12	11671350	11675128	1	1	0
c163a85d-4f6b-5b6a-9ef0-275763690707	chr12	11676375	90989583	3	2	1
c163a85d-4f6b-5b6a-9ef0-275763690707	chr12	90990596	91390738	5	3	2
c163a85d-4f6b-5b6a-9ef0-275763690707	chr12	91392840	108373839	3	2	1
c163a85d-4f6b-5b6a-9ef0-275763690707	chr12	108374668	108899544	4	3	1
c163a85d-4f6b-5b6a-9ef0-275763690707	chr12	108902275	115606114	2	1	1
c163a85d-4f6b-5b6a-9ef0-275763690707	chr12	115606837	115625178	3	2	1
c163a85d-4f6b-5b6a-9ef0-275763690707	chr12	115625632	133201603	2	1	1
c163a85d-4f6b-5b6a-9ef0-275763690707	chr13	18452809	19657888	4	2	2
c163a85d-4f6b-5b6a-9ef0-275763690707	chr13	19661179	44978986	3	2	1
c163a85d-4f6b-5b6a-9ef0-275763690707	chr13	44979184	57192766	2	2	0
c163a85d-4f6b-5b6a-9ef0-275763690707	chr13	57193049	57204246	0	0	0
c163a85d-4f6b-5b6a-9ef0-275763690707	chr13	57215580	75357457	2	2	0
c163a85d-4f6b-5b6a-9ef0-275763690707	chr13	75357847	75684934	7	7	0
c163a85d-4f6b-5b6a-9ef0-275763690707	chr13	75685119	109742385	2	2	0
c163a85d-4f6b-5b6a-9ef0-275763690707	chr13	109744675	114342922	4	4	0
c163a85d-4f6b-5b6a-9ef0-275763690707	chr14	18239283	21881051	4	2	2
c163a85d-4f6b-5b6a-9ef0-275763690707	chr14	21881313	61161600	3	2	1
c163a85d-4f6b-5b6a-9ef0-275763690707	chr14	61162335	79133247	4	2	2
c163a85d-4f6b-5b6a-9ef0-275763690707	chr14	79136190	92861276	3	2	1
c163a85d-4f6b-5b6a-9ef0-275763690707	chr14	92865389	92903062	2	1	1
c163a85d-4f6b-5b6a-9ef0-275763690707	chr14	92905767	106877229	3	2	1
c163a85d-4f6b-5b6a-9ef0-275763690707	chr15	19811075	23409060	5	3	2
c163a85d-4f6b-5b6a-9ef0-275763690707	chr15	23409147	47282857	2	1	1
c163a85d-4f6b-5b6a-9ef0-275763690707	chr15	47284458	48674356	3	2	1
c163a85d-4f6b-5b6a-9ef0-275763690707	chr15	48675522	66340939	2	1	1
c163a85d-4f6b-5b6a-9ef0-275763690707	chr15	66341391	66677354	5	3	2
c163a85d-4f6b-5b6a-9ef0-275763690707	chr15	66677933	66804095	3	3	0
c163a85d-4f6b-5b6a-9ef0-275763690707	chr15	66804320	69236922	5	3	2
c163a85d-4f6b-5b6a-9ef0-275763690707	chr15	69237129	69654528	3	2	1
c163a85d-4f6b-5b6a-9ef0-275763690707	chr15	69654585	70068980	2	1	1
c163a85d-4f6b-5b6a-9ef0-275763690707	chr15	70070221	77036339	5	3	2
c163a85d-4f6b-5b6a-9ef0-275763690707	chr15	77036413	78504104	3	2	1
c163a85d-4f6b-5b6a-9ef0-275763690707	chr15	78504627	78511381	4	2	2
c163a85d-4f6b-5b6a-9ef0-275763690707	chr15	78513681	78711630	5	3	2
c163a85d-4f6b-5b6a-9ef0-275763690707	chr15	78712025	78829711	2	1	1
c163a85d-4f6b-5b6a-9ef0-275763690707	chr15	78829883	81292728	4	2	2
c163a85d-4f6b-5b6a-9ef0-275763690707	chr15	81296654	82399854	3	2	1
c163a85d-4f6b-5b6a-9ef0-275763690707	chr15	82403496	95563668	5	3	2
c163a85d-4f6b-5b6a-9ef0-275763690707	chr15	95569640	95908240	2	1	1
c163a85d-4f6b-5b6a-9ef0-275763690707	chr15	95908815	99745500	5	3	2
c163a85d-4f6b-5b6a-9ef0-275763690707	chr15	99746492	100453404	4	2	2
c163a85d-4f6b-5b6a-9ef0-275763690707	chr15	100455720	100508500	9	7	2
c163a85d-4f6b-5b6a-9ef0-275763690707	chr15	100510322	100782916	10	9	1
c163a85d-4f6b-5b6a-9ef0-275763690707	chr15	100785079	101070131	5	3	2
c163a85d-4f6b-5b6a-9ef0-275763690707	chr15	101072358	101928837	7	5	2
c163a85d-4f6b-5b6a-9ef0-275763690707	chr16	10777	25817556	2	1	1
c163a85d-4f6b-5b6a-9ef0-275763690707	chr16	25817586	26723002	1	1	0
c163a85d-4f6b-5b6a-9ef0-275763690707	chr16	26723893	28258331	2	1	1
c163a85d-4f6b-5b6a-9ef0-275763690707	chr16	28259888	36048855	3	2	1
c163a85d-4f6b-5b6a-9ef0-275763690707	chr16	46441986	48628764	4	2	2
c163a85d-4f6b-5b6a-9ef0-275763690707	chr16	48632589	77499677	3	2	1
c163a85d-4f6b-5b6a-9ef0-275763690707	chr16	77499813	77769114	5	3	2
c163a85d-4f6b-5b6a-9ef0-275763690707	chr16	77771724	90096867	3	2	1
c163a85d-4f6b-5b6a-9ef0-275763690707	chr17	150733	8790325	2	2	0
c163a85d-4f6b-5b6a-9ef0-275763690707	chr17	8790663	11919581	1	1	0
c163a85d-4f6b-5b6a-9ef0-275763690707	chr17	11919954	27572642	2	2	0
c163a85d-4f6b-5b6a-9ef0-275763690707	chr17	27572900	32801876	1	1	0
c163a85d-4f6b-5b6a-9ef0-275763690707	chr17	32802077	42518157	2	1	1
c163a85d-4f6b-5b6a-9ef0-275763690707	chr17	42518212	46080231	3	2	1
c163a85d-4f6b-5b6a-9ef0-275763690707	chr17	46084501	46286848	5	4	1
c163a85d-4f6b-5b6a-9ef0-275763690707	chr17	46323701	49541907	3	2	1
c163a85d-4f6b-5b6a-9ef0-275763690707	chr17	49542151	50318621	6	5	1
c163a85d-4f6b-5b6a-9ef0-275763690707	chr17	50320743	64491665	3	2	1
c163a85d-4f6b-5b6a-9ef0-275763690707	chr17	64496295	64989719	5	4	1
c163a85d-4f6b-5b6a-9ef0-275763690707	chr17	64992049	83091923	3	2	1
c163a85d-4f6b-5b6a-9ef0-275763690707	chr18	48133	15402409	3	2	1
c163a85d-4f6b-5b6a-9ef0-275763690707	chr18	20949392	26758645	2	1	1
c163a85d-4f6b-5b6a-9ef0-275763690707	chr18	26759755	80257174	3	2	1
c163a85d-4f6b-5b6a-9ef0-275763690707	chr19	90910	4257359	2	2	0
c163a85d-4f6b-5b6a-9ef0-275763690707	chr19	4265945	28814512	3	2	1
c163a85d-4f6b-5b6a-9ef0-275763690707	chr19	28814967	29058003	6	3	3
c163a85d-4f6b-5b6a-9ef0-275763690707	chr19	29060322	29539671	4	3	1
c163a85d-4f6b-5b6a-9ef0-275763690707	chr19	29540382	29796662	1	1	0
c163a85d-4f6b-5b6a-9ef0-275763690707	chr19	29798629	30332572	7	6	1
c163a85d-4f6b-5b6a-9ef0-275763690707	chr19	30333399	30822989	6	4	2
c163a85d-4f6b-5b6a-9ef0-275763690707	chr19	30830264	37381814	2	2	0
c163a85d-4f6b-5b6a-9ef0-275763690707	chr19	37382109	37866112	3	2	1
c163a85d-4f6b-5b6a-9ef0-275763690707	chr19	37868519	58002109	2	2	0
c163a85d-4f6b-5b6a-9ef0-275763690707	chr19	58006301	58586487	3	2	1
c163a85d-4f6b-5b6a-9ef0-275763690707	chr20	80664	10706633	4	2	2
c163a85d-4f6b-5b6a-9ef0-275763690707	chr20	10706934	11106906	5	3	2
c163a85d-4f6b-5b6a-9ef0-275763690707	chr20	11110810	41405600	4	2	2
c163a85d-4f6b-5b6a-9ef0-275763690707	chr20	41405646	41796143	5	3	2
c163a85d-4f6b-5b6a-9ef0-275763690707	chr20	41798819	49642497	4	2	2
c163a85d-4f6b-5b6a-9ef0-275763690707	chr20	49642593	64324800	5	3	2
c163a85d-4f6b-5b6a-9ef0-275763690707	chr21	12973348	46677045	3	2	1
c163a85d-4f6b-5b6a-9ef0-275763690707	chr22	16392123	25268018	4	2	2
c163a85d-4f6b-5b6a-9ef0-275763690707	chr22	25268834	25515369	1	1	0
c163a85d-4f6b-5b6a-9ef0-275763690707	chr22	25515430	33171375	4	2	2
c163a85d-4f6b-5b6a-9ef0-275763690707	chr22	33172574	34234501	3	2	1
c163a85d-4f6b-5b6a-9ef0-275763690707	chr22	34235088	50661004	4	2	2
c163a85d-4f6b-5b6a-9ef0-275763690707	chr22	50665264	50796027	6	4	2
c163a85d-4f6b-5b6a-9ef0-275763690707	chrX	251810	5603506	2	2	0
c163a85d-4f6b-5b6a-9ef0-275763690707	chrX	5603523	7641450	1	1	0
c163a85d-4f6b-5b6a-9ef0-275763690707	chrX	7641953	43692367	2	2	0
c163a85d-4f6b-5b6a-9ef0-275763690707	chrX	43693955	45961207	1	1	0
c163a85d-4f6b-5b6a-9ef0-275763690707	chrX	45961645	62802319	2	2	0
c163a85d-4f6b-5b6a-9ef0-275763690707	chrX	62831001	156004181	1	1	0
c163a85d-4f6b-5b6a-9ef0-275763690707	chrY	2782397	26653788	0	0	0
c163a85d-4f6b-5b6a-9ef0-275763690707	chrY	56872112	56872112	12	12	0
