GDC_Aliquot	Chromosome	Start	End	Copy_Number	Major_Copy_Number	Minor_Copy_Number
e78d00de-99f8-5d7e-ad68-32f1d87dd9d9	chr1	62920	5658453	3	3	0
e78d00de-99f8-5d7e-ad68-32f1d87dd9d9	chr1	5658514	6825185	5	3	2
e78d00de-99f8-5d7e-ad68-32f1d87dd9d9	chr1	6826589	7557495	7	4	3
e78d00de-99f8-5d7e-ad68-32f1d87dd9d9	chr1	7561529	8834930	5	3	2
e78d00de-99f8-5d7e-ad68-32f1d87dd9d9	chr1	8838567	11889396	6	3	3
e78d00de-99f8-5d7e-ad68-32f1d87dd9d9	chr1	11889913	21675103	5	3	2
e78d00de-99f8-5d7e-ad68-32f1d87dd9d9	chr1	21676374	30512974	6	3	3
e78d00de-99f8-5d7e-ad68-32f1d87dd9d9	chr1	30514567	31444974	6	4	2
e78d00de-99f8-5d7e-ad68-32f1d87dd9d9	chr1	31445124	33397772	6	3	3
e78d00de-99f8-5d7e-ad68-32f1d87dd9d9	chr1	33398095	44956127	5	3	2
e78d00de-99f8-5d7e-ad68-32f1d87dd9d9	chr1	44958271	45489887	3	3	0
e78d00de-99f8-5d7e-ad68-32f1d87dd9d9	chr1	45492413	48243491	5	3	2
e78d00de-99f8-5d7e-ad68-32f1d87dd9d9	chr1	48246143	51870644	3	3	0
e78d00de-99f8-5d7e-ad68-32f1d87dd9d9	chr1	51870936	53133361	15	12	3
e78d00de-99f8-5d7e-ad68-32f1d87dd9d9	chr1	53134678	55035303	13	10	3
e78d00de-99f8-5d7e-ad68-32f1d87dd9d9	chr1	55036464	62441987	15	12	3
e78d00de-99f8-5d7e-ad68-32f1d87dd9d9	chr1	62444328	65352934	19	16	3
e78d00de-99f8-5d7e-ad68-32f1d87dd9d9	chr1	65353026	69767245	17	14	3
e78d00de-99f8-5d7e-ad68-32f1d87dd9d9	chr1	69771701	71103711	13	10	3
e78d00de-99f8-5d7e-ad68-32f1d87dd9d9	chr1	71104601	72111831	16	13	3
e78d00de-99f8-5d7e-ad68-32f1d87dd9d9	chr1	72117692	72297687	12	8	4
e78d00de-99f8-5d7e-ad68-32f1d87dd9d9	chr1	72302735	72345465	3	3	0
e78d00de-99f8-5d7e-ad68-32f1d87dd9d9	chr1	72346221	72969710	12	8	4
e78d00de-99f8-5d7e-ad68-32f1d87dd9d9	chr1	72970987	75096751	19	16	3
e78d00de-99f8-5d7e-ad68-32f1d87dd9d9	chr1	75097607	77026341	14	11	3
e78d00de-99f8-5d7e-ad68-32f1d87dd9d9	chr1	77027004	79396098	18	15	3
e78d00de-99f8-5d7e-ad68-32f1d87dd9d9	chr1	79398447	80401696	14	11	3
e78d00de-99f8-5d7e-ad68-32f1d87dd9d9	chr1	80402459	84709700	17	14	3
e78d00de-99f8-5d7e-ad68-32f1d87dd9d9	chr1	84709901	85842662	19	16	3
e78d00de-99f8-5d7e-ad68-32f1d87dd9d9	chr1	85851424	91217193	13	10	3
e78d00de-99f8-5d7e-ad68-32f1d87dd9d9	chr1	91217809	92151153	8	5	3
e78d00de-99f8-5d7e-ad68-32f1d87dd9d9	chr1	92152029	92199009	13	13	0
e78d00de-99f8-5d7e-ad68-32f1d87dd9d9	chr1	92200526	92200964	8	5	3
e78d00de-99f8-5d7e-ad68-32f1d87dd9d9	chr1	92205300	92887483	12	9	3
e78d00de-99f8-5d7e-ad68-32f1d87dd9d9	chr1	92902752	93769559	9	6	3
e78d00de-99f8-5d7e-ad68-32f1d87dd9d9	chr1	93771639	94974859	5	3	2
e78d00de-99f8-5d7e-ad68-32f1d87dd9d9	chr1	94975315	98770469	3	3	0
e78d00de-99f8-5d7e-ad68-32f1d87dd9d9	chr1	98775298	99410666	6	4	2
e78d00de-99f8-5d7e-ad68-32f1d87dd9d9	chr1	99410952	99560741	8	4	4
e78d00de-99f8-5d7e-ad68-32f1d87dd9d9	chr1	99560882	101689550	5	3	2
e78d00de-99f8-5d7e-ad68-32f1d87dd9d9	chr1	101692660	102350442	8	4	4
e78d00de-99f8-5d7e-ad68-32f1d87dd9d9	chr1	102350784	107689008	5	3	2
e78d00de-99f8-5d7e-ad68-32f1d87dd9d9	chr1	107693184	110227531	10	7	3
e78d00de-99f8-5d7e-ad68-32f1d87dd9d9	chr1	110227671	111721652	7	4	3
e78d00de-99f8-5d7e-ad68-32f1d87dd9d9	chr1	111721918	112137724	9	6	3
e78d00de-99f8-5d7e-ad68-32f1d87dd9d9	chr1	112140240	114711236	8	4	4
e78d00de-99f8-5d7e-ad68-32f1d87dd9d9	chr1	114711254	121705338	5	3	2
e78d00de-99f8-5d7e-ad68-32f1d87dd9d9	chr1	143541857	152161660	4	3	1
e78d00de-99f8-5d7e-ad68-32f1d87dd9d9	chr1	152167164	152583051	6	3	3
e78d00de-99f8-5d7e-ad68-32f1d87dd9d9	chr1	152583230	152614064	0	0	0
e78d00de-99f8-5d7e-ad68-32f1d87dd9d9	chr1	152614100	152787202	6	3	3
e78d00de-99f8-5d7e-ad68-32f1d87dd9d9	chr1	152789447	152796224	0	0	0
e78d00de-99f8-5d7e-ad68-32f1d87dd9d9	chr1	152801429	153127638	6	3	3
e78d00de-99f8-5d7e-ad68-32f1d87dd9d9	chr1	153127918	156768479	4	3	1
e78d00de-99f8-5d7e-ad68-32f1d87dd9d9	chr1	156768538	158836417	5	3	2
e78d00de-99f8-5d7e-ad68-32f1d87dd9d9	chr1	158837191	161341300	4	3	1
e78d00de-99f8-5d7e-ad68-32f1d87dd9d9	chr1	161341429	164301467	5	3	2
e78d00de-99f8-5d7e-ad68-32f1d87dd9d9	chr1	164301620	170854413	4	3	1
e78d00de-99f8-5d7e-ad68-32f1d87dd9d9	chr1	170861136	186105786	3	3	0
e78d00de-99f8-5d7e-ad68-32f1d87dd9d9	chr1	186107760	187321019	4	3	1
e78d00de-99f8-5d7e-ad68-32f1d87dd9d9	chr1	187321263	199816514	2	2	0
e78d00de-99f8-5d7e-ad68-32f1d87dd9d9	chr1	199816914	200184441	14	11	3
e78d00de-99f8-5d7e-ad68-32f1d87dd9d9	chr1	200192020	236626827	3	3	0
e78d00de-99f8-5d7e-ad68-32f1d87dd9d9	chr1	236628767	236674133	2	2	0
e78d00de-99f8-5d7e-ad68-32f1d87dd9d9	chr1	236674313	248930189	3	3	0
e78d00de-99f8-5d7e-ad68-32f1d87dd9d9	chr2	12784	52527590	6	4	2
e78d00de-99f8-5d7e-ad68-32f1d87dd9d9	chr2	52527727	52554404	0	0	0
e78d00de-99f8-5d7e-ad68-32f1d87dd9d9	chr2	52560811	96491164	6	4	2
e78d00de-99f8-5d7e-ad68-32f1d87dd9d9	chr2	96493299	104901473	4	2	2
e78d00de-99f8-5d7e-ad68-32f1d87dd9d9	chr2	104904954	104970922	8	5	3
e78d00de-99f8-5d7e-ad68-32f1d87dd9d9	chr2	104974032	107040355	4	2	2
e78d00de-99f8-5d7e-ad68-32f1d87dd9d9	chr2	107041560	107929725	8	6	2
e78d00de-99f8-5d7e-ad68-32f1d87dd9d9	chr2	107934133	108017094	4	2	2
e78d00de-99f8-5d7e-ad68-32f1d87dd9d9	chr2	108018401	108994641	6	4	2
e78d00de-99f8-5d7e-ad68-32f1d87dd9d9	chr2	108999596	128014852	4	2	2
e78d00de-99f8-5d7e-ad68-32f1d87dd9d9	chr2	128019318	139622759	5	3	2
e78d00de-99f8-5d7e-ad68-32f1d87dd9d9	chr2	139623102	140371899	6	4	2
e78d00de-99f8-5d7e-ad68-32f1d87dd9d9	chr2	140375836	156004646	4	2	2
e78d00de-99f8-5d7e-ad68-32f1d87dd9d9	chr2	156006101	156091352	5	3	2
e78d00de-99f8-5d7e-ad68-32f1d87dd9d9	chr2	156091844	156119986	3	2	1
e78d00de-99f8-5d7e-ad68-32f1d87dd9d9	chr2	156121675	157172824	8	5	3
e78d00de-99f8-5d7e-ad68-32f1d87dd9d9	chr2	157174777	157231923	5	3	2
e78d00de-99f8-5d7e-ad68-32f1d87dd9d9	chr2	157232027	157232027	8	8	0
e78d00de-99f8-5d7e-ad68-32f1d87dd9d9	chr2	157235702	177079941	4	2	2
e78d00de-99f8-5d7e-ad68-32f1d87dd9d9	chr2	177082966	179187704	6	4	2
e78d00de-99f8-5d7e-ad68-32f1d87dd9d9	chr2	179190901	183092211	4	2	2
e78d00de-99f8-5d7e-ad68-32f1d87dd9d9	chr2	183096940	183206853	8	6	2
e78d00de-99f8-5d7e-ad68-32f1d87dd9d9	chr2	183209675	183242133	4	2	2
e78d00de-99f8-5d7e-ad68-32f1d87dd9d9	chr2	183246669	183383872	9	6	3
e78d00de-99f8-5d7e-ad68-32f1d87dd9d9	chr2	183386307	183808060	4	2	2
e78d00de-99f8-5d7e-ad68-32f1d87dd9d9	chr2	183809244	185481944	6	4	2
e78d00de-99f8-5d7e-ad68-32f1d87dd9d9	chr2	185482319	187550185	4	2	2
e78d00de-99f8-5d7e-ad68-32f1d87dd9d9	chr2	187555197	189017339	8	6	2
e78d00de-99f8-5d7e-ad68-32f1d87dd9d9	chr2	189017755	189162399	4	3	1
e78d00de-99f8-5d7e-ad68-32f1d87dd9d9	chr2	189164242	192482661	2	2	0
e78d00de-99f8-5d7e-ad68-32f1d87dd9d9	chr2	192491327	193387035	5	5	0
e78d00de-99f8-5d7e-ad68-32f1d87dd9d9	chr2	193389232	206279080	2	2	0
e78d00de-99f8-5d7e-ad68-32f1d87dd9d9	chr2	206280468	206598253	4	4	0
e78d00de-99f8-5d7e-ad68-32f1d87dd9d9	chr2	206600240	227814695	2	2	0
e78d00de-99f8-5d7e-ad68-32f1d87dd9d9	chr2	227817003	228575971	0	0	0
e78d00de-99f8-5d7e-ad68-32f1d87dd9d9	chr2	228581270	242147305	2	2	0
e78d00de-99f8-5d7e-ad68-32f1d87dd9d9	chr3	20930	61059420	5	3	2
e78d00de-99f8-5d7e-ad68-32f1d87dd9d9	chr3	61059876	61067246	3	2	1
e78d00de-99f8-5d7e-ad68-32f1d87dd9d9	chr3	61067307	94870601	5	3	2
e78d00de-99f8-5d7e-ad68-32f1d87dd9d9	chr3	94871845	115903396	3	3	0
e78d00de-99f8-5d7e-ad68-32f1d87dd9d9	chr3	115905593	116731252	1	1	0
e78d00de-99f8-5d7e-ad68-32f1d87dd9d9	chr3	116732697	116980097	0	0	0
e78d00de-99f8-5d7e-ad68-32f1d87dd9d9	chr3	116980665	117100296	1	1	0
e78d00de-99f8-5d7e-ad68-32f1d87dd9d9	chr3	117100898	168936446	3	3	0
e78d00de-99f8-5d7e-ad68-32f1d87dd9d9	chr3	168937254	169304677	4	3	1
e78d00de-99f8-5d7e-ad68-32f1d87dd9d9	chr3	169306720	198169247	3	3	0
e78d00de-99f8-5d7e-ad68-32f1d87dd9d9	chr4	68929	1167692	5	3	2
e78d00de-99f8-5d7e-ad68-32f1d87dd9d9	chr4	1168234	1505243	4	2	2
e78d00de-99f8-5d7e-ad68-32f1d87dd9d9	chr4	1510104	4443049	7	5	2
e78d00de-99f8-5d7e-ad68-32f1d87dd9d9	chr4	4443588	4520392	2	2	0
e78d00de-99f8-5d7e-ad68-32f1d87dd9d9	chr4	4521471	13054575	7	5	2
e78d00de-99f8-5d7e-ad68-32f1d87dd9d9	chr4	13054593	73571337	5	3	2
e78d00de-99f8-5d7e-ad68-32f1d87dd9d9	chr4	73573751	76138268	6	3	3
e78d00de-99f8-5d7e-ad68-32f1d87dd9d9	chr4	76141015	77178345	5	3	2
e78d00de-99f8-5d7e-ad68-32f1d87dd9d9	chr4	77179901	77355661	9	6	3
e78d00de-99f8-5d7e-ad68-32f1d87dd9d9	chr4	77355857	77495637	6	3	3
e78d00de-99f8-5d7e-ad68-32f1d87dd9d9	chr4	77496383	81165191	5	3	2
e78d00de-99f8-5d7e-ad68-32f1d87dd9d9	chr4	81166567	86904852	9	6	3
e78d00de-99f8-5d7e-ad68-32f1d87dd9d9	chr4	86906392	87274615	5	3	2
e78d00de-99f8-5d7e-ad68-32f1d87dd9d9	chr4	87275066	91444031	6	3	3
e78d00de-99f8-5d7e-ad68-32f1d87dd9d9	chr4	91444165	91567686	5	3	2
e78d00de-99f8-5d7e-ad68-32f1d87dd9d9	chr4	91570674	94736564	6	3	3
e78d00de-99f8-5d7e-ad68-32f1d87dd9d9	chr4	94739885	96044698	7	4	3
e78d00de-99f8-5d7e-ad68-32f1d87dd9d9	chr4	96046280	102991504	6	3	3
e78d00de-99f8-5d7e-ad68-32f1d87dd9d9	chr4	102998653	141196213	5	3	2
e78d00de-99f8-5d7e-ad68-32f1d87dd9d9	chr4	141197087	143460926	6	3	3
e78d00de-99f8-5d7e-ad68-32f1d87dd9d9	chr4	143461867	182877556	5	3	2
e78d00de-99f8-5d7e-ad68-32f1d87dd9d9	chr4	182878443	190106768	4	2	2
e78d00de-99f8-5d7e-ad68-32f1d87dd9d9	chr5	15532	16528148	4	4	0
e78d00de-99f8-5d7e-ad68-32f1d87dd9d9	chr5	16530128	16540432	3	3	0
e78d00de-99f8-5d7e-ad68-32f1d87dd9d9	chr5	16540633	42587630	4	4	0
e78d00de-99f8-5d7e-ad68-32f1d87dd9d9	chr5	42590646	46389171	6	4	2
e78d00de-99f8-5d7e-ad68-32f1d87dd9d9	chr5	50146124	99521183	2	2	0
e78d00de-99f8-5d7e-ad68-32f1d87dd9d9	chr5	99527929	99936254	4	2	2
e78d00de-99f8-5d7e-ad68-32f1d87dd9d9	chr5	99939122	100029023	6	4	2
e78d00de-99f8-5d7e-ad68-32f1d87dd9d9	chr5	100033250	145000194	4	2	2
e78d00de-99f8-5d7e-ad68-32f1d87dd9d9	chr5	145002057	146548711	2	2	0
e78d00de-99f8-5d7e-ad68-32f1d87dd9d9	chr5	146549233	148433450	3	3	0
e78d00de-99f8-5d7e-ad68-32f1d87dd9d9	chr5	148440362	148658761	7	5	2
e78d00de-99f8-5d7e-ad68-32f1d87dd9d9	chr5	148667203	148784024	3	3	0
e78d00de-99f8-5d7e-ad68-32f1d87dd9d9	chr5	148784601	149983444	6	3	3
e78d00de-99f8-5d7e-ad68-32f1d87dd9d9	chr5	149983917	151130797	5	3	2
e78d00de-99f8-5d7e-ad68-32f1d87dd9d9	chr5	151131416	151213705	6	4	2
e78d00de-99f8-5d7e-ad68-32f1d87dd9d9	chr5	151214634	151359030	8	6	2
e78d00de-99f8-5d7e-ad68-32f1d87dd9d9	chr5	151359159	151725432	6	4	2
e78d00de-99f8-5d7e-ad68-32f1d87dd9d9	chr5	151728033	153891156	5	3	2
e78d00de-99f8-5d7e-ad68-32f1d87dd9d9	chr5	153891516	154442782	7	5	2
e78d00de-99f8-5d7e-ad68-32f1d87dd9d9	chr5	154442975	155963429	4	2	2
e78d00de-99f8-5d7e-ad68-32f1d87dd9d9	chr5	155963446	156376929	8	6	2
e78d00de-99f8-5d7e-ad68-32f1d87dd9d9	chr5	156378350	158212126	6	4	2
e78d00de-99f8-5d7e-ad68-32f1d87dd9d9	chr5	158214507	159472202	4	2	2
e78d00de-99f8-5d7e-ad68-32f1d87dd9d9	chr5	159474957	160242218	6	4	2
e78d00de-99f8-5d7e-ad68-32f1d87dd9d9	chr5	160242296	162154317	8	6	2
e78d00de-99f8-5d7e-ad68-32f1d87dd9d9	chr5	162155771	165329103	6	4	2
e78d00de-99f8-5d7e-ad68-32f1d87dd9d9	chr5	165329613	165488495	4	4	0
e78d00de-99f8-5d7e-ad68-32f1d87dd9d9	chr5	165491363	165692213	2	2	0
e78d00de-99f8-5d7e-ad68-32f1d87dd9d9	chr5	165697332	167174172	0	0	0
e78d00de-99f8-5d7e-ad68-32f1d87dd9d9	chr5	167177641	179457560	2	2	0
e78d00de-99f8-5d7e-ad68-32f1d87dd9d9	chr5	179459826	179540832	13	13	0
e78d00de-99f8-5d7e-ad68-32f1d87dd9d9	chr5	179544595	181363319	2	2	0
e78d00de-99f8-5d7e-ad68-32f1d87dd9d9	chr6	149661	4349659	1	1	0
e78d00de-99f8-5d7e-ad68-32f1d87dd9d9	chr6	4350464	8095003	4	3	1
e78d00de-99f8-5d7e-ad68-32f1d87dd9d9	chr6	8095863	8257451	7	6	1
e78d00de-99f8-5d7e-ad68-32f1d87dd9d9	chr6	8258002	8272886	5	4	1
e78d00de-99f8-5d7e-ad68-32f1d87dd9d9	chr6	8286769	11181846	1	1	0
e78d00de-99f8-5d7e-ad68-32f1d87dd9d9	chr6	11185816	12019297	4	3	1
e78d00de-99f8-5d7e-ad68-32f1d87dd9d9	chr6	12020008	13058295	1	1	0
e78d00de-99f8-5d7e-ad68-32f1d87dd9d9	chr6	13063080	14347981	4	3	1
e78d00de-99f8-5d7e-ad68-32f1d87dd9d9	chr6	14352282	20362498	1	1	0
e78d00de-99f8-5d7e-ad68-32f1d87dd9d9	chr6	20365831	20370519	8	6	2
e78d00de-99f8-5d7e-ad68-32f1d87dd9d9	chr6	20373897	21020398	7	6	1
e78d00de-99f8-5d7e-ad68-32f1d87dd9d9	chr6	21023517	21284247	9	8	1
e78d00de-99f8-5d7e-ad68-32f1d87dd9d9	chr6	21284998	21814560	6	5	1
e78d00de-99f8-5d7e-ad68-32f1d87dd9d9	chr6	21816064	31373030	3	2	1
e78d00de-99f8-5d7e-ad68-32f1d87dd9d9	chr6	31375827	32338202	5	4	1
e78d00de-99f8-5d7e-ad68-32f1d87dd9d9	chr6	32338313	38694823	3	2	1
e78d00de-99f8-5d7e-ad68-32f1d87dd9d9	chr6	38695118	41462812	5	4	1
e78d00de-99f8-5d7e-ad68-32f1d87dd9d9	chr6	41462834	43464513	6	5	1
e78d00de-99f8-5d7e-ad68-32f1d87dd9d9	chr6	43469363	49195557	4	3	1
e78d00de-99f8-5d7e-ad68-32f1d87dd9d9	chr6	49195799	50214619	7	6	1
e78d00de-99f8-5d7e-ad68-32f1d87dd9d9	chr6	50216342	54124240	3	2	1
e78d00de-99f8-5d7e-ad68-32f1d87dd9d9	chr6	54135104	54583693	1	1	0
e78d00de-99f8-5d7e-ad68-32f1d87dd9d9	chr6	54586196	54621088	4	3	1
e78d00de-99f8-5d7e-ad68-32f1d87dd9d9	chr6	54621901	58432750	1	1	0
e78d00de-99f8-5d7e-ad68-32f1d87dd9d9	chr6	58448438	63997323	3	2	1
e78d00de-99f8-5d7e-ad68-32f1d87dd9d9	chr6	64002318	67815618	2	2	0
e78d00de-99f8-5d7e-ad68-32f1d87dd9d9	chr6	67815700	69023751	4	2	2
e78d00de-99f8-5d7e-ad68-32f1d87dd9d9	chr6	69026339	72402678	2	2	0
e78d00de-99f8-5d7e-ad68-32f1d87dd9d9	chr6	72402749	74358937	4	4	0
e78d00de-99f8-5d7e-ad68-32f1d87dd9d9	chr6	74361173	75160604	2	2	0
e78d00de-99f8-5d7e-ad68-32f1d87dd9d9	chr6	75161423	85840324	4	2	2
e78d00de-99f8-5d7e-ad68-32f1d87dd9d9	chr6	85846278	86215378	1	1	0
e78d00de-99f8-5d7e-ad68-32f1d87dd9d9	chr6	86218886	104079917	4	2	2
e78d00de-99f8-5d7e-ad68-32f1d87dd9d9	chr6	104082327	105497025	9	7	2
e78d00de-99f8-5d7e-ad68-32f1d87dd9d9	chr6	105499275	145644805	4	2	2
e78d00de-99f8-5d7e-ad68-32f1d87dd9d9	chr6	145645169	145998490	6	4	2
e78d00de-99f8-5d7e-ad68-32f1d87dd9d9	chr6	145999205	146412264	4	2	2
e78d00de-99f8-5d7e-ad68-32f1d87dd9d9	chr6	146412538	146450449	6	4	2
e78d00de-99f8-5d7e-ad68-32f1d87dd9d9	chr6	146452673	170202932	4	2	2
e78d00de-99f8-5d7e-ad68-32f1d87dd9d9	chr6	170204337	170494093	11	7	4
e78d00de-99f8-5d7e-ad68-32f1d87dd9d9	chr6	170494147	170741917	6	4	2
e78d00de-99f8-5d7e-ad68-32f1d87dd9d9	chr7	43259	34364388	5	3	2
e78d00de-99f8-5d7e-ad68-32f1d87dd9d9	chr7	34365430	48949638	4	2	2
e78d00de-99f8-5d7e-ad68-32f1d87dd9d9	chr7	48950023	63123423	5	3	2
e78d00de-99f8-5d7e-ad68-32f1d87dd9d9	chr7	63123469	69935047	4	2	2
e78d00de-99f8-5d7e-ad68-32f1d87dd9d9	chr7	69937775	69999956	2	1	1
e78d00de-99f8-5d7e-ad68-32f1d87dd9d9	chr7	70005710	105810352	4	2	2
e78d00de-99f8-5d7e-ad68-32f1d87dd9d9	chr7	105810520	105930671	2	1	1
e78d00de-99f8-5d7e-ad68-32f1d87dd9d9	chr7	105931042	121206753	4	2	2
e78d00de-99f8-5d7e-ad68-32f1d87dd9d9	chr7	121207541	121238286	6	4	2
e78d00de-99f8-5d7e-ad68-32f1d87dd9d9	chr7	121238307	146923226	4	2	2
e78d00de-99f8-5d7e-ad68-32f1d87dd9d9	chr7	146927088	147324423	2	2	0
e78d00de-99f8-5d7e-ad68-32f1d87dd9d9	chr7	147324867	159334314	4	2	2
e78d00de-99f8-5d7e-ad68-32f1d87dd9d9	chr8	81254	4062163	4	4	0
e78d00de-99f8-5d7e-ad68-32f1d87dd9d9	chr8	4062184	4065174	2	2	0
e78d00de-99f8-5d7e-ad68-32f1d87dd9d9	chr8	4065522	33815048	4	4	0
e78d00de-99f8-5d7e-ad68-32f1d87dd9d9	chr8	33815205	33925495	9	8	1
e78d00de-99f8-5d7e-ad68-32f1d87dd9d9	chr8	33926196	43532946	4	4	0
e78d00de-99f8-5d7e-ad68-32f1d87dd9d9	chr8	43533671	43566387	4	3	1
e78d00de-99f8-5d7e-ad68-32f1d87dd9d9	chr8	43583771	46012500	4	4	0
e78d00de-99f8-5d7e-ad68-32f1d87dd9d9	chr8	46012589	49849110	7	5	2
e78d00de-99f8-5d7e-ad68-32f1d87dd9d9	chr8	49851295	50367768	12	7	5
e78d00de-99f8-5d7e-ad68-32f1d87dd9d9	chr8	50372214	52239570	6	4	2
e78d00de-99f8-5d7e-ad68-32f1d87dd9d9	chr8	52239575	103705357	9	5	4
e78d00de-99f8-5d7e-ad68-32f1d87dd9d9	chr8	103705390	115613203	10	5	5
e78d00de-99f8-5d7e-ad68-32f1d87dd9d9	chr8	115613480	115957709	12	7	5
e78d00de-99f8-5d7e-ad68-32f1d87dd9d9	chr8	115961096	139708796	9	5	4
e78d00de-99f8-5d7e-ad68-32f1d87dd9d9	chr8	139709935	140132042	8	5	3
e78d00de-99f8-5d7e-ad68-32f1d87dd9d9	chr8	140133128	145072769	8	4	4
e78d00de-99f8-5d7e-ad68-32f1d87dd9d9	chr9	46587	9092333	4	2	2
e78d00de-99f8-5d7e-ad68-32f1d87dd9d9	chr9	9092345	10217105	3	2	1
e78d00de-99f8-5d7e-ad68-32f1d87dd9d9	chr9	10217683	41741113	4	2	2
e78d00de-99f8-5d7e-ad68-32f1d87dd9d9	chr9	60863881	68424128	6	5	1
e78d00de-99f8-5d7e-ad68-32f1d87dd9d9	chr9	68425024	71252744	3	3	0
e78d00de-99f8-5d7e-ad68-32f1d87dd9d9	chr9	71255044	88221150	5	4	1
e78d00de-99f8-5d7e-ad68-32f1d87dd9d9	chr9	88221583	98576664	4	3	1
e78d00de-99f8-5d7e-ad68-32f1d87dd9d9	chr9	98576701	101645207	3	3	0
e78d00de-99f8-5d7e-ad68-32f1d87dd9d9	chr9	101645370	124078286	5	4	1
e78d00de-99f8-5d7e-ad68-32f1d87dd9d9	chr9	124078307	133902372	3	3	0
e78d00de-99f8-5d7e-ad68-32f1d87dd9d9	chr9	133904319	138200944	2	2	0
e78d00de-99f8-5d7e-ad68-32f1d87dd9d9	chr10	45792	5404831	2	1	1
e78d00de-99f8-5d7e-ad68-32f1d87dd9d9	chr10	5405255	46525728	4	3	1
e78d00de-99f8-5d7e-ad68-32f1d87dd9d9	chr10	46525759	51718510	3	3	0
e78d00de-99f8-5d7e-ad68-32f1d87dd9d9	chr10	51720465	52016069	2	2	0
e78d00de-99f8-5d7e-ad68-32f1d87dd9d9	chr10	52016370	93893488	3	3	0
e78d00de-99f8-5d7e-ad68-32f1d87dd9d9	chr10	93895170	93991730	4	4	0
e78d00de-99f8-5d7e-ad68-32f1d87dd9d9	chr10	93991742	133654968	3	3	0
e78d00de-99f8-5d7e-ad68-32f1d87dd9d9	chr11	198510	19628562	4	4	0
e78d00de-99f8-5d7e-ad68-32f1d87dd9d9	chr11	19629397	19851943	5	4	1
e78d00de-99f8-5d7e-ad68-32f1d87dd9d9	chr11	19852873	20722786	4	4	0
e78d00de-99f8-5d7e-ad68-32f1d87dd9d9	chr11	20723527	21188031	6	4	2
e78d00de-99f8-5d7e-ad68-32f1d87dd9d9	chr11	21188252	28179438	4	4	0
e78d00de-99f8-5d7e-ad68-32f1d87dd9d9	chr11	28180976	28909443	7	5	2
e78d00de-99f8-5d7e-ad68-32f1d87dd9d9	chr11	28909953	29293834	5	4	1
e78d00de-99f8-5d7e-ad68-32f1d87dd9d9	chr11	29300659	46723375	4	4	0
e78d00de-99f8-5d7e-ad68-32f1d87dd9d9	chr11	46723512	75299853	5	4	1
e78d00de-99f8-5d7e-ad68-32f1d87dd9d9	chr11	75302748	84107616	4	3	1
e78d00de-99f8-5d7e-ad68-32f1d87dd9d9	chr11	84117637	84195892	2	1	1
e78d00de-99f8-5d7e-ad68-32f1d87dd9d9	chr11	84198340	84553013	4	3	1
e78d00de-99f8-5d7e-ad68-32f1d87dd9d9	chr11	84553304	84583229	1	1	0
e78d00de-99f8-5d7e-ad68-32f1d87dd9d9	chr11	84589915	84923638	4	3	1
e78d00de-99f8-5d7e-ad68-32f1d87dd9d9	chr11	84925442	120096567	5	3	2
e78d00de-99f8-5d7e-ad68-32f1d87dd9d9	chr11	120096696	120100426	3	2	1
e78d00de-99f8-5d7e-ad68-32f1d87dd9d9	chr11	120101279	135074876	5	3	2
e78d00de-99f8-5d7e-ad68-32f1d87dd9d9	chr12	51460	30917086	3	2	1
e78d00de-99f8-5d7e-ad68-32f1d87dd9d9	chr12	30917566	40821774	4	3	1
e78d00de-99f8-5d7e-ad68-32f1d87dd9d9	chr12	40824667	41354003	3	2	1
e78d00de-99f8-5d7e-ad68-32f1d87dd9d9	chr12	41354208	42342222	5	3	2
e78d00de-99f8-5d7e-ad68-32f1d87dd9d9	chr12	42347362	42484802	3	2	1
e78d00de-99f8-5d7e-ad68-32f1d87dd9d9	chr12	42485324	43033505	4	2	2
e78d00de-99f8-5d7e-ad68-32f1d87dd9d9	chr12	43035052	45146613	3	2	1
e78d00de-99f8-5d7e-ad68-32f1d87dd9d9	chr12	45146846	46749551	4	2	2
e78d00de-99f8-5d7e-ad68-32f1d87dd9d9	chr12	46749878	51873366	3	2	1
e78d00de-99f8-5d7e-ad68-32f1d87dd9d9	chr12	51881396	74234994	5	3	2
e78d00de-99f8-5d7e-ad68-32f1d87dd9d9	chr12	74237880	133201603	3	2	1
e78d00de-99f8-5d7e-ad68-32f1d87dd9d9	chr13	18452809	18955418	5	4	1
e78d00de-99f8-5d7e-ad68-32f1d87dd9d9	chr13	18959636	19059075	8	4	4
e78d00de-99f8-5d7e-ad68-32f1d87dd9d9	chr13	19059426	48242723	4	4	0
e78d00de-99f8-5d7e-ad68-32f1d87dd9d9	chr13	48243152	48397388	1	1	0
e78d00de-99f8-5d7e-ad68-32f1d87dd9d9	chr13	48397437	59330294	4	4	0
e78d00de-99f8-5d7e-ad68-32f1d87dd9d9	chr13	59330488	59345527	3	3	0
e78d00de-99f8-5d7e-ad68-32f1d87dd9d9	chr13	59346774	78832146	4	4	0
e78d00de-99f8-5d7e-ad68-32f1d87dd9d9	chr13	78838169	79043084	6	6	0
e78d00de-99f8-5d7e-ad68-32f1d87dd9d9	chr13	79043551	91287694	4	4	0
e78d00de-99f8-5d7e-ad68-32f1d87dd9d9	chr13	91287877	91413329	6	4	2
e78d00de-99f8-5d7e-ad68-32f1d87dd9d9	chr13	91416912	91948434	4	2	2
e78d00de-99f8-5d7e-ad68-32f1d87dd9d9	chr13	91948942	94637884	6	4	2
e78d00de-99f8-5d7e-ad68-32f1d87dd9d9	chr13	94641831	96479167	9	7	2
e78d00de-99f8-5d7e-ad68-32f1d87dd9d9	chr13	96479857	98775732	11	9	2
e78d00de-99f8-5d7e-ad68-32f1d87dd9d9	chr13	98775792	110680728	6	4	2
e78d00de-99f8-5d7e-ad68-32f1d87dd9d9	chr13	110691955	110980802	8	4	4
e78d00de-99f8-5d7e-ad68-32f1d87dd9d9	chr13	110983712	113017083	6	4	2
e78d00de-99f8-5d7e-ad68-32f1d87dd9d9	chr13	113019631	114342922	10	6	4
e78d00de-99f8-5d7e-ad68-32f1d87dd9d9	chr14	18239283	19956767	9	5	4
e78d00de-99f8-5d7e-ad68-32f1d87dd9d9	chr14	19957350	77928418	6	4	2
e78d00de-99f8-5d7e-ad68-32f1d87dd9d9	chr14	77931284	78126263	4	4	0
e78d00de-99f8-5d7e-ad68-32f1d87dd9d9	chr14	78127857	101117151	6	4	2
e78d00de-99f8-5d7e-ad68-32f1d87dd9d9	chr14	101118481	101125609	3	2	1
e78d00de-99f8-5d7e-ad68-32f1d87dd9d9	chr14	101125989	106877229	6	4	2
e78d00de-99f8-5d7e-ad68-32f1d87dd9d9	chr15	19811075	20670989	8	5	3
e78d00de-99f8-5d7e-ad68-32f1d87dd9d9	chr15	20981071	21272760	9	9	0
e78d00de-99f8-5d7e-ad68-32f1d87dd9d9	chr15	21975606	24424598	5	3	2
e78d00de-99f8-5d7e-ad68-32f1d87dd9d9	chr15	24429604	24473026	1	1	0
e78d00de-99f8-5d7e-ad68-32f1d87dd9d9	chr15	24473449	101599145	5	3	2
e78d00de-99f8-5d7e-ad68-32f1d87dd9d9	chr15	101608463	101928837	2	1	1
e78d00de-99f8-5d7e-ad68-32f1d87dd9d9	chr16	10777	31999398	3	2	1
e78d00de-99f8-5d7e-ad68-32f1d87dd9d9	chr16	32000050	53696724	5	3	2
e78d00de-99f8-5d7e-ad68-32f1d87dd9d9	chr16	53699666	54001896	1	1	0
e78d00de-99f8-5d7e-ad68-32f1d87dd9d9	chr16	54002331	60501034	4	3	1
e78d00de-99f8-5d7e-ad68-32f1d87dd9d9	chr16	60501386	62784688	6	3	3
e78d00de-99f8-5d7e-ad68-32f1d87dd9d9	chr16	62786463	65959320	5	3	2
e78d00de-99f8-5d7e-ad68-32f1d87dd9d9	chr16	65960181	90096867	4	3	1
e78d00de-99f8-5d7e-ad68-32f1d87dd9d9	chr17	150733	7679972	4	4	0
e78d00de-99f8-5d7e-ad68-32f1d87dd9d9	chr17	7680387	7877743	7	7	0
e78d00de-99f8-5d7e-ad68-32f1d87dd9d9	chr17	7877766	10187930	8	6	2
e78d00de-99f8-5d7e-ad68-32f1d87dd9d9	chr17	10190649	21001421	9	7	2
e78d00de-99f8-5d7e-ad68-32f1d87dd9d9	chr17	21001771	21021210	7	5	2
e78d00de-99f8-5d7e-ad68-32f1d87dd9d9	chr17	21021307	21414459	8	4	4
e78d00de-99f8-5d7e-ad68-32f1d87dd9d9	chr17	21425367	26943491	7	5	2
e78d00de-99f8-5d7e-ad68-32f1d87dd9d9	chr17	26943774	38262539	4	2	2
e78d00de-99f8-5d7e-ad68-32f1d87dd9d9	chr17	38268986	40713075	6	4	2
e78d00de-99f8-5d7e-ad68-32f1d87dd9d9	chr17	40714353	83091923	4	2	2
e78d00de-99f8-5d7e-ad68-32f1d87dd9d9	chr18	48133	25755361	3	3	0
e78d00de-99f8-5d7e-ad68-32f1d87dd9d9	chr18	25755587	26893556	7	4	3
e78d00de-99f8-5d7e-ad68-32f1d87dd9d9	chr18	26899598	27055071	4	3	1
e78d00de-99f8-5d7e-ad68-32f1d87dd9d9	chr18	27055526	27250153	5	3	2
e78d00de-99f8-5d7e-ad68-32f1d87dd9d9	chr18	27254783	28521120	4	3	1
e78d00de-99f8-5d7e-ad68-32f1d87dd9d9	chr18	28521381	29557954	5	3	2
e78d00de-99f8-5d7e-ad68-32f1d87dd9d9	chr18	29567990	29957054	4	3	1
e78d00de-99f8-5d7e-ad68-32f1d87dd9d9	chr18	29960583	30325355	8	4	4
e78d00de-99f8-5d7e-ad68-32f1d87dd9d9	chr18	30327990	30818559	4	3	1
e78d00de-99f8-5d7e-ad68-32f1d87dd9d9	chr18	30818781	31755767	3	3	0
e78d00de-99f8-5d7e-ad68-32f1d87dd9d9	chr18	31763291	32567553	10	7	3
e78d00de-99f8-5d7e-ad68-32f1d87dd9d9	chr18	32573384	32971853	7	4	3
e78d00de-99f8-5d7e-ad68-32f1d87dd9d9	chr18	32973872	34038696	3	3	0
e78d00de-99f8-5d7e-ad68-32f1d87dd9d9	chr18	34042422	34085477	10	8	2
e78d00de-99f8-5d7e-ad68-32f1d87dd9d9	chr18	34086740	36364109	3	3	0
e78d00de-99f8-5d7e-ad68-32f1d87dd9d9	chr18	36365788	36853035	10	7	3
e78d00de-99f8-5d7e-ad68-32f1d87dd9d9	chr18	36858319	37030254	6	6	0
e78d00de-99f8-5d7e-ad68-32f1d87dd9d9	chr18	37032495	59623275	3	3	0
e78d00de-99f8-5d7e-ad68-32f1d87dd9d9	chr18	59623657	59813057	4	3	1
e78d00de-99f8-5d7e-ad68-32f1d87dd9d9	chr18	59817064	60553056	3	3	0
e78d00de-99f8-5d7e-ad68-32f1d87dd9d9	chr18	60556098	60622169	3	2	1
e78d00de-99f8-5d7e-ad68-32f1d87dd9d9	chr18	60624362	67841031	6	3	3
e78d00de-99f8-5d7e-ad68-32f1d87dd9d9	chr18	67846142	67889928	5	4	1
e78d00de-99f8-5d7e-ad68-32f1d87dd9d9	chr18	67896823	68230071	3	3	0
e78d00de-99f8-5d7e-ad68-32f1d87dd9d9	chr18	68230663	68327876	4	3	1
e78d00de-99f8-5d7e-ad68-32f1d87dd9d9	chr18	68328646	68913761	3	3	0
e78d00de-99f8-5d7e-ad68-32f1d87dd9d9	chr18	68914255	69734893	5	3	2
e78d00de-99f8-5d7e-ad68-32f1d87dd9d9	chr18	69736875	80257174	3	3	0
e78d00de-99f8-5d7e-ad68-32f1d87dd9d9	chr19	90910	7142910	3	3	0
e78d00de-99f8-5d7e-ad68-32f1d87dd9d9	chr19	7143922	7490166	5	4	1
e78d00de-99f8-5d7e-ad68-32f1d87dd9d9	chr19	7490206	14706880	3	3	0
e78d00de-99f8-5d7e-ad68-32f1d87dd9d9	chr19	14711747	15430479	4	3	1
e78d00de-99f8-5d7e-ad68-32f1d87dd9d9	chr19	15442485	15628787	3	3	0
e78d00de-99f8-5d7e-ad68-32f1d87dd9d9	chr19	15630377	19073103	5	3	2
e78d00de-99f8-5d7e-ad68-32f1d87dd9d9	chr19	19075896	22616491	3	3	0
e78d00de-99f8-5d7e-ad68-32f1d87dd9d9	chr19	22616704	24413948	4	3	1
e78d00de-99f8-5d7e-ad68-32f1d87dd9d9	chr19	27257085	31641797	5	3	2
e78d00de-99f8-5d7e-ad68-32f1d87dd9d9	chr19	31643925	33640555	3	3	0
e78d00de-99f8-5d7e-ad68-32f1d87dd9d9	chr19	33640596	46772787	4	3	1
e78d00de-99f8-5d7e-ad68-32f1d87dd9d9	chr19	46773197	53700901	3	3	0
e78d00de-99f8-5d7e-ad68-32f1d87dd9d9	chr19	53706065	54426455	6	3	3
e78d00de-99f8-5d7e-ad68-32f1d87dd9d9	chr19	54434666	58586487	3	3	0
e78d00de-99f8-5d7e-ad68-32f1d87dd9d9	chr20	80664	32751125	5	3	2
e78d00de-99f8-5d7e-ad68-32f1d87dd9d9	chr20	32765629	34579234	8	5	3
e78d00de-99f8-5d7e-ad68-32f1d87dd9d9	chr20	34580080	40161217	5	3	2
e78d00de-99f8-5d7e-ad68-32f1d87dd9d9	chr20	40161346	55284748	7	4	3
e78d00de-99f8-5d7e-ad68-32f1d87dd9d9	chr20	55285679	64324800	5	3	2
e78d00de-99f8-5d7e-ad68-32f1d87dd9d9	chr21	12973348	15118270	6	6	0
e78d00de-99f8-5d7e-ad68-32f1d87dd9d9	chr21	15122986	15256683	7	6	1
e78d00de-99f8-5d7e-ad68-32f1d87dd9d9	chr21	15256714	28867870	6	6	0
e78d00de-99f8-5d7e-ad68-32f1d87dd9d9	chr21	28868190	30288371	8	7	1
e78d00de-99f8-5d7e-ad68-32f1d87dd9d9	chr21	30288987	38518144	6	6	0
e78d00de-99f8-5d7e-ad68-32f1d87dd9d9	chr21	38519648	39169663	7	6	1
e78d00de-99f8-5d7e-ad68-32f1d87dd9d9	chr21	39170487	39926879	6	6	0
e78d00de-99f8-5d7e-ad68-32f1d87dd9d9	chr21	39929430	41170248	7	6	1
e78d00de-99f8-5d7e-ad68-32f1d87dd9d9	chr21	41170277	46677045	6	6	0
e78d00de-99f8-5d7e-ad68-32f1d87dd9d9	chr22	16392123	22068338	7	6	1
e78d00de-99f8-5d7e-ad68-32f1d87dd9d9	chr22	22069891	22920558	8	7	1
e78d00de-99f8-5d7e-ad68-32f1d87dd9d9	chr22	22920663	34392213	7	6	1
e78d00de-99f8-5d7e-ad68-32f1d87dd9d9	chr22	34394077	35304215	6	5	1
e78d00de-99f8-5d7e-ad68-32f1d87dd9d9	chr22	35315448	39659891	7	5	2
e78d00de-99f8-5d7e-ad68-32f1d87dd9d9	chr22	39665678	42314447	10	5	5
e78d00de-99f8-5d7e-ad68-32f1d87dd9d9	chr22	42316462	43321475	7	5	2
e78d00de-99f8-5d7e-ad68-32f1d87dd9d9	chr22	43322548	43534945	9	6	3
e78d00de-99f8-5d7e-ad68-32f1d87dd9d9	chr22	43535471	44066423	7	5	2
e78d00de-99f8-5d7e-ad68-32f1d87dd9d9	chr22	44069917	50796027	6	5	1
e78d00de-99f8-5d7e-ad68-32f1d87dd9d9	chrX	251810	490407	3	3	0
e78d00de-99f8-5d7e-ad68-32f1d87dd9d9	chrX	507629	683127	5	5	0
e78d00de-99f8-5d7e-ad68-32f1d87dd9d9	chrX	683150	707544	5	4	1
e78d00de-99f8-5d7e-ad68-32f1d87dd9d9	chrX	707848	733195	7	6	1
e78d00de-99f8-5d7e-ad68-32f1d87dd9d9	chrX	733497	920377	3	3	0
e78d00de-99f8-5d7e-ad68-32f1d87dd9d9	chrX	956301	2376598	4	4	0
e78d00de-99f8-5d7e-ad68-32f1d87dd9d9	chrX	2377218	2446094	3	3	0
e78d00de-99f8-5d7e-ad68-32f1d87dd9d9	chrX	2450101	2463333	6	5	1
e78d00de-99f8-5d7e-ad68-32f1d87dd9d9	chrX	2463881	2645638	4	4	0
e78d00de-99f8-5d7e-ad68-32f1d87dd9d9	chrX	2645818	2649506	7	7	0
e78d00de-99f8-5d7e-ad68-32f1d87dd9d9	chrX	2649606	2719466	4	4	0
e78d00de-99f8-5d7e-ad68-32f1d87dd9d9	chrX	2720458	2775134	5	4	1
e78d00de-99f8-5d7e-ad68-32f1d87dd9d9	chrX	2775583	73978089	4	4	0
e78d00de-99f8-5d7e-ad68-32f1d87dd9d9	chrX	73980137	80763694	1	1	0
e78d00de-99f8-5d7e-ad68-32f1d87dd9d9	chrX	80773180	80931394	4	3	1
e78d00de-99f8-5d7e-ad68-32f1d87dd9d9	chrX	80931959	80932749	2	2	0
e78d00de-99f8-5d7e-ad68-32f1d87dd9d9	chrX	80932905	88734824	3	3	0
e78d00de-99f8-5d7e-ad68-32f1d87dd9d9	chrX	88735695	156004181	1	1	0
e78d00de-99f8-5d7e-ad68-32f1d87dd9d9	chrY	2782397	26653788	1	1	0
e78d00de-99f8-5d7e-ad68-32f1d87dd9d9	chrY	56872112	56872112	8	8	0
