GDC_Aliquot	Chromosome	Start	End	Copy_Number	Major_Copy_Number	Minor_Copy_Number
e6deb34e-2573-54be-92f0-c2b593a0a081	chr1	62920	1864463	4	2	2
e6deb34e-2573-54be-92f0-c2b593a0a081	chr1	1864564	4212247	5	3	2
e6deb34e-2573-54be-92f0-c2b593a0a081	chr1	4213782	4822582	6	4	2
e6deb34e-2573-54be-92f0-c2b593a0a081	chr1	4822596	13118266	4	2	2
e6deb34e-2573-54be-92f0-c2b593a0a081	chr1	13119897	13991204	6	4	2
e6deb34e-2573-54be-92f0-c2b593a0a081	chr1	13993222	14282962	10	8	2
e6deb34e-2573-54be-92f0-c2b593a0a081	chr1	14285420	24051536	6	4	2
e6deb34e-2573-54be-92f0-c2b593a0a081	chr1	24055744	35237956	3	2	1
e6deb34e-2573-54be-92f0-c2b593a0a081	chr1	35240219	36162890	6	4	2
e6deb34e-2573-54be-92f0-c2b593a0a081	chr1	36165722	47459112	3	2	1
e6deb34e-2573-54be-92f0-c2b593a0a081	chr1	47463751	47594437	4	2	2
e6deb34e-2573-54be-92f0-c2b593a0a081	chr1	47595925	60220308	3	2	1
e6deb34e-2573-54be-92f0-c2b593a0a081	chr1	60220377	171177060	4	2	2
e6deb34e-2573-54be-92f0-c2b593a0a081	chr1	171177466	171234161	6	4	2
e6deb34e-2573-54be-92f0-c2b593a0a081	chr1	171235824	248930189	4	2	2
e6deb34e-2573-54be-92f0-c2b593a0a081	chr2	12784	104951411	4	2	2
e6deb34e-2573-54be-92f0-c2b593a0a081	chr2	104952590	104988413	7	4	3
e6deb34e-2573-54be-92f0-c2b593a0a081	chr2	104990225	156243911	4	2	2
e6deb34e-2573-54be-92f0-c2b593a0a081	chr2	156244372	156682895	3	2	1
e6deb34e-2573-54be-92f0-c2b593a0a081	chr2	156685877	161488755	4	2	2
e6deb34e-2573-54be-92f0-c2b593a0a081	chr2	161494239	162980983	3	2	1
e6deb34e-2573-54be-92f0-c2b593a0a081	chr2	162981039	183616441	4	2	2
e6deb34e-2573-54be-92f0-c2b593a0a081	chr2	183625470	185418591	3	2	1
e6deb34e-2573-54be-92f0-c2b593a0a081	chr2	185432488	188805356	4	2	2
e6deb34e-2573-54be-92f0-c2b593a0a081	chr2	188806456	189629551	3	2	1
e6deb34e-2573-54be-92f0-c2b593a0a081	chr2	189629642	191152127	4	2	2
e6deb34e-2573-54be-92f0-c2b593a0a081	chr2	191153045	205563504	3	2	1
e6deb34e-2573-54be-92f0-c2b593a0a081	chr2	205566683	205633506	1	1	0
e6deb34e-2573-54be-92f0-c2b593a0a081	chr2	205634658	242147305	3	2	1
e6deb34e-2573-54be-92f0-c2b593a0a081	chr3	20930	15046359	4	2	2
e6deb34e-2573-54be-92f0-c2b593a0a081	chr3	15047560	46751887	2	2	0
e6deb34e-2573-54be-92f0-c2b593a0a081	chr3	46760327	46806126	0	0	0
e6deb34e-2573-54be-92f0-c2b593a0a081	chr3	46807689	60838058	2	2	0
e6deb34e-2573-54be-92f0-c2b593a0a081	chr3	60838588	61080975	1	1	0
e6deb34e-2573-54be-92f0-c2b593a0a081	chr3	61081314	65929147	2	2	0
e6deb34e-2573-54be-92f0-c2b593a0a081	chr3	65935665	65965161	3	3	0
e6deb34e-2573-54be-92f0-c2b593a0a081	chr3	65965986	73885270	2	2	0
e6deb34e-2573-54be-92f0-c2b593a0a081	chr3	73886855	74155679	4	2	2
e6deb34e-2573-54be-92f0-c2b593a0a081	chr3	74164356	81210174	2	2	0
e6deb34e-2573-54be-92f0-c2b593a0a081	chr3	81216382	100282584	4	2	2
e6deb34e-2573-54be-92f0-c2b593a0a081	chr3	100287164	100486114	2	2	0
e6deb34e-2573-54be-92f0-c2b593a0a081	chr3	100493972	107781975	4	2	2
e6deb34e-2573-54be-92f0-c2b593a0a081	chr3	107787579	116498768	2	2	0
e6deb34e-2573-54be-92f0-c2b593a0a081	chr3	116501005	117143648	0	0	0
e6deb34e-2573-54be-92f0-c2b593a0a081	chr3	117147171	150364927	2	2	0
e6deb34e-2573-54be-92f0-c2b593a0a081	chr3	150370079	151226868	4	2	2
e6deb34e-2573-54be-92f0-c2b593a0a081	chr3	151227455	152956299	5	3	2
e6deb34e-2573-54be-92f0-c2b593a0a081	chr3	152956743	153970905	3	2	1
e6deb34e-2573-54be-92f0-c2b593a0a081	chr3	153995856	179389059	2	2	0
e6deb34e-2573-54be-92f0-c2b593a0a081	chr3	179389231	198169247	4	2	2
e6deb34e-2573-54be-92f0-c2b593a0a081	chr4	68929	26919664	2	2	0
e6deb34e-2573-54be-92f0-c2b593a0a081	chr4	26921107	52408200	4	2	2
e6deb34e-2573-54be-92f0-c2b593a0a081	chr4	52411433	53476491	2	2	0
e6deb34e-2573-54be-92f0-c2b593a0a081	chr4	53477158	54732817	7	5	2
e6deb34e-2573-54be-92f0-c2b593a0a081	chr4	54732908	60902228	4	2	2
e6deb34e-2573-54be-92f0-c2b593a0a081	chr4	60903760	61587390	7	5	2
e6deb34e-2573-54be-92f0-c2b593a0a081	chr4	61587491	62581332	3	2	1
e6deb34e-2573-54be-92f0-c2b593a0a081	chr4	62581489	63987809	5	4	1
e6deb34e-2573-54be-92f0-c2b593a0a081	chr4	63988307	64132645	1	1	0
e6deb34e-2573-54be-92f0-c2b593a0a081	chr4	64133488	72473223	3	2	1
e6deb34e-2573-54be-92f0-c2b593a0a081	chr4	72473461	72997238	1	1	0
e6deb34e-2573-54be-92f0-c2b593a0a081	chr4	72997587	85549378	3	2	1
e6deb34e-2573-54be-92f0-c2b593a0a081	chr4	85549888	85559819	6	3	3
e6deb34e-2573-54be-92f0-c2b593a0a081	chr4	85561315	153648739	3	2	1
e6deb34e-2573-54be-92f0-c2b593a0a081	chr4	153648820	153936239	2	1	1
e6deb34e-2573-54be-92f0-c2b593a0a081	chr4	153936918	167932268	3	2	1
e6deb34e-2573-54be-92f0-c2b593a0a081	chr4	167932621	177677394	2	1	1
e6deb34e-2573-54be-92f0-c2b593a0a081	chr4	177677607	178693236	3	2	1
e6deb34e-2573-54be-92f0-c2b593a0a081	chr4	178693639	186956315	2	1	1
e6deb34e-2573-54be-92f0-c2b593a0a081	chr4	186956352	190106768	3	2	1
e6deb34e-2573-54be-92f0-c2b593a0a081	chr5	15532	88746037	4	2	2
e6deb34e-2573-54be-92f0-c2b593a0a081	chr5	88746115	89301225	1	1	0
e6deb34e-2573-54be-92f0-c2b593a0a081	chr5	89305153	119410255	4	2	2
e6deb34e-2573-54be-92f0-c2b593a0a081	chr5	119410415	120095376	6	4	2
e6deb34e-2573-54be-92f0-c2b593a0a081	chr5	120101763	181363319	4	2	2
e6deb34e-2573-54be-92f0-c2b593a0a081	chr6	149661	37365542	2	2	0
e6deb34e-2573-54be-92f0-c2b593a0a081	chr6	37366020	38633556	4	2	2
e6deb34e-2573-54be-92f0-c2b593a0a081	chr6	38634124	39338287	5	3	2
e6deb34e-2573-54be-92f0-c2b593a0a081	chr6	39340431	41161121	4	2	2
e6deb34e-2573-54be-92f0-c2b593a0a081	chr6	41161367	41253267	6	4	2
e6deb34e-2573-54be-92f0-c2b593a0a081	chr6	41255188	41652999	4	2	2
e6deb34e-2573-54be-92f0-c2b593a0a081	chr6	41657691	42156859	5	3	2
e6deb34e-2573-54be-92f0-c2b593a0a081	chr6	42157744	42528756	3	2	1
e6deb34e-2573-54be-92f0-c2b593a0a081	chr6	42532006	43732008	2	2	0
e6deb34e-2573-54be-92f0-c2b593a0a081	chr6	43738305	44731843	3	2	1
e6deb34e-2573-54be-92f0-c2b593a0a081	chr6	44733298	46010406	8	6	2
e6deb34e-2573-54be-92f0-c2b593a0a081	chr6	46010441	46347836	10	8	2
e6deb34e-2573-54be-92f0-c2b593a0a081	chr6	46348375	46634826	7	5	2
e6deb34e-2573-54be-92f0-c2b593a0a081	chr6	46634866	49852406	8	6	2
e6deb34e-2573-54be-92f0-c2b593a0a081	chr6	49861597	51242281	7	5	2
e6deb34e-2573-54be-92f0-c2b593a0a081	chr6	51243764	66221295	3	2	1
e6deb34e-2573-54be-92f0-c2b593a0a081	chr6	66221315	73828036	2	2	0
e6deb34e-2573-54be-92f0-c2b593a0a081	chr6	73830871	75157979	0	0	0
e6deb34e-2573-54be-92f0-c2b593a0a081	chr6	75160604	81191781	2	2	0
e6deb34e-2573-54be-92f0-c2b593a0a081	chr6	81192570	81784708	3	2	1
e6deb34e-2573-54be-92f0-c2b593a0a081	chr6	81789040	86693355	2	2	0
e6deb34e-2573-54be-92f0-c2b593a0a081	chr6	86696922	86701040	0	0	0
e6deb34e-2573-54be-92f0-c2b593a0a081	chr6	86701394	157565527	2	2	0
e6deb34e-2573-54be-92f0-c2b593a0a081	chr6	157566585	157619937	3	3	0
e6deb34e-2573-54be-92f0-c2b593a0a081	chr6	157620251	169389955	2	2	0
e6deb34e-2573-54be-92f0-c2b593a0a081	chr6	169390590	169772165	0	0	0
e6deb34e-2573-54be-92f0-c2b593a0a081	chr6	169776994	170741917	2	2	0
e6deb34e-2573-54be-92f0-c2b593a0a081	chr7	43259	3305354	6	4	2
e6deb34e-2573-54be-92f0-c2b593a0a081	chr7	3307851	3336068	4	2	2
e6deb34e-2573-54be-92f0-c2b593a0a081	chr7	3336278	6707975	6	4	2
e6deb34e-2573-54be-92f0-c2b593a0a081	chr7	6708424	7419158	4	2	2
e6deb34e-2573-54be-92f0-c2b593a0a081	chr7	7424868	9684086	3	2	1
e6deb34e-2573-54be-92f0-c2b593a0a081	chr7	9684166	10057148	4	2	2
e6deb34e-2573-54be-92f0-c2b593a0a081	chr7	10057466	12013604	6	4	2
e6deb34e-2573-54be-92f0-c2b593a0a081	chr7	12013744	15535787	4	2	2
e6deb34e-2573-54be-92f0-c2b593a0a081	chr7	15539364	15598947	6	4	2
e6deb34e-2573-54be-92f0-c2b593a0a081	chr7	15599049	114152387	4	2	2
e6deb34e-2573-54be-92f0-c2b593a0a081	chr7	114152506	153874678	3	2	1
e6deb34e-2573-54be-92f0-c2b593a0a081	chr7	153876787	156257265	4	2	2
e6deb34e-2573-54be-92f0-c2b593a0a081	chr7	156259213	157739434	3	2	1
e6deb34e-2573-54be-92f0-c2b593a0a081	chr7	157741413	158600272	4	2	2
e6deb34e-2573-54be-92f0-c2b593a0a081	chr7	158600415	158738853	1	1	0
e6deb34e-2573-54be-92f0-c2b593a0a081	chr7	158740572	159334314	4	2	2
e6deb34e-2573-54be-92f0-c2b593a0a081	chr8	81254	5618871	4	4	0
e6deb34e-2573-54be-92f0-c2b593a0a081	chr8	5619068	5826863	2	2	0
e6deb34e-2573-54be-92f0-c2b593a0a081	chr8	5826880	5835064	3	3	0
e6deb34e-2573-54be-92f0-c2b593a0a081	chr8	5835998	12701420	4	4	0
e6deb34e-2573-54be-92f0-c2b593a0a081	chr8	12702326	42979456	2	2	0
e6deb34e-2573-54be-92f0-c2b593a0a081	chr8	42980944	72723626	4	2	2
e6deb34e-2573-54be-92f0-c2b593a0a081	chr8	72723666	72997344	2	2	0
e6deb34e-2573-54be-92f0-c2b593a0a081	chr8	72998906	73343821	4	2	2
e6deb34e-2573-54be-92f0-c2b593a0a081	chr8	73346992	73919727	2	2	0
e6deb34e-2573-54be-92f0-c2b593a0a081	chr8	73922784	78498043	4	2	2
e6deb34e-2573-54be-92f0-c2b593a0a081	chr8	78501108	78969951	2	2	0
e6deb34e-2573-54be-92f0-c2b593a0a081	chr8	78969952	79160973	1	1	0
e6deb34e-2573-54be-92f0-c2b593a0a081	chr8	79162234	80364731	4	2	2
e6deb34e-2573-54be-92f0-c2b593a0a081	chr8	80364956	89302621	2	2	0
e6deb34e-2573-54be-92f0-c2b593a0a081	chr8	89304941	91147838	4	2	2
e6deb34e-2573-54be-92f0-c2b593a0a081	chr8	91151509	91944823	2	2	0
e6deb34e-2573-54be-92f0-c2b593a0a081	chr8	91945859	92862707	4	2	2
e6deb34e-2573-54be-92f0-c2b593a0a081	chr8	92865193	99783610	2	2	0
e6deb34e-2573-54be-92f0-c2b593a0a081	chr8	99783712	100947440	4	2	2
e6deb34e-2573-54be-92f0-c2b593a0a081	chr8	100949568	101764935	2	2	0
e6deb34e-2573-54be-92f0-c2b593a0a081	chr8	101766495	111432952	4	2	2
e6deb34e-2573-54be-92f0-c2b593a0a081	chr8	111438204	111607077	2	2	0
e6deb34e-2573-54be-92f0-c2b593a0a081	chr8	111610134	114946621	4	2	2
e6deb34e-2573-54be-92f0-c2b593a0a081	chr8	114952125	115052691	1	1	0
e6deb34e-2573-54be-92f0-c2b593a0a081	chr8	115054313	130068784	4	2	2
e6deb34e-2573-54be-92f0-c2b593a0a081	chr8	130073058	131651117	2	2	0
e6deb34e-2573-54be-92f0-c2b593a0a081	chr8	131652637	141093877	4	2	2
e6deb34e-2573-54be-92f0-c2b593a0a081	chr8	141094009	141269284	3	2	1
e6deb34e-2573-54be-92f0-c2b593a0a081	chr8	141273466	144835045	4	2	2
e6deb34e-2573-54be-92f0-c2b593a0a081	chr8	144835600	145072769	2	2	0
e6deb34e-2573-54be-92f0-c2b593a0a081	chr9	46587	2449301	3	2	1
e6deb34e-2573-54be-92f0-c2b593a0a081	chr9	2454963	2496567	2	2	0
e6deb34e-2573-54be-92f0-c2b593a0a081	chr9	2497985	2638823	3	2	1
e6deb34e-2573-54be-92f0-c2b593a0a081	chr9	2639459	2892743	2	2	0
e6deb34e-2573-54be-92f0-c2b593a0a081	chr9	2892882	3676408	3	2	1
e6deb34e-2573-54be-92f0-c2b593a0a081	chr9	3676658	4246395	2	2	0
e6deb34e-2573-54be-92f0-c2b593a0a081	chr9	4246566	4403820	2	1	1
e6deb34e-2573-54be-92f0-c2b593a0a081	chr9	4404360	5568721	2	2	0
e6deb34e-2573-54be-92f0-c2b593a0a081	chr9	5571602	6053098	3	2	1
e6deb34e-2573-54be-92f0-c2b593a0a081	chr9	6055531	7619745	2	2	0
e6deb34e-2573-54be-92f0-c2b593a0a081	chr9	7622599	10032996	3	2	1
e6deb34e-2573-54be-92f0-c2b593a0a081	chr9	10035658	16064146	2	2	0
e6deb34e-2573-54be-92f0-c2b593a0a081	chr9	16064172	16259348	4	2	2
e6deb34e-2573-54be-92f0-c2b593a0a081	chr9	16260839	34197252	2	2	0
e6deb34e-2573-54be-92f0-c2b593a0a081	chr9	34197863	34421881	3	2	1
e6deb34e-2573-54be-92f0-c2b593a0a081	chr9	34422187	35623946	2	2	0
e6deb34e-2573-54be-92f0-c2b593a0a081	chr9	35627493	41741113	3	2	1
e6deb34e-2573-54be-92f0-c2b593a0a081	chr9	60863881	89782130	2	2	0
e6deb34e-2573-54be-92f0-c2b593a0a081	chr9	89782629	89794649	0	0	0
e6deb34e-2573-54be-92f0-c2b593a0a081	chr9	89795443	138200944	2	2	0
e6deb34e-2573-54be-92f0-c2b593a0a081	chr10	45792	3304175	4	2	2
e6deb34e-2573-54be-92f0-c2b593a0a081	chr10	3305197	6974102	2	2	0
e6deb34e-2573-54be-92f0-c2b593a0a081	chr10	6974736	8919651	1	1	0
e6deb34e-2573-54be-92f0-c2b593a0a081	chr10	8919808	9982723	2	2	0
e6deb34e-2573-54be-92f0-c2b593a0a081	chr10	9982778	10697677	1	1	0
e6deb34e-2573-54be-92f0-c2b593a0a081	chr10	10700141	15090823	2	2	0
e6deb34e-2573-54be-92f0-c2b593a0a081	chr10	15091399	38747590	4	2	2
e6deb34e-2573-54be-92f0-c2b593a0a081	chr10	38752615	51116291	6	4	2
e6deb34e-2573-54be-92f0-c2b593a0a081	chr10	51117034	51121437	3	2	1
e6deb34e-2573-54be-92f0-c2b593a0a081	chr10	51121549	53020119	6	4	2
e6deb34e-2573-54be-92f0-c2b593a0a081	chr10	53020917	53563655	2	2	0
e6deb34e-2573-54be-92f0-c2b593a0a081	chr10	53569014	56732689	6	4	2
e6deb34e-2573-54be-92f0-c2b593a0a081	chr10	56732763	71550133	2	2	0
e6deb34e-2573-54be-92f0-c2b593a0a081	chr10	71555670	74216391	6	4	2
e6deb34e-2573-54be-92f0-c2b593a0a081	chr10	74222574	80730660	2	2	0
e6deb34e-2573-54be-92f0-c2b593a0a081	chr10	80733422	80806907	1	1	0
e6deb34e-2573-54be-92f0-c2b593a0a081	chr10	80806946	92296815	2	2	0
e6deb34e-2573-54be-92f0-c2b593a0a081	chr10	92298856	96140195	4	2	2
e6deb34e-2573-54be-92f0-c2b593a0a081	chr10	96140267	97507916	2	2	0
e6deb34e-2573-54be-92f0-c2b593a0a081	chr10	97511524	97522355	17	15	2
e6deb34e-2573-54be-92f0-c2b593a0a081	chr10	97524700	98332522	2	2	0
e6deb34e-2573-54be-92f0-c2b593a0a081	chr10	98338125	99025818	3	2	1
e6deb34e-2573-54be-92f0-c2b593a0a081	chr10	99030826	100374270	2	2	0
e6deb34e-2573-54be-92f0-c2b593a0a081	chr10	100376673	101834913	3	2	1
e6deb34e-2573-54be-92f0-c2b593a0a081	chr10	101842229	102472531	2	2	0
e6deb34e-2573-54be-92f0-c2b593a0a081	chr10	102477052	103417697	4	2	2
e6deb34e-2573-54be-92f0-c2b593a0a081	chr10	103420517	104012655	2	2	0
e6deb34e-2573-54be-92f0-c2b593a0a081	chr10	104013026	104776862	3	2	1
e6deb34e-2573-54be-92f0-c2b593a0a081	chr10	104777218	105815337	2	2	0
e6deb34e-2573-54be-92f0-c2b593a0a081	chr10	105817956	105844020	2	1	1
e6deb34e-2573-54be-92f0-c2b593a0a081	chr10	105845347	106130046	4	2	2
e6deb34e-2573-54be-92f0-c2b593a0a081	chr10	106130208	106801041	2	2	0
e6deb34e-2573-54be-92f0-c2b593a0a081	chr10	106802250	107209196	3	2	1
e6deb34e-2573-54be-92f0-c2b593a0a081	chr10	107214501	107360808	5	3	2
e6deb34e-2573-54be-92f0-c2b593a0a081	chr10	107361674	107742878	3	2	1
e6deb34e-2573-54be-92f0-c2b593a0a081	chr10	107750535	108864177	2	2	0
e6deb34e-2573-54be-92f0-c2b593a0a081	chr10	108867562	109158832	6	4	2
e6deb34e-2573-54be-92f0-c2b593a0a081	chr10	109159438	110533109	3	2	1
e6deb34e-2573-54be-92f0-c2b593a0a081	chr10	110534666	111098817	4	2	2
e6deb34e-2573-54be-92f0-c2b593a0a081	chr10	111099941	112145764	2	2	0
e6deb34e-2573-54be-92f0-c2b593a0a081	chr10	112147160	112410121	4	2	2
e6deb34e-2573-54be-92f0-c2b593a0a081	chr10	112419525	112752361	3	2	1
e6deb34e-2573-54be-92f0-c2b593a0a081	chr10	112755571	113620552	2	2	0
e6deb34e-2573-54be-92f0-c2b593a0a081	chr10	113624075	113719221	3	2	1
e6deb34e-2573-54be-92f0-c2b593a0a081	chr10	113719509	114580090	2	2	0
e6deb34e-2573-54be-92f0-c2b593a0a081	chr10	114580406	115611120	3	2	1
e6deb34e-2573-54be-92f0-c2b593a0a081	chr10	115614285	116913161	2	2	0
e6deb34e-2573-54be-92f0-c2b593a0a081	chr10	116915479	117816661	3	2	1
e6deb34e-2573-54be-92f0-c2b593a0a081	chr10	117819228	118885435	4	2	2
e6deb34e-2573-54be-92f0-c2b593a0a081	chr10	118886308	122105230	2	2	0
e6deb34e-2573-54be-92f0-c2b593a0a081	chr10	122105337	122115979	3	3	0
e6deb34e-2573-54be-92f0-c2b593a0a081	chr10	122116039	122756052	4	2	2
e6deb34e-2573-54be-92f0-c2b593a0a081	chr10	122758479	123620789	2	2	0
e6deb34e-2573-54be-92f0-c2b593a0a081	chr10	123622440	129030109	4	2	2
e6deb34e-2573-54be-92f0-c2b593a0a081	chr10	129030679	129042118	1	1	0
e6deb34e-2573-54be-92f0-c2b593a0a081	chr10	129042157	133654968	3	2	1
e6deb34e-2573-54be-92f0-c2b593a0a081	chr11	198510	1111898	2	2	0
e6deb34e-2573-54be-92f0-c2b593a0a081	chr11	1112112	2593508	4	2	2
e6deb34e-2573-54be-92f0-c2b593a0a081	chr11	2594370	3427374	2	2	0
e6deb34e-2573-54be-92f0-c2b593a0a081	chr11	3428005	32890628	4	2	2
e6deb34e-2573-54be-92f0-c2b593a0a081	chr11	32890885	33260431	1	1	0
e6deb34e-2573-54be-92f0-c2b593a0a081	chr11	33261659	33295656	2	1	1
e6deb34e-2573-54be-92f0-c2b593a0a081	chr11	33301458	44144793	4	2	2
e6deb34e-2573-54be-92f0-c2b593a0a081	chr11	44146446	50675788	2	2	0
e6deb34e-2573-54be-92f0-c2b593a0a081	chr11	50678086	81813619	4	2	2
e6deb34e-2573-54be-92f0-c2b593a0a081	chr11	81815195	81896642	8	5	3
e6deb34e-2573-54be-92f0-c2b593a0a081	chr11	81897402	135074876	4	2	2
e6deb34e-2573-54be-92f0-c2b593a0a081	chr12	51460	34122859	2	2	0
e6deb34e-2573-54be-92f0-c2b593a0a081	chr12	34123120	38582952	3	2	1
e6deb34e-2573-54be-92f0-c2b593a0a081	chr12	38583609	48639284	4	2	2
e6deb34e-2573-54be-92f0-c2b593a0a081	chr12	48640543	48894974	2	2	0
e6deb34e-2573-54be-92f0-c2b593a0a081	chr12	48898889	56274760	4	2	2
e6deb34e-2573-54be-92f0-c2b593a0a081	chr12	56276403	61517128	6	4	2
e6deb34e-2573-54be-92f0-c2b593a0a081	chr12	61517235	65531984	4	2	2
e6deb34e-2573-54be-92f0-c2b593a0a081	chr12	65536365	68109851	6	4	2
e6deb34e-2573-54be-92f0-c2b593a0a081	chr12	68113333	70598937	4	2	2
e6deb34e-2573-54be-92f0-c2b593a0a081	chr12	70599770	71654579	6	4	2
e6deb34e-2573-54be-92f0-c2b593a0a081	chr12	71654762	71791295	4	2	2
e6deb34e-2573-54be-92f0-c2b593a0a081	chr12	71796044	71870454	1	1	0
e6deb34e-2573-54be-92f0-c2b593a0a081	chr12	71870603	76079992	6	4	2
e6deb34e-2573-54be-92f0-c2b593a0a081	chr12	76126180	76523147	10	8	2
e6deb34e-2573-54be-92f0-c2b593a0a081	chr12	76527727	76948023	5	3	2
e6deb34e-2573-54be-92f0-c2b593a0a081	chr12	76948322	79622609	6	4	2
e6deb34e-2573-54be-92f0-c2b593a0a081	chr12	79633226	79950688	2	2	0
e6deb34e-2573-54be-92f0-c2b593a0a081	chr12	79962607	80025250	7	5	2
e6deb34e-2573-54be-92f0-c2b593a0a081	chr12	80025938	82650130	6	4	2
e6deb34e-2573-54be-92f0-c2b593a0a081	chr12	82651407	83518534	2	2	0
e6deb34e-2573-54be-92f0-c2b593a0a081	chr12	83521479	84606964	6	4	2
e6deb34e-2573-54be-92f0-c2b593a0a081	chr12	84607779	85991586	2	2	0
e6deb34e-2573-54be-92f0-c2b593a0a081	chr12	85994514	86759289	7	5	2
e6deb34e-2573-54be-92f0-c2b593a0a081	chr12	86759935	87613265	5	3	2
e6deb34e-2573-54be-92f0-c2b593a0a081	chr12	87613560	87618889	1	1	0
e6deb34e-2573-54be-92f0-c2b593a0a081	chr12	87620415	121100700	2	2	0
e6deb34e-2573-54be-92f0-c2b593a0a081	chr12	121105170	123037456	6	4	2
e6deb34e-2573-54be-92f0-c2b593a0a081	chr12	123037603	123722551	3	2	1
e6deb34e-2573-54be-92f0-c2b593a0a081	chr12	123722841	124087415	6	4	2
e6deb34e-2573-54be-92f0-c2b593a0a081	chr12	124090970	127656971	2	2	0
e6deb34e-2573-54be-92f0-c2b593a0a081	chr12	127662810	127667405	5	4	1
e6deb34e-2573-54be-92f0-c2b593a0a081	chr12	127669928	131898422	6	4	2
e6deb34e-2573-54be-92f0-c2b593a0a081	chr12	131905618	133201603	2	2	0
e6deb34e-2573-54be-92f0-c2b593a0a081	chr13	18452809	91108993	3	2	1
e6deb34e-2573-54be-92f0-c2b593a0a081	chr13	91109014	114342922	2	2	0
e6deb34e-2573-54be-92f0-c2b593a0a081	chr14	18239283	27185101	6	4	2
e6deb34e-2573-54be-92f0-c2b593a0a081	chr14	27185539	27601297	4	2	2
e6deb34e-2573-54be-92f0-c2b593a0a081	chr14	27604105	44597318	6	4	2
e6deb34e-2573-54be-92f0-c2b593a0a081	chr14	44597392	47834860	4	2	2
e6deb34e-2573-54be-92f0-c2b593a0a081	chr14	47835056	48756266	6	4	2
e6deb34e-2573-54be-92f0-c2b593a0a081	chr14	48762386	49081737	4	2	2
e6deb34e-2573-54be-92f0-c2b593a0a081	chr14	49084859	76994402	6	4	2
e6deb34e-2573-54be-92f0-c2b593a0a081	chr14	76995358	106877229	2	2	0
e6deb34e-2573-54be-92f0-c2b593a0a081	chr15	19811075	23650488	6	3	3
e6deb34e-2573-54be-92f0-c2b593a0a081	chr15	23650624	23899909	7	5	2
e6deb34e-2573-54be-92f0-c2b593a0a081	chr15	23902145	24180776	4	2	2
e6deb34e-2573-54be-92f0-c2b593a0a081	chr15	24181205	24581411	11	8	3
e6deb34e-2573-54be-92f0-c2b593a0a081	chr15	24584215	24798536	2	2	0
e6deb34e-2573-54be-92f0-c2b593a0a081	chr15	24798600	24944281	5	3	2
e6deb34e-2573-54be-92f0-c2b593a0a081	chr15	24944322	25430453	2	2	0
e6deb34e-2573-54be-92f0-c2b593a0a081	chr15	25431320	25472717	7	5	2
e6deb34e-2573-54be-92f0-c2b593a0a081	chr15	25473728	25965490	4	2	2
e6deb34e-2573-54be-92f0-c2b593a0a081	chr15	25967583	26134720	8	6	2
e6deb34e-2573-54be-92f0-c2b593a0a081	chr15	26134841	26145750	5	4	1
e6deb34e-2573-54be-92f0-c2b593a0a081	chr15	26146018	86905326	2	2	0
e6deb34e-2573-54be-92f0-c2b593a0a081	chr15	86905618	87312459	1	1	0
e6deb34e-2573-54be-92f0-c2b593a0a081	chr15	87313068	101928837	4	2	2
e6deb34e-2573-54be-92f0-c2b593a0a081	chr16	10777	30612066	2	2	0
e6deb34e-2573-54be-92f0-c2b593a0a081	chr16	30612879	36048855	3	2	1
e6deb34e-2573-54be-92f0-c2b593a0a081	chr16	46441986	66051123	2	2	0
e6deb34e-2573-54be-92f0-c2b593a0a081	chr16	66051170	90096867	4	2	2
e6deb34e-2573-54be-92f0-c2b593a0a081	chr17	150733	7680826	2	2	0
e6deb34e-2573-54be-92f0-c2b593a0a081	chr17	7688443	7877743	0	0	0
e6deb34e-2573-54be-92f0-c2b593a0a081	chr17	7877766	15576622	2	2	0
e6deb34e-2573-54be-92f0-c2b593a0a081	chr17	15579201	17297170	4	2	2
e6deb34e-2573-54be-92f0-c2b593a0a081	chr17	17297457	17633486	2	2	0
e6deb34e-2573-54be-92f0-c2b593a0a081	chr17	17633889	18509244	4	2	2
e6deb34e-2573-54be-92f0-c2b593a0a081	chr17	18523147	22621405	2	2	0
e6deb34e-2573-54be-92f0-c2b593a0a081	chr17	22622402	29500350	4	2	2
e6deb34e-2573-54be-92f0-c2b593a0a081	chr17	29504782	29848086	2	2	0
e6deb34e-2573-54be-92f0-c2b593a0a081	chr17	29853818	31151564	4	3	1
e6deb34e-2573-54be-92f0-c2b593a0a081	chr17	31153692	38976304	2	2	0
e6deb34e-2573-54be-92f0-c2b593a0a081	chr17	38991105	50191941	4	2	2
e6deb34e-2573-54be-92f0-c2b593a0a081	chr17	50196542	50480742	2	2	0
e6deb34e-2573-54be-92f0-c2b593a0a081	chr17	50484961	83091923	4	2	2
e6deb34e-2573-54be-92f0-c2b593a0a081	chr18	48133	504592	2	2	0
e6deb34e-2573-54be-92f0-c2b593a0a081	chr18	505472	586700	3	2	1
e6deb34e-2573-54be-92f0-c2b593a0a081	chr18	587290	1446011	6	4	2
e6deb34e-2573-54be-92f0-c2b593a0a081	chr18	1458750	33443488	4	2	2
e6deb34e-2573-54be-92f0-c2b593a0a081	chr18	33443600	33446467	7	4	3
e6deb34e-2573-54be-92f0-c2b593a0a081	chr18	33450383	79502166	4	2	2
e6deb34e-2573-54be-92f0-c2b593a0a081	chr18	79502895	80257174	3	2	1
e6deb34e-2573-54be-92f0-c2b593a0a081	chr19	90910	366725	3	3	0
e6deb34e-2573-54be-92f0-c2b593a0a081	chr19	366804	988135	5	3	2
e6deb34e-2573-54be-92f0-c2b593a0a081	chr19	988136	1933961	4	2	2
e6deb34e-2573-54be-92f0-c2b593a0a081	chr19	1934344	2532727	2	2	0
e6deb34e-2573-54be-92f0-c2b593a0a081	chr19	2533618	3262488	5	3	2
e6deb34e-2573-54be-92f0-c2b593a0a081	chr19	3266235	5839735	4	2	2
e6deb34e-2573-54be-92f0-c2b593a0a081	chr19	5839967	20370216	3	2	1
e6deb34e-2573-54be-92f0-c2b593a0a081	chr19	20370643	20538656	0	0	0
e6deb34e-2573-54be-92f0-c2b593a0a081	chr19	20541039	27816507	3	2	1
e6deb34e-2573-54be-92f0-c2b593a0a081	chr19	27816724	50849923	4	2	2
e6deb34e-2573-54be-92f0-c2b593a0a081	chr19	50852394	50932596	5	3	2
e6deb34e-2573-54be-92f0-c2b593a0a081	chr19	50932811	58586487	4	2	2
e6deb34e-2573-54be-92f0-c2b593a0a081	chr20	80664	2398373	5	4	1
e6deb34e-2573-54be-92f0-c2b593a0a081	chr20	2398647	2588898	8	7	1
e6deb34e-2573-54be-92f0-c2b593a0a081	chr20	2592293	13215206	3	2	1
e6deb34e-2573-54be-92f0-c2b593a0a081	chr20	13217155	14779398	5	3	2
e6deb34e-2573-54be-92f0-c2b593a0a081	chr20	14780815	14915307	2	2	0
e6deb34e-2573-54be-92f0-c2b593a0a081	chr20	14916944	17110172	5	3	2
e6deb34e-2573-54be-92f0-c2b593a0a081	chr20	17110808	17343924	3	2	1
e6deb34e-2573-54be-92f0-c2b593a0a081	chr20	17345649	18287385	5	3	2
e6deb34e-2573-54be-92f0-c2b593a0a081	chr20	18291985	19702924	3	2	1
e6deb34e-2573-54be-92f0-c2b593a0a081	chr20	19703074	19904317	6	4	2
e6deb34e-2573-54be-92f0-c2b593a0a081	chr20	19906725	21139902	4	2	2
e6deb34e-2573-54be-92f0-c2b593a0a081	chr20	21141707	22929612	6	4	2
e6deb34e-2573-54be-92f0-c2b593a0a081	chr20	22930005	24043772	7	5	2
e6deb34e-2573-54be-92f0-c2b593a0a081	chr20	24045017	24662407	6	4	2
e6deb34e-2573-54be-92f0-c2b593a0a081	chr20	24665003	32649984	4	2	2
e6deb34e-2573-54be-92f0-c2b593a0a081	chr20	32650282	36347989	3	2	1
e6deb34e-2573-54be-92f0-c2b593a0a081	chr20	36350096	37570756	5	3	2
e6deb34e-2573-54be-92f0-c2b593a0a081	chr20	37573665	38347716	6	4	2
e6deb34e-2573-54be-92f0-c2b593a0a081	chr20	38348300	38626444	4	2	2
e6deb34e-2573-54be-92f0-c2b593a0a081	chr20	38627993	40079610	3	2	1
e6deb34e-2573-54be-92f0-c2b593a0a081	chr20	40079993	40761542	4	2	2
e6deb34e-2573-54be-92f0-c2b593a0a081	chr20	40762408	41950644	3	2	1
e6deb34e-2573-54be-92f0-c2b593a0a081	chr20	41950681	43318113	4	2	2
e6deb34e-2573-54be-92f0-c2b593a0a081	chr20	43318536	43767307	6	4	2
e6deb34e-2573-54be-92f0-c2b593a0a081	chr20	43771197	44267179	8	6	2
e6deb34e-2573-54be-92f0-c2b593a0a081	chr20	44267266	48486004	3	2	1
e6deb34e-2573-54be-92f0-c2b593a0a081	chr20	48486144	48574634	5	4	1
e6deb34e-2573-54be-92f0-c2b593a0a081	chr20	48575853	49405094	5	3	2
e6deb34e-2573-54be-92f0-c2b593a0a081	chr20	49406024	50392392	6	4	2
e6deb34e-2573-54be-92f0-c2b593a0a081	chr20	50398566	53086207	5	3	2
e6deb34e-2573-54be-92f0-c2b593a0a081	chr20	53086470	54579999	6	4	2
e6deb34e-2573-54be-92f0-c2b593a0a081	chr20	54584923	54688914	5	3	2
e6deb34e-2573-54be-92f0-c2b593a0a081	chr20	54689937	54778078	9	7	2
e6deb34e-2573-54be-92f0-c2b593a0a081	chr20	54780118	56166079	9	6	3
e6deb34e-2573-54be-92f0-c2b593a0a081	chr20	56169177	57085635	7	4	3
e6deb34e-2573-54be-92f0-c2b593a0a081	chr20	57086493	57145659	6	4	2
e6deb34e-2573-54be-92f0-c2b593a0a081	chr20	57145699	57873798	7	4	3
e6deb34e-2573-54be-92f0-c2b593a0a081	chr20	57874120	58908174	8	4	4
e6deb34e-2573-54be-92f0-c2b593a0a081	chr20	58909030	60507564	7	4	3
e6deb34e-2573-54be-92f0-c2b593a0a081	chr20	60507708	60860735	4	2	2
e6deb34e-2573-54be-92f0-c2b593a0a081	chr20	60860911	62135988	6	3	3
e6deb34e-2573-54be-92f0-c2b593a0a081	chr20	62136019	62316232	4	3	1
e6deb34e-2573-54be-92f0-c2b593a0a081	chr20	62331766	63529128	3	2	1
e6deb34e-2573-54be-92f0-c2b593a0a081	chr20	63531914	63935033	4	3	1
e6deb34e-2573-54be-92f0-c2b593a0a081	chr20	63942769	64082780	2	2	0
e6deb34e-2573-54be-92f0-c2b593a0a081	chr20	64086577	64324800	5	4	1
e6deb34e-2573-54be-92f0-c2b593a0a081	chr21	12973348	46677045	4	2	2
e6deb34e-2573-54be-92f0-c2b593a0a081	chr22	16392123	41333212	4	2	2
e6deb34e-2573-54be-92f0-c2b593a0a081	chr22	41333319	50796027	3	2	1
e6deb34e-2573-54be-92f0-c2b593a0a081	chrX	251810	621450	2	2	0
e6deb34e-2573-54be-92f0-c2b593a0a081	chrX	638559	58477524	6	4	2
e6deb34e-2573-54be-92f0-c2b593a0a081	chrX	58477663	62754763	4	4	0
e6deb34e-2573-54be-92f0-c2b593a0a081	chrX	62759627	63405659	4	3	1
e6deb34e-2573-54be-92f0-c2b593a0a081	chrX	63408608	156004181	4	2	2
e6deb34e-2573-54be-92f0-c2b593a0a081	chrY	2782397	26653788	0	0	0
e6deb34e-2573-54be-92f0-c2b593a0a081	chrY	56872112	56872112	3	3	0
