GDC_Aliquot	Chromosome	Start	End	Copy_Number	Major_Copy_Number	Minor_Copy_Number
c811ef36-4fd4-575e-91fe-7e60799034b6	chr1	62920	17937326	4	3	1
c811ef36-4fd4-575e-91fe-7e60799034b6	chr1	17938244	25003500	4	2	2
c811ef36-4fd4-575e-91fe-7e60799034b6	chr1	25005094	48354599	4	3	1
c811ef36-4fd4-575e-91fe-7e60799034b6	chr1	48354622	98444817	4	2	2
c811ef36-4fd4-575e-91fe-7e60799034b6	chr1	98445432	121705338	5	4	1
c811ef36-4fd4-575e-91fe-7e60799034b6	chr1	143541857	151722795	3	2	1
c811ef36-4fd4-575e-91fe-7e60799034b6	chr1	151726997	234602243	4	3	1
c811ef36-4fd4-575e-91fe-7e60799034b6	chr1	234605134	248703037	2	1	1
c811ef36-4fd4-575e-91fe-7e60799034b6	chr1	248703602	248930189	5	4	1
c811ef36-4fd4-575e-91fe-7e60799034b6	chr2	12784	472322	3	3	0
c811ef36-4fd4-575e-91fe-7e60799034b6	chr2	473038	23323225	6	3	3
c811ef36-4fd4-575e-91fe-7e60799034b6	chr2	23325743	50781614	6	4	2
c811ef36-4fd4-575e-91fe-7e60799034b6	chr2	50782094	53111223	7	5	2
c811ef36-4fd4-575e-91fe-7e60799034b6	chr2	53111472	88836539	6	3	3
c811ef36-4fd4-575e-91fe-7e60799034b6	chr2	88836615	89118119	20	20	0
c811ef36-4fd4-575e-91fe-7e60799034b6	chr2	89119438	207641892	6	3	3
c811ef36-4fd4-575e-91fe-7e60799034b6	chr2	207647358	217891323	8	4	4
c811ef36-4fd4-575e-91fe-7e60799034b6	chr2	217893496	218307761	7	5	2
c811ef36-4fd4-575e-91fe-7e60799034b6	chr2	218311016	233963628	8	4	4
c811ef36-4fd4-575e-91fe-7e60799034b6	chr2	233963868	234041411	8	6	2
c811ef36-4fd4-575e-91fe-7e60799034b6	chr2	234041424	237477123	8	4	4
c811ef36-4fd4-575e-91fe-7e60799034b6	chr2	237481691	237674120	8	6	2
c811ef36-4fd4-575e-91fe-7e60799034b6	chr2	237675337	242147305	7	4	3
c811ef36-4fd4-575e-91fe-7e60799034b6	chr3	20930	30890881	6	3	3
c811ef36-4fd4-575e-91fe-7e60799034b6	chr3	30891097	30915242	8	6	2
c811ef36-4fd4-575e-91fe-7e60799034b6	chr3	30915420	31661415	2	2	0
c811ef36-4fd4-575e-91fe-7e60799034b6	chr3	31661429	31691212	7	5	2
c811ef36-4fd4-575e-91fe-7e60799034b6	chr3	31691251	32095507	5	3	2
c811ef36-4fd4-575e-91fe-7e60799034b6	chr3	32100475	32177333	1	1	0
c811ef36-4fd4-575e-91fe-7e60799034b6	chr3	32177454	90208684	2	2	0
c811ef36-4fd4-575e-91fe-7e60799034b6	chr3	90209779	90453712	2	1	1
c811ef36-4fd4-575e-91fe-7e60799034b6	chr3	93800634	116688502	6	3	3
c811ef36-4fd4-575e-91fe-7e60799034b6	chr3	116690034	116758198	4	2	2
c811ef36-4fd4-575e-91fe-7e60799034b6	chr3	116759282	116973397	2	2	0
c811ef36-4fd4-575e-91fe-7e60799034b6	chr3	116975969	130057833	6	3	3
c811ef36-4fd4-575e-91fe-7e60799034b6	chr3	130062033	130087393	0	0	0
c811ef36-4fd4-575e-91fe-7e60799034b6	chr3	130088081	162795361	6	3	3
c811ef36-4fd4-575e-91fe-7e60799034b6	chr3	162795671	162898127	1	1	0
c811ef36-4fd4-575e-91fe-7e60799034b6	chr3	162906054	198169247	6	3	3
c811ef36-4fd4-575e-91fe-7e60799034b6	chr4	68929	33012369	3	2	1
c811ef36-4fd4-575e-91fe-7e60799034b6	chr4	33012502	34940029	3	3	0
c811ef36-4fd4-575e-91fe-7e60799034b6	chr4	34940253	44216613	4	3	1
c811ef36-4fd4-575e-91fe-7e60799034b6	chr4	44218048	47100898	3	2	1
c811ef36-4fd4-575e-91fe-7e60799034b6	chr4	47100976	47540439	4	2	2
c811ef36-4fd4-575e-91fe-7e60799034b6	chr4	47542930	51834605	6	4	2
c811ef36-4fd4-575e-91fe-7e60799034b6	chr4	51837099	52810474	5	3	2
c811ef36-4fd4-575e-91fe-7e60799034b6	chr4	52822617	54500464	7	5	2
c811ef36-4fd4-575e-91fe-7e60799034b6	chr4	54502535	60635552	5	3	2
c811ef36-4fd4-575e-91fe-7e60799034b6	chr4	60638258	63626452	3	2	1
c811ef36-4fd4-575e-91fe-7e60799034b6	chr4	63627157	64404404	4	4	0
c811ef36-4fd4-575e-91fe-7e60799034b6	chr4	64404554	66173294	5	3	2
c811ef36-4fd4-575e-91fe-7e60799034b6	chr4	66174082	68478894	3	2	1
c811ef36-4fd4-575e-91fe-7e60799034b6	chr4	68494770	68639397	13	13	0
c811ef36-4fd4-575e-91fe-7e60799034b6	chr4	68640616	97979353	3	2	1
c811ef36-4fd4-575e-91fe-7e60799034b6	chr4	97979530	101152677	4	2	2
c811ef36-4fd4-575e-91fe-7e60799034b6	chr4	101155825	125871512	3	2	1
c811ef36-4fd4-575e-91fe-7e60799034b6	chr4	125872168	127235709	5	3	2
c811ef36-4fd4-575e-91fe-7e60799034b6	chr4	127236474	129955971	3	2	1
c811ef36-4fd4-575e-91fe-7e60799034b6	chr4	129960086	131102121	5	3	2
c811ef36-4fd4-575e-91fe-7e60799034b6	chr4	131103329	143247022	3	2	1
c811ef36-4fd4-575e-91fe-7e60799034b6	chr4	143249096	144065710	6	3	3
c811ef36-4fd4-575e-91fe-7e60799034b6	chr4	144068850	157197449	3	2	1
c811ef36-4fd4-575e-91fe-7e60799034b6	chr4	157199100	158124814	5	3	2
c811ef36-4fd4-575e-91fe-7e60799034b6	chr4	158125126	169634585	3	2	1
c811ef36-4fd4-575e-91fe-7e60799034b6	chr4	169634773	170634206	5	3	2
c811ef36-4fd4-575e-91fe-7e60799034b6	chr4	170644295	176244494	3	2	1
c811ef36-4fd4-575e-91fe-7e60799034b6	chr4	176245057	177734382	5	3	2
c811ef36-4fd4-575e-91fe-7e60799034b6	chr4	177734414	190106768	3	2	1
c811ef36-4fd4-575e-91fe-7e60799034b6	chr5	15532	2698810	6	3	3
c811ef36-4fd4-575e-91fe-7e60799034b6	chr5	2698996	50146124	7	4	3
c811ef36-4fd4-575e-91fe-7e60799034b6	chr5	50151472	181363319	2	2	0
c811ef36-4fd4-575e-91fe-7e60799034b6	chr6	149661	101253162	4	4	0
c811ef36-4fd4-575e-91fe-7e60799034b6	chr6	101253722	101521454	6	6	0
c811ef36-4fd4-575e-91fe-7e60799034b6	chr6	101522052	113908759	4	4	0
c811ef36-4fd4-575e-91fe-7e60799034b6	chr6	113908993	113914840	7	7	0
c811ef36-4fd4-575e-91fe-7e60799034b6	chr6	113917836	170741917	4	4	0
c811ef36-4fd4-575e-91fe-7e60799034b6	chr7	43259	2408415	5	3	2
c811ef36-4fd4-575e-91fe-7e60799034b6	chr7	2408682	52000581	6	3	3
c811ef36-4fd4-575e-91fe-7e60799034b6	chr7	52003812	52006792	12	8	4
c811ef36-4fd4-575e-91fe-7e60799034b6	chr7	52010307	80282184	6	3	3
c811ef36-4fd4-575e-91fe-7e60799034b6	chr7	80285141	83794524	7	5	2
c811ef36-4fd4-575e-91fe-7e60799034b6	chr7	83794792	102065696	6	4	2
c811ef36-4fd4-575e-91fe-7e60799034b6	chr7	102068826	146828770	6	3	3
c811ef36-4fd4-575e-91fe-7e60799034b6	chr7	146831221	147079870	4	2	2
c811ef36-4fd4-575e-91fe-7e60799034b6	chr7	147080512	147202684	7	5	2
c811ef36-4fd4-575e-91fe-7e60799034b6	chr7	147205780	147310572	4	4	0
c811ef36-4fd4-575e-91fe-7e60799034b6	chr7	147310620	159334314	6	3	3
c811ef36-4fd4-575e-91fe-7e60799034b6	chr8	81254	82850474	4	2	2
c811ef36-4fd4-575e-91fe-7e60799034b6	chr8	82850587	83654506	5	4	1
c811ef36-4fd4-575e-91fe-7e60799034b6	chr8	83660743	86034347	5	3	2
c811ef36-4fd4-575e-91fe-7e60799034b6	chr8	86035140	110544798	4	2	2
c811ef36-4fd4-575e-91fe-7e60799034b6	chr8	110544913	112326557	5	4	1
c811ef36-4fd4-575e-91fe-7e60799034b6	chr8	112327862	113401141	4	2	2
c811ef36-4fd4-575e-91fe-7e60799034b6	chr8	113401182	113931451	4	4	0
c811ef36-4fd4-575e-91fe-7e60799034b6	chr8	113934181	140711719	4	2	2
c811ef36-4fd4-575e-91fe-7e60799034b6	chr8	140711886	145072769	3	2	1
c811ef36-4fd4-575e-91fe-7e60799034b6	chr9	46587	2311415	5	3	2
c811ef36-4fd4-575e-91fe-7e60799034b6	chr9	2313264	3345496	7	5	2
c811ef36-4fd4-575e-91fe-7e60799034b6	chr9	3345524	15351117	5	3	2
c811ef36-4fd4-575e-91fe-7e60799034b6	chr9	15351349	15980322	5	4	1
c811ef36-4fd4-575e-91fe-7e60799034b6	chr9	15994242	21012658	5	3	2
c811ef36-4fd4-575e-91fe-7e60799034b6	chr9	21012746	21086312	2	2	0
c811ef36-4fd4-575e-91fe-7e60799034b6	chr9	21088720	21801531	7	5	2
c811ef36-4fd4-575e-91fe-7e60799034b6	chr9	21806565	36928929	5	3	2
c811ef36-4fd4-575e-91fe-7e60799034b6	chr9	36930539	41741113	7	5	2
c811ef36-4fd4-575e-91fe-7e60799034b6	chr9	60863881	138200944	2	1	1
c811ef36-4fd4-575e-91fe-7e60799034b6	chr10	45792	18813688	4	2	2
c811ef36-4fd4-575e-91fe-7e60799034b6	chr10	18813791	24011792	2	2	0
c811ef36-4fd4-575e-91fe-7e60799034b6	chr10	24014572	42565362	4	2	2
c811ef36-4fd4-575e-91fe-7e60799034b6	chr10	42568256	133654968	2	2	0
c811ef36-4fd4-575e-91fe-7e60799034b6	chr11	198510	1833503	3	2	1
c811ef36-4fd4-575e-91fe-7e60799034b6	chr11	1844881	88102832	4	2	2
c811ef36-4fd4-575e-91fe-7e60799034b6	chr11	88103616	98929838	2	2	0
c811ef36-4fd4-575e-91fe-7e60799034b6	chr11	98930377	104152178	4	2	2
c811ef36-4fd4-575e-91fe-7e60799034b6	chr11	104152972	105068302	4	3	1
c811ef36-4fd4-575e-91fe-7e60799034b6	chr11	105068780	107223754	2	2	0
c811ef36-4fd4-575e-91fe-7e60799034b6	chr11	107223846	130531975	4	2	2
c811ef36-4fd4-575e-91fe-7e60799034b6	chr11	130532097	130763499	4	3	1
c811ef36-4fd4-575e-91fe-7e60799034b6	chr11	130764147	135074876	4	2	2
c811ef36-4fd4-575e-91fe-7e60799034b6	chr12	51460	32616818	3	2	1
c811ef36-4fd4-575e-91fe-7e60799034b6	chr12	32622976	32650813	1	1	0
c811ef36-4fd4-575e-91fe-7e60799034b6	chr12	32651038	84214223	3	2	1
c811ef36-4fd4-575e-91fe-7e60799034b6	chr12	84214289	84273051	2	1	1
c811ef36-4fd4-575e-91fe-7e60799034b6	chr12	84273150	119329915	3	2	1
c811ef36-4fd4-575e-91fe-7e60799034b6	chr12	119330123	125438855	2	1	1
c811ef36-4fd4-575e-91fe-7e60799034b6	chr12	125442792	131694505	3	2	1
c811ef36-4fd4-575e-91fe-7e60799034b6	chr12	131696767	133201603	2	1	1
c811ef36-4fd4-575e-91fe-7e60799034b6	chr13	18452809	55263656	2	2	0
c811ef36-4fd4-575e-91fe-7e60799034b6	chr13	55264138	55306388	0	0	0
c811ef36-4fd4-575e-91fe-7e60799034b6	chr13	55306418	114342922	2	2	0
c811ef36-4fd4-575e-91fe-7e60799034b6	chr14	18239283	23156773	4	2	2
c811ef36-4fd4-575e-91fe-7e60799034b6	chr14	23157536	23650272	4	3	1
c811ef36-4fd4-575e-91fe-7e60799034b6	chr14	23650652	59792065	4	2	2
c811ef36-4fd4-575e-91fe-7e60799034b6	chr14	59792323	61209180	4	3	1
c811ef36-4fd4-575e-91fe-7e60799034b6	chr14	61210679	79115039	4	2	2
c811ef36-4fd4-575e-91fe-7e60799034b6	chr14	79116286	87829059	5	3	2
c811ef36-4fd4-575e-91fe-7e60799034b6	chr14	87829256	106877229	4	2	2
c811ef36-4fd4-575e-91fe-7e60799034b6	chr15	19811075	53320298	2	2	0
c811ef36-4fd4-575e-91fe-7e60799034b6	chr15	53321764	53332192	5	3	2
c811ef36-4fd4-575e-91fe-7e60799034b6	chr15	53332270	101928837	2	2	0
c811ef36-4fd4-575e-91fe-7e60799034b6	chr16	10777	1703331	3	2	1
c811ef36-4fd4-575e-91fe-7e60799034b6	chr16	1703428	5492381	4	2	2
c811ef36-4fd4-575e-91fe-7e60799034b6	chr16	5493838	35361682	5	3	2
c811ef36-4fd4-575e-91fe-7e60799034b6	chr16	35362785	35522700	10	5	5
c811ef36-4fd4-575e-91fe-7e60799034b6	chr16	35526596	66916034	5	3	2
c811ef36-4fd4-575e-91fe-7e60799034b6	chr16	66916970	69060390	5	4	1
c811ef36-4fd4-575e-91fe-7e60799034b6	chr16	69061280	83832303	5	3	2
c811ef36-4fd4-575e-91fe-7e60799034b6	chr16	83833340	88725639	4	2	2
c811ef36-4fd4-575e-91fe-7e60799034b6	chr16	88726929	89546361	4	3	1
c811ef36-4fd4-575e-91fe-7e60799034b6	chr16	89547004	90096867	4	2	2
c811ef36-4fd4-575e-91fe-7e60799034b6	chr17	150733	318057	4	3	1
c811ef36-4fd4-575e-91fe-7e60799034b6	chr17	319608	7087270	3	3	0
c811ef36-4fd4-575e-91fe-7e60799034b6	chr17	7087921	7841337	4	4	0
c811ef36-4fd4-575e-91fe-7e60799034b6	chr17	7849822	9752797	3	3	0
c811ef36-4fd4-575e-91fe-7e60799034b6	chr17	9753836	10888222	5	5	0
c811ef36-4fd4-575e-91fe-7e60799034b6	chr17	10889565	13325335	3	3	0
c811ef36-4fd4-575e-91fe-7e60799034b6	chr17	13328694	14255970	5	5	0
c811ef36-4fd4-575e-91fe-7e60799034b6	chr17	14258920	15789641	3	3	0
c811ef36-4fd4-575e-91fe-7e60799034b6	chr17	15791471	17613818	5	3	2
c811ef36-4fd4-575e-91fe-7e60799034b6	chr17	17616053	83091923	3	3	0
c811ef36-4fd4-575e-91fe-7e60799034b6	chr18	48133	8634078	3	2	1
c811ef36-4fd4-575e-91fe-7e60799034b6	chr18	8638031	8642191	0	0	0
c811ef36-4fd4-575e-91fe-7e60799034b6	chr18	8643304	67804727	3	2	1
c811ef36-4fd4-575e-91fe-7e60799034b6	chr18	67805149	68792740	4	3	1
c811ef36-4fd4-575e-91fe-7e60799034b6	chr18	68793316	80257174	3	2	1
c811ef36-4fd4-575e-91fe-7e60799034b6	chr19	90910	1884553	5	3	2
c811ef36-4fd4-575e-91fe-7e60799034b6	chr19	1907480	2196964	3	2	1
c811ef36-4fd4-575e-91fe-7e60799034b6	chr19	2197735	7415800	6	4	2
c811ef36-4fd4-575e-91fe-7e60799034b6	chr19	7415815	7453326	10	7	3
c811ef36-4fd4-575e-91fe-7e60799034b6	chr19	7453398	18253647	6	3	3
c811ef36-4fd4-575e-91fe-7e60799034b6	chr19	18253976	18664267	4	2	2
c811ef36-4fd4-575e-91fe-7e60799034b6	chr19	18671567	19528548	5	4	1
c811ef36-4fd4-575e-91fe-7e60799034b6	chr19	19529715	58586487	6	3	3
c811ef36-4fd4-575e-91fe-7e60799034b6	chr20	80664	4894061	6	6	0
c811ef36-4fd4-575e-91fe-7e60799034b6	chr20	4895172	61740650	4	4	0
c811ef36-4fd4-575e-91fe-7e60799034b6	chr20	61743138	64324800	3	3	0
c811ef36-4fd4-575e-91fe-7e60799034b6	chr21	12973348	14838583	4	2	2
c811ef36-4fd4-575e-91fe-7e60799034b6	chr21	14838870	41100017	5	3	2
c811ef36-4fd4-575e-91fe-7e60799034b6	chr21	41100710	46677045	4	2	2
c811ef36-4fd4-575e-91fe-7e60799034b6	chr22	16392123	25323345	4	2	2
c811ef36-4fd4-575e-91fe-7e60799034b6	chr22	25323946	25535705	1	1	0
c811ef36-4fd4-575e-91fe-7e60799034b6	chr22	25536575	40309860	4	2	2
c811ef36-4fd4-575e-91fe-7e60799034b6	chr22	40310632	43081412	4	3	1
c811ef36-4fd4-575e-91fe-7e60799034b6	chr22	43085722	50796027	4	2	2
c811ef36-4fd4-575e-91fe-7e60799034b6	chrX	251810	2653684	2	2	0
c811ef36-4fd4-575e-91fe-7e60799034b6	chrX	2656935	2735872	1	1	0
c811ef36-4fd4-575e-91fe-7e60799034b6	chrX	2738809	2785914	4	2	2
c811ef36-4fd4-575e-91fe-7e60799034b6	chrX	2788903	54991886	1	1	0
c811ef36-4fd4-575e-91fe-7e60799034b6	chrX	54996864	156004181	2	2	0
c811ef36-4fd4-575e-91fe-7e60799034b6	chrY	2782397	26653788	1	1	0
c811ef36-4fd4-575e-91fe-7e60799034b6	chrY	56872112	56872112	0	0	0
