GDC_Aliquot	Chromosome	Start	End	Copy_Number	Major_Copy_Number	Minor_Copy_Number
77227754-851e-5155-a2e5-debff82f4839	chr1	62920	121705338	6	3	3
77227754-851e-5155-a2e5-debff82f4839	chr1	143541857	203940194	9	5	4
77227754-851e-5155-a2e5-debff82f4839	chr1	203942429	248930189	4	4	0
77227754-851e-5155-a2e5-debff82f4839	chr2	12784	33910077	5	3	2
77227754-851e-5155-a2e5-debff82f4839	chr2	33910901	33922129	3	2	1
77227754-851e-5155-a2e5-debff82f4839	chr2	33922460	94913637	5	3	2
77227754-851e-5155-a2e5-debff82f4839	chr2	94914997	96248182	4	4	0
77227754-851e-5155-a2e5-debff82f4839	chr2	96251850	97600326	8	4	4
77227754-851e-5155-a2e5-debff82f4839	chr2	97608974	100590551	3	3	0
77227754-851e-5155-a2e5-debff82f4839	chr2	100595040	110044146	7	4	3
77227754-851e-5155-a2e5-debff82f4839	chr2	110097158	112256485	3	3	0
77227754-851e-5155-a2e5-debff82f4839	chr2	112256503	116368702	6	3	3
77227754-851e-5155-a2e5-debff82f4839	chr2	116372461	118993929	3	3	0
77227754-851e-5155-a2e5-debff82f4839	chr2	118994068	119514137	6	3	3
77227754-851e-5155-a2e5-debff82f4839	chr2	119514326	120870826	3	3	0
77227754-851e-5155-a2e5-debff82f4839	chr2	120871913	121383248	6	3	3
77227754-851e-5155-a2e5-debff82f4839	chr2	121383568	124447441	3	3	0
77227754-851e-5155-a2e5-debff82f4839	chr2	124447840	124625945	1	1	0
77227754-851e-5155-a2e5-debff82f4839	chr2	124630682	184525439	3	3	0
77227754-851e-5155-a2e5-debff82f4839	chr2	184526808	185782125	6	3	3
77227754-851e-5155-a2e5-debff82f4839	chr2	185786846	211156946	3	3	0
77227754-851e-5155-a2e5-debff82f4839	chr2	211157030	211388462	6	3	3
77227754-851e-5155-a2e5-debff82f4839	chr2	211394449	211778882	3	3	0
77227754-851e-5155-a2e5-debff82f4839	chr2	211787102	212239142	10	5	5
77227754-851e-5155-a2e5-debff82f4839	chr2	212241676	214117356	6	3	3
77227754-851e-5155-a2e5-debff82f4839	chr2	214119885	215355162	10	7	3
77227754-851e-5155-a2e5-debff82f4839	chr2	215356995	242147305	4	3	1
77227754-851e-5155-a2e5-debff82f4839	chr3	20930	95432623	4	3	1
77227754-851e-5155-a2e5-debff82f4839	chr3	95433583	198169247	4	2	2
77227754-851e-5155-a2e5-debff82f4839	chr4	68929	30677145	3	3	0
77227754-851e-5155-a2e5-debff82f4839	chr4	30679700	41839434	9	5	4
77227754-851e-5155-a2e5-debff82f4839	chr4	41839530	44346015	3	3	0
77227754-851e-5155-a2e5-debff82f4839	chr4	44346164	45105904	10	5	5
77227754-851e-5155-a2e5-debff82f4839	chr4	45109251	45261609	14	11	3
77227754-851e-5155-a2e5-debff82f4839	chr4	45261895	49656206	3	3	0
77227754-851e-5155-a2e5-debff82f4839	chr4	49656595	53005508	7	4	3
77227754-851e-5155-a2e5-debff82f4839	chr4	53006507	63142707	9	5	4
77227754-851e-5155-a2e5-debff82f4839	chr4	63144174	68478894	6	3	3
77227754-851e-5155-a2e5-debff82f4839	chr4	68494770	68639397	15	15	0
77227754-851e-5155-a2e5-debff82f4839	chr4	68640616	72892933	6	3	3
77227754-851e-5155-a2e5-debff82f4839	chr4	72896926	80308611	4	2	2
77227754-851e-5155-a2e5-debff82f4839	chr4	80312395	107597697	5	3	2
77227754-851e-5155-a2e5-debff82f4839	chr4	107598283	107616672	12	6	6
77227754-851e-5155-a2e5-debff82f4839	chr4	107617361	152263756	5	3	2
77227754-851e-5155-a2e5-debff82f4839	chr4	152264592	154930510	2	2	0
77227754-851e-5155-a2e5-debff82f4839	chr4	154931370	166089533	5	3	2
77227754-851e-5155-a2e5-debff82f4839	chr4	166092985	170605891	2	2	0
77227754-851e-5155-a2e5-debff82f4839	chr4	170606388	170802343	4	2	2
77227754-851e-5155-a2e5-debff82f4839	chr4	170805404	172489782	2	2	0
77227754-851e-5155-a2e5-debff82f4839	chr4	172490512	173933785	4	2	2
77227754-851e-5155-a2e5-debff82f4839	chr4	173934434	186651919	2	2	0
77227754-851e-5155-a2e5-debff82f4839	chr4	186652764	190106768	3	2	1
77227754-851e-5155-a2e5-debff82f4839	chr5	15532	5855406	5	3	2
77227754-851e-5155-a2e5-debff82f4839	chr5	5859786	7238388	6	3	3
77227754-851e-5155-a2e5-debff82f4839	chr5	7239222	9156654	5	3	2
77227754-851e-5155-a2e5-debff82f4839	chr5	9156939	13754329	6	3	3
77227754-851e-5155-a2e5-debff82f4839	chr5	13757107	50640835	7	4	3
77227754-851e-5155-a2e5-debff82f4839	chr5	50644478	56965363	5	3	2
77227754-851e-5155-a2e5-debff82f4839	chr5	56965864	56979086	1	1	0
77227754-851e-5155-a2e5-debff82f4839	chr5	56980666	58013591	4	3	1
77227754-851e-5155-a2e5-debff82f4839	chr5	58013923	58055986	31	16	15
77227754-851e-5155-a2e5-debff82f4839	chr5	58057758	79463203	4	2	2
77227754-851e-5155-a2e5-debff82f4839	chr5	79463507	84110226	5	3	2
77227754-851e-5155-a2e5-debff82f4839	chr5	84110865	180232201	4	2	2
77227754-851e-5155-a2e5-debff82f4839	chr5	180233786	180633804	3	3	0
77227754-851e-5155-a2e5-debff82f4839	chr5	180636937	180947523	4	2	2
77227754-851e-5155-a2e5-debff82f4839	chr5	180951710	180991103	0	0	0
77227754-851e-5155-a2e5-debff82f4839	chr5	181006225	181363319	5	3	2
77227754-851e-5155-a2e5-debff82f4839	chr6	149661	37616534	6	3	3
77227754-851e-5155-a2e5-debff82f4839	chr6	37620787	37727162	11	8	3
77227754-851e-5155-a2e5-debff82f4839	chr6	37727864	46217747	6	3	3
77227754-851e-5155-a2e5-debff82f4839	chr6	46219981	46438705	8	4	4
77227754-851e-5155-a2e5-debff82f4839	chr6	46440000	48397726	6	3	3
77227754-851e-5155-a2e5-debff82f4839	chr6	48398075	49270761	8	4	4
77227754-851e-5155-a2e5-debff82f4839	chr6	49270874	49651137	13	10	3
77227754-851e-5155-a2e5-debff82f4839	chr6	49652860	51351008	6	3	3
77227754-851e-5155-a2e5-debff82f4839	chr6	51356011	52221449	9	6	3
77227754-851e-5155-a2e5-debff82f4839	chr6	52224761	52902527	6	3	3
77227754-851e-5155-a2e5-debff82f4839	chr6	52904336	53228517	12	9	3
77227754-851e-5155-a2e5-debff82f4839	chr6	53228640	53313178	6	3	3
77227754-851e-5155-a2e5-debff82f4839	chr6	53317063	55104637	12	9	3
77227754-851e-5155-a2e5-debff82f4839	chr6	55105203	55156692	6	5	1
77227754-851e-5155-a2e5-debff82f4839	chr6	55157177	55296546	6	3	3
77227754-851e-5155-a2e5-debff82f4839	chr6	55298020	56903434	12	9	3
77227754-851e-5155-a2e5-debff82f4839	chr6	56904786	61028778	6	3	3
77227754-851e-5155-a2e5-debff82f4839	chr6	61033822	63070126	10	5	5
77227754-851e-5155-a2e5-debff82f4839	chr6	63073343	150920313	3	3	0
77227754-851e-5155-a2e5-debff82f4839	chr6	150922098	150960532	0	0	0
77227754-851e-5155-a2e5-debff82f4839	chr6	150960571	170741917	3	3	0
77227754-851e-5155-a2e5-debff82f4839	chr7	43259	5062203	9	6	3
77227754-851e-5155-a2e5-debff82f4839	chr7	5068997	9183838	10	7	3
77227754-851e-5155-a2e5-debff82f4839	chr7	9183965	11647351	9	6	3
77227754-851e-5155-a2e5-debff82f4839	chr7	11651977	22488019	10	7	3
77227754-851e-5155-a2e5-debff82f4839	chr7	22488072	23270931	7	4	3
77227754-851e-5155-a2e5-debff82f4839	chr7	23271425	29859540	10	7	3
77227754-851e-5155-a2e5-debff82f4839	chr7	29863341	48676944	8	4	4
77227754-851e-5155-a2e5-debff82f4839	chr7	48677364	49610018	10	7	3
77227754-851e-5155-a2e5-debff82f4839	chr7	49611833	49632771	15	10	5
77227754-851e-5155-a2e5-debff82f4839	chr7	49636901	51862327	9	6	3
77227754-851e-5155-a2e5-debff82f4839	chr7	51864014	52590818	10	7	3
77227754-851e-5155-a2e5-debff82f4839	chr7	52591064	62553947	6	3	3
77227754-851e-5155-a2e5-debff82f4839	chr7	62553949	70673950	5	3	2
77227754-851e-5155-a2e5-debff82f4839	chr7	70674738	70864107	7	4	3
77227754-851e-5155-a2e5-debff82f4839	chr7	70864167	104524361	4	2	2
77227754-851e-5155-a2e5-debff82f4839	chr7	104524452	106232435	5	3	2
77227754-851e-5155-a2e5-debff82f4839	chr7	106233122	111021214	4	2	2
77227754-851e-5155-a2e5-debff82f4839	chr7	111023029	114990623	5	3	2
77227754-851e-5155-a2e5-debff82f4839	chr7	114996897	115933672	3	2	1
77227754-851e-5155-a2e5-debff82f4839	chr7	115933890	118198848	5	3	2
77227754-851e-5155-a2e5-debff82f4839	chr7	118201204	121076192	4	2	2
77227754-851e-5155-a2e5-debff82f4839	chr7	121076483	124908263	6	3	3
77227754-851e-5155-a2e5-debff82f4839	chr7	124917407	126688676	4	2	2
77227754-851e-5155-a2e5-debff82f4839	chr7	126691114	129309907	5	3	2
77227754-851e-5155-a2e5-debff82f4839	chr7	129311159	132943423	4	2	2
77227754-851e-5155-a2e5-debff82f4839	chr7	132943799	144161183	5	3	2
77227754-851e-5155-a2e5-debff82f4839	chr7	144164657	155294006	7	4	3
77227754-851e-5155-a2e5-debff82f4839	chr7	155296661	159334314	5	3	2
77227754-851e-5155-a2e5-debff82f4839	chr8	81254	4088749	2	2	0
77227754-851e-5155-a2e5-debff82f4839	chr8	4088845	4109467	0	0	0
77227754-851e-5155-a2e5-debff82f4839	chr8	4110674	46007651	2	2	0
77227754-851e-5155-a2e5-debff82f4839	chr8	46010698	62475617	7	4	3
77227754-851e-5155-a2e5-debff82f4839	chr8	62476080	62746444	3	3	0
77227754-851e-5155-a2e5-debff82f4839	chr8	62746808	133215457	7	4	3
77227754-851e-5155-a2e5-debff82f4839	chr8	133215775	145072769	6	3	3
77227754-851e-5155-a2e5-debff82f4839	chr9	46587	127953516	6	3	3
77227754-851e-5155-a2e5-debff82f4839	chr9	127953643	138200944	5	3	2
77227754-851e-5155-a2e5-debff82f4839	chr10	45792	133654968	3	3	0
77227754-851e-5155-a2e5-debff82f4839	chr11	198510	2220042	8	6	2
77227754-851e-5155-a2e5-debff82f4839	chr11	2220091	5324371	5	4	1
77227754-851e-5155-a2e5-debff82f4839	chr11	5324630	48088815	5	3	2
77227754-851e-5155-a2e5-debff82f4839	chr11	48091680	70547768	4	2	2
77227754-851e-5155-a2e5-debff82f4839	chr11	70548274	70595152	6	3	3
77227754-851e-5155-a2e5-debff82f4839	chr11	70599056	135074876	4	2	2
77227754-851e-5155-a2e5-debff82f4839	chr12	51460	568590	10	7	3
77227754-851e-5155-a2e5-debff82f4839	chr12	569307	2898176	11	8	3
77227754-851e-5155-a2e5-debff82f4839	chr12	2898749	9481274	6	3	3
77227754-851e-5155-a2e5-debff82f4839	chr12	9485313	9575696	0	0	0
77227754-851e-5155-a2e5-debff82f4839	chr12	9582373	16284665	6	3	3
77227754-851e-5155-a2e5-debff82f4839	chr12	16284980	24281861	7	4	3
77227754-851e-5155-a2e5-debff82f4839	chr12	24282042	33141726	6	3	3
77227754-851e-5155-a2e5-debff82f4839	chr12	33146857	34341886	5	4	1
77227754-851e-5155-a2e5-debff82f4839	chr12	34357848	133201603	5	3	2
77227754-851e-5155-a2e5-debff82f4839	chr13	18452809	114342922	3	3	0
77227754-851e-5155-a2e5-debff82f4839	chr14	18239283	19945512	29	21	8
77227754-851e-5155-a2e5-debff82f4839	chr14	19945699	19956767	33	24	9
77227754-851e-5155-a2e5-debff82f4839	chr14	19957350	24330152	11	9	2
77227754-851e-5155-a2e5-debff82f4839	chr14	24330575	89729854	6	3	3
77227754-851e-5155-a2e5-debff82f4839	chr14	89730663	90258459	5	3	2
77227754-851e-5155-a2e5-debff82f4839	chr14	90258750	106877229	6	3	3
77227754-851e-5155-a2e5-debff82f4839	chr15	19811075	29599358	5	3	2
77227754-851e-5155-a2e5-debff82f4839	chr15	29599745	76599170	4	2	2
77227754-851e-5155-a2e5-debff82f4839	chr15	76599286	76603434	0	0	0
77227754-851e-5155-a2e5-debff82f4839	chr15	76609838	101928837	4	2	2
77227754-851e-5155-a2e5-debff82f4839	chr16	10777	11192833	3	3	0
77227754-851e-5155-a2e5-debff82f4839	chr16	11194571	11206576	8	7	1
77227754-851e-5155-a2e5-debff82f4839	chr16	11207666	35087005	3	3	0
77227754-851e-5155-a2e5-debff82f4839	chr16	35087092	35171210	7	6	1
77227754-851e-5155-a2e5-debff82f4839	chr16	35171420	36048855	6	5	1
77227754-851e-5155-a2e5-debff82f4839	chr16	46441986	83204146	6	3	3
77227754-851e-5155-a2e5-debff82f4839	chr16	83204527	83206583	14	7	7
77227754-851e-5155-a2e5-debff82f4839	chr16	83206834	90096867	6	3	3
77227754-851e-5155-a2e5-debff82f4839	chr17	150733	1684306	9	5	4
77227754-851e-5155-a2e5-debff82f4839	chr17	1684345	7745889	3	3	0
77227754-851e-5155-a2e5-debff82f4839	chr17	7753007	17005444	9	5	4
77227754-851e-5155-a2e5-debff82f4839	chr17	17006587	17501287	6	3	3
77227754-851e-5155-a2e5-debff82f4839	chr17	17502190	26943491	9	5	4
77227754-851e-5155-a2e5-debff82f4839	chr17	26943774	27303945	5	3	2
77227754-851e-5155-a2e5-debff82f4839	chr17	27305697	43514598	3	3	0
77227754-851e-5155-a2e5-debff82f4839	chr17	43515557	45775602	6	3	3
77227754-851e-5155-a2e5-debff82f4839	chr17	45777862	47880097	5	5	0
77227754-851e-5155-a2e5-debff82f4839	chr17	47880225	63865580	3	3	0
77227754-851e-5155-a2e5-debff82f4839	chr17	63868089	83091923	6	3	3
77227754-851e-5155-a2e5-debff82f4839	chr18	48133	2074156	4	3	1
77227754-851e-5155-a2e5-debff82f4839	chr18	2078440	5991271	6	3	3
77227754-851e-5155-a2e5-debff82f4839	chr18	5991481	13250061	8	4	4
77227754-851e-5155-a2e5-debff82f4839	chr18	13255313	13988203	7	4	3
77227754-851e-5155-a2e5-debff82f4839	chr18	13992018	15402409	4	3	1
77227754-851e-5155-a2e5-debff82f4839	chr18	20949392	80257174	3	3	0
77227754-851e-5155-a2e5-debff82f4839	chr19	90910	6623780	4	3	1
77227754-851e-5155-a2e5-debff82f4839	chr19	6623877	6903608	3	2	1
77227754-851e-5155-a2e5-debff82f4839	chr19	6906839	27752285	4	3	1
77227754-851e-5155-a2e5-debff82f4839	chr19	27757509	31409562	6	3	3
77227754-851e-5155-a2e5-debff82f4839	chr19	31410153	33450856	5	3	2
77227754-851e-5155-a2e5-debff82f4839	chr19	33455987	58586487	4	2	2
77227754-851e-5155-a2e5-debff82f4839	chr20	80664	26324855	4	2	2
77227754-851e-5155-a2e5-debff82f4839	chr20	26324943	54031269	4	3	1
77227754-851e-5155-a2e5-debff82f4839	chr20	54034615	54189141	3	2	1
77227754-851e-5155-a2e5-debff82f4839	chr20	54189299	55927597	4	3	1
77227754-851e-5155-a2e5-debff82f4839	chr20	55927973	62893458	6	3	3
77227754-851e-5155-a2e5-debff82f4839	chr20	62898168	63057536	3	3	0
77227754-851e-5155-a2e5-debff82f4839	chr20	63057782	64324800	5	3	2
77227754-851e-5155-a2e5-debff82f4839	chr21	12973348	23739327	6	3	3
77227754-851e-5155-a2e5-debff82f4839	chr21	23739486	23998479	3	3	0
77227754-851e-5155-a2e5-debff82f4839	chr21	23998754	46677045	5	3	2
77227754-851e-5155-a2e5-debff82f4839	chr22	16392123	18088242	6	3	3
77227754-851e-5155-a2e5-debff82f4839	chr22	18088992	22415626	7	4	3
77227754-851e-5155-a2e5-debff82f4839	chr22	22416128	50796027	4	4	0
77227754-851e-5155-a2e5-debff82f4839	chrX	251810	35640250	5	3	2
77227754-851e-5155-a2e5-debff82f4839	chrX	35640383	55233278	6	4	2
77227754-851e-5155-a2e5-debff82f4839	chrX	55233760	56673513	5	3	2
77227754-851e-5155-a2e5-debff82f4839	chrX	56675570	56929719	2	2	0
77227754-851e-5155-a2e5-debff82f4839	chrX	56929913	72327983	5	3	2
77227754-851e-5155-a2e5-debff82f4839	chrX	72328041	79447626	6	5	1
77227754-851e-5155-a2e5-debff82f4839	chrX	79447662	87898193	6	4	2
77227754-851e-5155-a2e5-debff82f4839	chrX	87899219	113277420	4	2	2
77227754-851e-5155-a2e5-debff82f4839	chrX	113277746	147117972	3	2	1
77227754-851e-5155-a2e5-debff82f4839	chrX	147118330	156004181	4	2	2
77227754-851e-5155-a2e5-debff82f4839	chrY	2782397	26653788	0	0	0
77227754-851e-5155-a2e5-debff82f4839	chrY	56872112	56872112	4	4	0
