GDC_Aliquot	Chromosome	Start	End	Copy_Number	Major_Copy_Number	Minor_Copy_Number
76a6e0be-98c4-54c8-b4e0-76f29ac1ab04	chr1	62920	266187	4	4	0
76a6e0be-98c4-54c8-b4e0-76f29ac1ab04	chr1	599171	1229813	3	2	1
76a6e0be-98c4-54c8-b4e0-76f29ac1ab04	chr1	1229830	2518272	7	4	3
76a6e0be-98c4-54c8-b4e0-76f29ac1ab04	chr1	2518955	3769754	4	3	1
76a6e0be-98c4-54c8-b4e0-76f29ac1ab04	chr1	3775287	4508034	7	4	3
76a6e0be-98c4-54c8-b4e0-76f29ac1ab04	chr1	4509462	6176837	3	3	0
76a6e0be-98c4-54c8-b4e0-76f29ac1ab04	chr1	6183275	9922525	4	3	1
76a6e0be-98c4-54c8-b4e0-76f29ac1ab04	chr1	9924821	9961689	4	2	2
76a6e0be-98c4-54c8-b4e0-76f29ac1ab04	chr1	9963137	10137554	9	9	0
76a6e0be-98c4-54c8-b4e0-76f29ac1ab04	chr1	10139302	10527165	5	3	2
76a6e0be-98c4-54c8-b4e0-76f29ac1ab04	chr1	10529779	10566204	11	7	4
76a6e0be-98c4-54c8-b4e0-76f29ac1ab04	chr1	10566865	10816543	4	3	1
76a6e0be-98c4-54c8-b4e0-76f29ac1ab04	chr1	10820175	12774437	3	3	0
76a6e0be-98c4-54c8-b4e0-76f29ac1ab04	chr1	12775725	13589507	5	3	2
76a6e0be-98c4-54c8-b4e0-76f29ac1ab04	chr1	13589738	13850255	4	3	1
76a6e0be-98c4-54c8-b4e0-76f29ac1ab04	chr1	13853658	14071308	5	3	2
76a6e0be-98c4-54c8-b4e0-76f29ac1ab04	chr1	14071656	15466096	4	3	1
76a6e0be-98c4-54c8-b4e0-76f29ac1ab04	chr1	15466881	16973232	6	3	3
76a6e0be-98c4-54c8-b4e0-76f29ac1ab04	chr1	16973488	17174319	9	6	3
76a6e0be-98c4-54c8-b4e0-76f29ac1ab04	chr1	17175225	17722889	6	3	3
76a6e0be-98c4-54c8-b4e0-76f29ac1ab04	chr1	17723943	17800901	14	11	3
76a6e0be-98c4-54c8-b4e0-76f29ac1ab04	chr1	17805774	18361389	5	3	2
76a6e0be-98c4-54c8-b4e0-76f29ac1ab04	chr1	18361584	18524557	9	6	3
76a6e0be-98c4-54c8-b4e0-76f29ac1ab04	chr1	18526339	22873760	4	3	1
76a6e0be-98c4-54c8-b4e0-76f29ac1ab04	chr1	22877690	23526407	3	3	0
76a6e0be-98c4-54c8-b4e0-76f29ac1ab04	chr1	23537963	27117363	4	3	1
76a6e0be-98c4-54c8-b4e0-76f29ac1ab04	chr1	27118593	31678752	3	3	0
76a6e0be-98c4-54c8-b4e0-76f29ac1ab04	chr1	31679422	34617464	4	3	1
76a6e0be-98c4-54c8-b4e0-76f29ac1ab04	chr1	34622124	39328434	3	3	0
76a6e0be-98c4-54c8-b4e0-76f29ac1ab04	chr1	39339630	41076092	5	3	2
76a6e0be-98c4-54c8-b4e0-76f29ac1ab04	chr1	41076832	42442431	4	3	1
76a6e0be-98c4-54c8-b4e0-76f29ac1ab04	chr1	42442548	50587561	3	3	0
76a6e0be-98c4-54c8-b4e0-76f29ac1ab04	chr1	50588335	50757541	4	4	0
76a6e0be-98c4-54c8-b4e0-76f29ac1ab04	chr1	50767700	52714320	3	3	0
76a6e0be-98c4-54c8-b4e0-76f29ac1ab04	chr1	52714893	53068685	4	4	0
76a6e0be-98c4-54c8-b4e0-76f29ac1ab04	chr1	53068916	56188519	3	3	0
76a6e0be-98c4-54c8-b4e0-76f29ac1ab04	chr1	56188587	56726251	4	3	1
76a6e0be-98c4-54c8-b4e0-76f29ac1ab04	chr1	56729488	61041184	10	7	3
76a6e0be-98c4-54c8-b4e0-76f29ac1ab04	chr1	61044947	61818819	5	3	2
76a6e0be-98c4-54c8-b4e0-76f29ac1ab04	chr1	61818832	62386262	7	4	3
76a6e0be-98c4-54c8-b4e0-76f29ac1ab04	chr1	62386351	62711834	5	3	2
76a6e0be-98c4-54c8-b4e0-76f29ac1ab04	chr1	62712025	63589899	8	4	4
76a6e0be-98c4-54c8-b4e0-76f29ac1ab04	chr1	63596558	65735283	3	3	0
76a6e0be-98c4-54c8-b4e0-76f29ac1ab04	chr1	65736013	69761252	4	3	1
76a6e0be-98c4-54c8-b4e0-76f29ac1ab04	chr1	69764125	69870923	6	3	3
76a6e0be-98c4-54c8-b4e0-76f29ac1ab04	chr1	69871353	71366101	4	3	1
76a6e0be-98c4-54c8-b4e0-76f29ac1ab04	chr1	71371696	73857381	3	3	0
76a6e0be-98c4-54c8-b4e0-76f29ac1ab04	chr1	73857604	80326449	10	7	3
76a6e0be-98c4-54c8-b4e0-76f29ac1ab04	chr1	80326818	80624201	16	13	3
76a6e0be-98c4-54c8-b4e0-76f29ac1ab04	chr1	80624416	83000422	13	10	3
76a6e0be-98c4-54c8-b4e0-76f29ac1ab04	chr1	83001995	84412545	11	8	3
76a6e0be-98c4-54c8-b4e0-76f29ac1ab04	chr1	84413332	85588424	10	7	3
76a6e0be-98c4-54c8-b4e0-76f29ac1ab04	chr1	85589041	92214814	4	3	1
76a6e0be-98c4-54c8-b4e0-76f29ac1ab04	chr1	92215463	93854102	3	3	0
76a6e0be-98c4-54c8-b4e0-76f29ac1ab04	chr1	93857464	95406816	4	3	1
76a6e0be-98c4-54c8-b4e0-76f29ac1ab04	chr1	95407153	95517738	6	3	3
76a6e0be-98c4-54c8-b4e0-76f29ac1ab04	chr1	95518600	100250611	4	3	1
76a6e0be-98c4-54c8-b4e0-76f29ac1ab04	chr1	100252204	103893707	3	3	0
76a6e0be-98c4-54c8-b4e0-76f29ac1ab04	chr1	103895280	104862912	4	3	1
76a6e0be-98c4-54c8-b4e0-76f29ac1ab04	chr1	104867937	105202115	5	3	2
76a6e0be-98c4-54c8-b4e0-76f29ac1ab04	chr1	105204036	107630997	4	3	1
76a6e0be-98c4-54c8-b4e0-76f29ac1ab04	chr1	107633387	117108741	3	3	0
76a6e0be-98c4-54c8-b4e0-76f29ac1ab04	chr1	117110758	121705338	4	3	1
76a6e0be-98c4-54c8-b4e0-76f29ac1ab04	chr1	143541857	150176837	7	4	3
76a6e0be-98c4-54c8-b4e0-76f29ac1ab04	chr1	150177309	150789296	10	7	3
76a6e0be-98c4-54c8-b4e0-76f29ac1ab04	chr1	150789421	151122219	6	3	3
76a6e0be-98c4-54c8-b4e0-76f29ac1ab04	chr1	151126839	151772452	4	3	1
76a6e0be-98c4-54c8-b4e0-76f29ac1ab04	chr1	151774941	152564045	5	4	1
76a6e0be-98c4-54c8-b4e0-76f29ac1ab04	chr1	152564308	153124059	13	10	3
76a6e0be-98c4-54c8-b4e0-76f29ac1ab04	chr1	153124764	153220702	5	4	1
76a6e0be-98c4-54c8-b4e0-76f29ac1ab04	chr1	153221008	157967054	6	3	3
76a6e0be-98c4-54c8-b4e0-76f29ac1ab04	chr1	157971241	158287641	5	4	1
76a6e0be-98c4-54c8-b4e0-76f29ac1ab04	chr1	158288048	161710222	7	4	3
76a6e0be-98c4-54c8-b4e0-76f29ac1ab04	chr1	161710468	162666478	6	3	3
76a6e0be-98c4-54c8-b4e0-76f29ac1ab04	chr1	162669467	162942941	6	5	1
76a6e0be-98c4-54c8-b4e0-76f29ac1ab04	chr1	162945926	163027550	18	13	5
76a6e0be-98c4-54c8-b4e0-76f29ac1ab04	chr1	163033592	163312721	10	5	5
76a6e0be-98c4-54c8-b4e0-76f29ac1ab04	chr1	163316975	163413602	13	9	4
76a6e0be-98c4-54c8-b4e0-76f29ac1ab04	chr1	163414403	165394974	4	4	0
76a6e0be-98c4-54c8-b4e0-76f29ac1ab04	chr1	165395550	165838575	3	3	0
76a6e0be-98c4-54c8-b4e0-76f29ac1ab04	chr1	165843588	170984363	4	4	0
76a6e0be-98c4-54c8-b4e0-76f29ac1ab04	chr1	170984411	171150237	3	3	0
76a6e0be-98c4-54c8-b4e0-76f29ac1ab04	chr1	171151508	172709727	2	2	0
76a6e0be-98c4-54c8-b4e0-76f29ac1ab04	chr1	172709989	172857268	3	3	0
76a6e0be-98c4-54c8-b4e0-76f29ac1ab04	chr1	172857372	175671267	2	2	0
76a6e0be-98c4-54c8-b4e0-76f29ac1ab04	chr1	175671520	180182024	3	3	0
76a6e0be-98c4-54c8-b4e0-76f29ac1ab04	chr1	180182531	182146143	2	2	0
76a6e0be-98c4-54c8-b4e0-76f29ac1ab04	chr1	182146652	185807555	3	3	0
76a6e0be-98c4-54c8-b4e0-76f29ac1ab04	chr1	185810907	243300371	2	2	0
76a6e0be-98c4-54c8-b4e0-76f29ac1ab04	chr1	243304309	243971086	10	10	0
76a6e0be-98c4-54c8-b4e0-76f29ac1ab04	chr1	243974311	248930189	2	2	0
76a6e0be-98c4-54c8-b4e0-76f29ac1ab04	chr2	12784	6999081	5	3	2
76a6e0be-98c4-54c8-b4e0-76f29ac1ab04	chr2	6999777	7056501	4	2	2
76a6e0be-98c4-54c8-b4e0-76f29ac1ab04	chr2	7056826	31009646	5	3	2
76a6e0be-98c4-54c8-b4e0-76f29ac1ab04	chr2	31009772	31029795	3	2	1
76a6e0be-98c4-54c8-b4e0-76f29ac1ab04	chr2	31031886	75635578	5	3	2
76a6e0be-98c4-54c8-b4e0-76f29ac1ab04	chr2	75635806	83419588	6	3	3
76a6e0be-98c4-54c8-b4e0-76f29ac1ab04	chr2	83427995	83828155	16	14	2
76a6e0be-98c4-54c8-b4e0-76f29ac1ab04	chr2	83829107	84851908	12	10	2
76a6e0be-98c4-54c8-b4e0-76f29ac1ab04	chr2	84862290	86690834	7	5	2
76a6e0be-98c4-54c8-b4e0-76f29ac1ab04	chr2	86695998	88226446	10	8	2
76a6e0be-98c4-54c8-b4e0-76f29ac1ab04	chr2	88227042	94696161	8	6	2
76a6e0be-98c4-54c8-b4e0-76f29ac1ab04	chr2	94696525	242147305	2	2	0
76a6e0be-98c4-54c8-b4e0-76f29ac1ab04	chr3	20930	330765	1	1	0
76a6e0be-98c4-54c8-b4e0-76f29ac1ab04	chr3	331102	1261496	3	2	1
76a6e0be-98c4-54c8-b4e0-76f29ac1ab04	chr3	1262146	1649380	4	2	2
76a6e0be-98c4-54c8-b4e0-76f29ac1ab04	chr3	1649406	2009042	3	2	1
76a6e0be-98c4-54c8-b4e0-76f29ac1ab04	chr3	2009290	6706656	4	2	2
76a6e0be-98c4-54c8-b4e0-76f29ac1ab04	chr3	6707783	8521032	3	2	1
76a6e0be-98c4-54c8-b4e0-76f29ac1ab04	chr3	8523319	8765849	5	3	2
76a6e0be-98c4-54c8-b4e0-76f29ac1ab04	chr3	8767010	8866647	3	2	1
76a6e0be-98c4-54c8-b4e0-76f29ac1ab04	chr3	8866699	9233211	4	2	2
76a6e0be-98c4-54c8-b4e0-76f29ac1ab04	chr3	9233365	12594756	3	2	1
76a6e0be-98c4-54c8-b4e0-76f29ac1ab04	chr3	12596176	14464995	4	3	1
76a6e0be-98c4-54c8-b4e0-76f29ac1ab04	chr3	14465126	15083990	3	2	1
76a6e0be-98c4-54c8-b4e0-76f29ac1ab04	chr3	15087570	15995930	4	3	1
76a6e0be-98c4-54c8-b4e0-76f29ac1ab04	chr3	15998557	18896312	5	3	2
76a6e0be-98c4-54c8-b4e0-76f29ac1ab04	chr3	18897735	19623803	5	4	1
76a6e0be-98c4-54c8-b4e0-76f29ac1ab04	chr3	19630167	24043675	3	2	1
76a6e0be-98c4-54c8-b4e0-76f29ac1ab04	chr3	24046750	24306368	4	2	2
76a6e0be-98c4-54c8-b4e0-76f29ac1ab04	chr3	24307401	25760440	3	2	1
76a6e0be-98c4-54c8-b4e0-76f29ac1ab04	chr3	25761123	26368538	5	4	1
76a6e0be-98c4-54c8-b4e0-76f29ac1ab04	chr3	26369159	26372729	7	5	2
76a6e0be-98c4-54c8-b4e0-76f29ac1ab04	chr3	26373536	26586893	8	4	4
76a6e0be-98c4-54c8-b4e0-76f29ac1ab04	chr3	26587471	31569287	4	3	1
76a6e0be-98c4-54c8-b4e0-76f29ac1ab04	chr3	31570019	32356532	5	3	2
76a6e0be-98c4-54c8-b4e0-76f29ac1ab04	chr3	32356684	32525436	6	3	3
76a6e0be-98c4-54c8-b4e0-76f29ac1ab04	chr3	32526622	45019558	4	3	1
76a6e0be-98c4-54c8-b4e0-76f29ac1ab04	chr3	45020603	56611838	3	2	1
76a6e0be-98c4-54c8-b4e0-76f29ac1ab04	chr3	56612397	57352139	5	4	1
76a6e0be-98c4-54c8-b4e0-76f29ac1ab04	chr3	57402387	57894661	3	2	1
76a6e0be-98c4-54c8-b4e0-76f29ac1ab04	chr3	57897371	62800611	6	5	1
76a6e0be-98c4-54c8-b4e0-76f29ac1ab04	chr3	62803504	63499579	5	4	1
76a6e0be-98c4-54c8-b4e0-76f29ac1ab04	chr3	63499812	66639389	8	7	1
76a6e0be-98c4-54c8-b4e0-76f29ac1ab04	chr3	66639405	69645577	6	5	1
76a6e0be-98c4-54c8-b4e0-76f29ac1ab04	chr3	69645755	69730589	10	8	2
76a6e0be-98c4-54c8-b4e0-76f29ac1ab04	chr3	69730607	73238736	7	6	1
76a6e0be-98c4-54c8-b4e0-76f29ac1ab04	chr3	73240978	73426704	6	4	2
76a6e0be-98c4-54c8-b4e0-76f29ac1ab04	chr3	73427358	75283989	7	5	2
76a6e0be-98c4-54c8-b4e0-76f29ac1ab04	chr3	75284618	80088758	6	5	1
76a6e0be-98c4-54c8-b4e0-76f29ac1ab04	chr3	80089055	82274681	7	6	1
76a6e0be-98c4-54c8-b4e0-76f29ac1ab04	chr3	82279479	82363245	4	3	1
76a6e0be-98c4-54c8-b4e0-76f29ac1ab04	chr3	82364335	82701327	3	2	1
76a6e0be-98c4-54c8-b4e0-76f29ac1ab04	chr3	82706220	84097720	4	3	1
76a6e0be-98c4-54c8-b4e0-76f29ac1ab04	chr3	84100423	90085716	2	1	1
76a6e0be-98c4-54c8-b4e0-76f29ac1ab04	chr3	90087153	95534252	3	2	1
76a6e0be-98c4-54c8-b4e0-76f29ac1ab04	chr3	95539456	95819804	7	7	0
76a6e0be-98c4-54c8-b4e0-76f29ac1ab04	chr3	95830195	96029839	3	2	1
76a6e0be-98c4-54c8-b4e0-76f29ac1ab04	chr3	96038424	96110782	7	5	2
76a6e0be-98c4-54c8-b4e0-76f29ac1ab04	chr3	96110949	97356780	4	2	2
76a6e0be-98c4-54c8-b4e0-76f29ac1ab04	chr3	97361170	108793094	4	3	1
76a6e0be-98c4-54c8-b4e0-76f29ac1ab04	chr3	108798051	110055132	2	1	1
76a6e0be-98c4-54c8-b4e0-76f29ac1ab04	chr3	110057564	158972042	4	3	1
76a6e0be-98c4-54c8-b4e0-76f29ac1ab04	chr3	158978110	159004380	5	3	2
76a6e0be-98c4-54c8-b4e0-76f29ac1ab04	chr3	159004568	176165961	4	3	1
76a6e0be-98c4-54c8-b4e0-76f29ac1ab04	chr3	176170271	176190293	0	0	0
76a6e0be-98c4-54c8-b4e0-76f29ac1ab04	chr3	176190309	198169247	4	3	1
76a6e0be-98c4-54c8-b4e0-76f29ac1ab04	chr4	68929	4708476	2	2	0
76a6e0be-98c4-54c8-b4e0-76f29ac1ab04	chr4	4709254	5104040	4	2	2
76a6e0be-98c4-54c8-b4e0-76f29ac1ab04	chr4	5104721	12000050	2	2	0
76a6e0be-98c4-54c8-b4e0-76f29ac1ab04	chr4	12000914	13072448	4	2	2
76a6e0be-98c4-54c8-b4e0-76f29ac1ab04	chr4	13074509	13095976	2	1	1
76a6e0be-98c4-54c8-b4e0-76f29ac1ab04	chr4	13096486	13100853	5	5	0
76a6e0be-98c4-54c8-b4e0-76f29ac1ab04	chr4	13100875	15758057	2	2	0
76a6e0be-98c4-54c8-b4e0-76f29ac1ab04	chr4	15758448	15880581	4	3	1
76a6e0be-98c4-54c8-b4e0-76f29ac1ab04	chr4	15882075	18610949	2	2	0
76a6e0be-98c4-54c8-b4e0-76f29ac1ab04	chr4	18613483	18638078	1	1	0
76a6e0be-98c4-54c8-b4e0-76f29ac1ab04	chr4	18638901	29040545	2	2	0
76a6e0be-98c4-54c8-b4e0-76f29ac1ab04	chr4	29044953	32136190	3	3	0
76a6e0be-98c4-54c8-b4e0-76f29ac1ab04	chr4	32137178	33465529	7	7	0
76a6e0be-98c4-54c8-b4e0-76f29ac1ab04	chr4	33475317	36003211	3	3	0
76a6e0be-98c4-54c8-b4e0-76f29ac1ab04	chr4	36003629	36339190	4	4	0
76a6e0be-98c4-54c8-b4e0-76f29ac1ab04	chr4	36340129	36448795	9	9	0
76a6e0be-98c4-54c8-b4e0-76f29ac1ab04	chr4	36450776	39625579	3	3	0
76a6e0be-98c4-54c8-b4e0-76f29ac1ab04	chr4	39627999	40257979	4	4	0
76a6e0be-98c4-54c8-b4e0-76f29ac1ab04	chr4	40259896	40719506	2	2	0
76a6e0be-98c4-54c8-b4e0-76f29ac1ab04	chr4	40719525	42659549	4	4	0
76a6e0be-98c4-54c8-b4e0-76f29ac1ab04	chr4	42660266	44345518	3	3	0
76a6e0be-98c4-54c8-b4e0-76f29ac1ab04	chr4	44346015	44971409	4	4	0
76a6e0be-98c4-54c8-b4e0-76f29ac1ab04	chr4	44972876	45793926	2	2	0
76a6e0be-98c4-54c8-b4e0-76f29ac1ab04	chr4	45795246	46034221	3	3	0
76a6e0be-98c4-54c8-b4e0-76f29ac1ab04	chr4	46041844	46072228	9	9	0
76a6e0be-98c4-54c8-b4e0-76f29ac1ab04	chr4	46072328	47065132	7	7	0
76a6e0be-98c4-54c8-b4e0-76f29ac1ab04	chr4	47066563	48655588	2	2	0
76a6e0be-98c4-54c8-b4e0-76f29ac1ab04	chr4	48656762	49146905	1	1	0
76a6e0be-98c4-54c8-b4e0-76f29ac1ab04	chr4	49152601	68509237	4	2	2
76a6e0be-98c4-54c8-b4e0-76f29ac1ab04	chr4	68509442	68620261	0	0	0
76a6e0be-98c4-54c8-b4e0-76f29ac1ab04	chr4	68623617	128324172	4	2	2
76a6e0be-98c4-54c8-b4e0-76f29ac1ab04	chr4	128324447	138386814	5	3	2
76a6e0be-98c4-54c8-b4e0-76f29ac1ab04	chr4	138387591	190106768	4	2	2
76a6e0be-98c4-54c8-b4e0-76f29ac1ab04	chr5	15532	45716107	3	2	1
76a6e0be-98c4-54c8-b4e0-76f29ac1ab04	chr5	45716294	52524510	4	2	2
76a6e0be-98c4-54c8-b4e0-76f29ac1ab04	chr5	52524545	181363319	2	2	0
76a6e0be-98c4-54c8-b4e0-76f29ac1ab04	chr6	149661	92845259	3	2	1
76a6e0be-98c4-54c8-b4e0-76f29ac1ab04	chr6	92846035	92932959	4	2	2
76a6e0be-98c4-54c8-b4e0-76f29ac1ab04	chr6	92935310	103286950	3	2	1
76a6e0be-98c4-54c8-b4e0-76f29ac1ab04	chr6	103286954	103327551	1	1	0
76a6e0be-98c4-54c8-b4e0-76f29ac1ab04	chr6	103327631	170741917	3	2	1
76a6e0be-98c4-54c8-b4e0-76f29ac1ab04	chr7	43259	22220985	4	2	2
76a6e0be-98c4-54c8-b4e0-76f29ac1ab04	chr7	22222283	22765941	3	2	1
76a6e0be-98c4-54c8-b4e0-76f29ac1ab04	chr7	22767854	68058033	4	2	2
76a6e0be-98c4-54c8-b4e0-76f29ac1ab04	chr7	68061087	68092546	6	3	3
76a6e0be-98c4-54c8-b4e0-76f29ac1ab04	chr7	68094067	78663163	4	2	2
76a6e0be-98c4-54c8-b4e0-76f29ac1ab04	chr7	78666389	78761222	3	3	0
76a6e0be-98c4-54c8-b4e0-76f29ac1ab04	chr7	78761357	79256185	2	2	0
76a6e0be-98c4-54c8-b4e0-76f29ac1ab04	chr7	79256265	79457001	1	1	0
76a6e0be-98c4-54c8-b4e0-76f29ac1ab04	chr7	79461605	83079638	4	2	2
76a6e0be-98c4-54c8-b4e0-76f29ac1ab04	chr7	83079707	83084337	2	1	1
76a6e0be-98c4-54c8-b4e0-76f29ac1ab04	chr7	83084624	159334314	4	2	2
76a6e0be-98c4-54c8-b4e0-76f29ac1ab04	chr8	81254	29958314	2	1	1
76a6e0be-98c4-54c8-b4e0-76f29ac1ab04	chr8	29958926	32842905	3	2	1
76a6e0be-98c4-54c8-b4e0-76f29ac1ab04	chr8	32842987	39592543	2	1	1
76a6e0be-98c4-54c8-b4e0-76f29ac1ab04	chr8	39594011	42144388	3	2	1
76a6e0be-98c4-54c8-b4e0-76f29ac1ab04	chr8	42145300	46624924	5	4	1
76a6e0be-98c4-54c8-b4e0-76f29ac1ab04	chr8	46634473	51057187	8	7	1
76a6e0be-98c4-54c8-b4e0-76f29ac1ab04	chr8	51058103	54810162	7	6	1
76a6e0be-98c4-54c8-b4e0-76f29ac1ab04	chr8	54813158	56703344	6	5	1
76a6e0be-98c4-54c8-b4e0-76f29ac1ab04	chr8	56703403	56772983	9	8	1
76a6e0be-98c4-54c8-b4e0-76f29ac1ab04	chr8	56775118	59642293	7	6	1
76a6e0be-98c4-54c8-b4e0-76f29ac1ab04	chr8	59642300	60533591	8	7	1
76a6e0be-98c4-54c8-b4e0-76f29ac1ab04	chr8	60542828	66463403	6	5	1
76a6e0be-98c4-54c8-b4e0-76f29ac1ab04	chr8	66463493	69144914	7	6	1
76a6e0be-98c4-54c8-b4e0-76f29ac1ab04	chr8	69146113	69335662	9	8	1
76a6e0be-98c4-54c8-b4e0-76f29ac1ab04	chr8	69337294	71422273	6	5	1
76a6e0be-98c4-54c8-b4e0-76f29ac1ab04	chr8	71425688	71911994	8	7	1
76a6e0be-98c4-54c8-b4e0-76f29ac1ab04	chr8	71912350	89558279	7	6	1
76a6e0be-98c4-54c8-b4e0-76f29ac1ab04	chr8	89558478	89722278	9	8	1
76a6e0be-98c4-54c8-b4e0-76f29ac1ab04	chr8	89725972	90468896	6	5	1
76a6e0be-98c4-54c8-b4e0-76f29ac1ab04	chr8	90469681	90842661	8	7	1
76a6e0be-98c4-54c8-b4e0-76f29ac1ab04	chr8	90843580	97059277	7	6	1
76a6e0be-98c4-54c8-b4e0-76f29ac1ab04	chr8	97060454	97309986	8	7	1
76a6e0be-98c4-54c8-b4e0-76f29ac1ab04	chr8	97311554	101899322	6	5	1
76a6e0be-98c4-54c8-b4e0-76f29ac1ab04	chr8	101902092	103553213	7	6	1
76a6e0be-98c4-54c8-b4e0-76f29ac1ab04	chr8	103559264	122305521	8	7	1
76a6e0be-98c4-54c8-b4e0-76f29ac1ab04	chr8	122305682	130283848	7	6	1
76a6e0be-98c4-54c8-b4e0-76f29ac1ab04	chr8	130284040	130647770	8	6	2
76a6e0be-98c4-54c8-b4e0-76f29ac1ab04	chr8	130654065	137771394	8	7	1
76a6e0be-98c4-54c8-b4e0-76f29ac1ab04	chr8	137772458	145072769	7	6	1
76a6e0be-98c4-54c8-b4e0-76f29ac1ab04	chr9	46587	398077	1	1	0
76a6e0be-98c4-54c8-b4e0-76f29ac1ab04	chr9	398505	475644	2	2	0
76a6e0be-98c4-54c8-b4e0-76f29ac1ab04	chr9	479812	2076174	5	5	0
76a6e0be-98c4-54c8-b4e0-76f29ac1ab04	chr9	2077875	2526760	1	1	0
76a6e0be-98c4-54c8-b4e0-76f29ac1ab04	chr9	2527369	2658587	6	6	0
76a6e0be-98c4-54c8-b4e0-76f29ac1ab04	chr9	2659195	2755374	1	1	0
76a6e0be-98c4-54c8-b4e0-76f29ac1ab04	chr9	2755448	2793134	4	4	0
76a6e0be-98c4-54c8-b4e0-76f29ac1ab04	chr9	2793342	3155084	1	1	0
76a6e0be-98c4-54c8-b4e0-76f29ac1ab04	chr9	3155550	6519008	2	1	1
76a6e0be-98c4-54c8-b4e0-76f29ac1ab04	chr9	6522917	6924843	4	3	1
76a6e0be-98c4-54c8-b4e0-76f29ac1ab04	chr9	6924918	7730419	6	3	3
76a6e0be-98c4-54c8-b4e0-76f29ac1ab04	chr9	7731398	7772508	2	2	0
76a6e0be-98c4-54c8-b4e0-76f29ac1ab04	chr9	7772912	8260927	6	3	3
76a6e0be-98c4-54c8-b4e0-76f29ac1ab04	chr9	8261021	10369733	4	3	1
76a6e0be-98c4-54c8-b4e0-76f29ac1ab04	chr9	10370371	10531929	6	4	2
76a6e0be-98c4-54c8-b4e0-76f29ac1ab04	chr9	10541177	10624837	12	8	4
76a6e0be-98c4-54c8-b4e0-76f29ac1ab04	chr9	10625637	11054495	7	4	3
76a6e0be-98c4-54c8-b4e0-76f29ac1ab04	chr9	11055048	11143229	12	8	4
76a6e0be-98c4-54c8-b4e0-76f29ac1ab04	chr9	11143314	11795355	8	4	4
76a6e0be-98c4-54c8-b4e0-76f29ac1ab04	chr9	11795556	18299255	7	4	3
76a6e0be-98c4-54c8-b4e0-76f29ac1ab04	chr9	18299448	18601141	4	3	1
76a6e0be-98c4-54c8-b4e0-76f29ac1ab04	chr9	18601462	18682320	6	3	3
76a6e0be-98c4-54c8-b4e0-76f29ac1ab04	chr9	18682354	20564887	4	3	1
76a6e0be-98c4-54c8-b4e0-76f29ac1ab04	chr9	20566619	21017241	7	6	1
76a6e0be-98c4-54c8-b4e0-76f29ac1ab04	chr9	21017744	21047634	5	3	2
76a6e0be-98c4-54c8-b4e0-76f29ac1ab04	chr9	21047734	22027005	3	2	1
76a6e0be-98c4-54c8-b4e0-76f29ac1ab04	chr9	22028802	22449910	6	4	2
76a6e0be-98c4-54c8-b4e0-76f29ac1ab04	chr9	22449926	22647015	3	3	0
76a6e0be-98c4-54c8-b4e0-76f29ac1ab04	chr9	22653185	22665584	15	15	0
76a6e0be-98c4-54c8-b4e0-76f29ac1ab04	chr9	22669167	22674283	13	8	5
76a6e0be-98c4-54c8-b4e0-76f29ac1ab04	chr9	22681423	23307285	3	2	1
76a6e0be-98c4-54c8-b4e0-76f29ac1ab04	chr9	23307379	23712523	5	4	1
76a6e0be-98c4-54c8-b4e0-76f29ac1ab04	chr9	23713127	24722683	3	2	1
76a6e0be-98c4-54c8-b4e0-76f29ac1ab04	chr9	24722712	25465154	6	4	2
76a6e0be-98c4-54c8-b4e0-76f29ac1ab04	chr9	25465751	26012832	9	5	4
76a6e0be-98c4-54c8-b4e0-76f29ac1ab04	chr9	26017343	26626731	6	4	2
76a6e0be-98c4-54c8-b4e0-76f29ac1ab04	chr9	26633843	27032232	9	6	3
76a6e0be-98c4-54c8-b4e0-76f29ac1ab04	chr9	27032387	27518028	7	4	3
76a6e0be-98c4-54c8-b4e0-76f29ac1ab04	chr9	27520322	28958871	6	4	2
76a6e0be-98c4-54c8-b4e0-76f29ac1ab04	chr9	28959081	29588406	8	4	4
76a6e0be-98c4-54c8-b4e0-76f29ac1ab04	chr9	29588740	29783991	6	4	2
76a6e0be-98c4-54c8-b4e0-76f29ac1ab04	chr9	29786243	29976373	8	6	2
76a6e0be-98c4-54c8-b4e0-76f29ac1ab04	chr9	29980371	30125950	3	2	1
76a6e0be-98c4-54c8-b4e0-76f29ac1ab04	chr9	30126793	30218002	9	5	4
76a6e0be-98c4-54c8-b4e0-76f29ac1ab04	chr9	30218422	30237114	7	7	0
76a6e0be-98c4-54c8-b4e0-76f29ac1ab04	chr9	30237333	31580405	4	2	2
76a6e0be-98c4-54c8-b4e0-76f29ac1ab04	chr9	31580938	31628929	17	12	5
76a6e0be-98c4-54c8-b4e0-76f29ac1ab04	chr9	31629354	31685373	18	12	6
76a6e0be-98c4-54c8-b4e0-76f29ac1ab04	chr9	31692458	31809520	4	3	1
76a6e0be-98c4-54c8-b4e0-76f29ac1ab04	chr9	31809986	33416475	4	2	2
76a6e0be-98c4-54c8-b4e0-76f29ac1ab04	chr9	33416832	38198632	3	2	1
76a6e0be-98c4-54c8-b4e0-76f29ac1ab04	chr9	38200218	38303005	10	8	2
76a6e0be-98c4-54c8-b4e0-76f29ac1ab04	chr9	38303246	41741113	3	2	1
76a6e0be-98c4-54c8-b4e0-76f29ac1ab04	chr9	60863881	78103822	4	2	2
76a6e0be-98c4-54c8-b4e0-76f29ac1ab04	chr9	78103876	78114435	2	1	1
76a6e0be-98c4-54c8-b4e0-76f29ac1ab04	chr9	78115264	108111486	4	2	2
76a6e0be-98c4-54c8-b4e0-76f29ac1ab04	chr9	108111914	138200944	3	2	1
76a6e0be-98c4-54c8-b4e0-76f29ac1ab04	chr10	45792	19367329	3	3	0
76a6e0be-98c4-54c8-b4e0-76f29ac1ab04	chr10	19368063	20725576	4	4	0
76a6e0be-98c4-54c8-b4e0-76f29ac1ab04	chr10	20725639	31673876	3	3	0
76a6e0be-98c4-54c8-b4e0-76f29ac1ab04	chr10	31674756	32415537	2	2	0
76a6e0be-98c4-54c8-b4e0-76f29ac1ab04	chr10	32423879	32679318	3	3	0
76a6e0be-98c4-54c8-b4e0-76f29ac1ab04	chr10	32681314	33968610	4	4	0
76a6e0be-98c4-54c8-b4e0-76f29ac1ab04	chr10	33968684	133654968	2	2	0
76a6e0be-98c4-54c8-b4e0-76f29ac1ab04	chr11	198510	19418249	4	2	2
76a6e0be-98c4-54c8-b4e0-76f29ac1ab04	chr11	19418585	19419680	7	4	3
76a6e0be-98c4-54c8-b4e0-76f29ac1ab04	chr11	19420311	48372339	4	2	2
76a6e0be-98c4-54c8-b4e0-76f29ac1ab04	chr11	48373316	82022449	3	2	1
76a6e0be-98c4-54c8-b4e0-76f29ac1ab04	chr11	82022942	83369399	4	2	2
76a6e0be-98c4-54c8-b4e0-76f29ac1ab04	chr11	83369540	84223288	3	2	1
76a6e0be-98c4-54c8-b4e0-76f29ac1ab04	chr11	84224710	84722449	2	2	0
76a6e0be-98c4-54c8-b4e0-76f29ac1ab04	chr11	84723195	116222061	3	2	1
76a6e0be-98c4-54c8-b4e0-76f29ac1ab04	chr11	116223200	135074876	4	2	2
76a6e0be-98c4-54c8-b4e0-76f29ac1ab04	chr12	51460	19728193	4	2	2
76a6e0be-98c4-54c8-b4e0-76f29ac1ab04	chr12	19728261	19847608	6	4	2
76a6e0be-98c4-54c8-b4e0-76f29ac1ab04	chr12	19849985	70275768	4	2	2
76a6e0be-98c4-54c8-b4e0-76f29ac1ab04	chr12	70276412	70529473	5	3	2
76a6e0be-98c4-54c8-b4e0-76f29ac1ab04	chr12	70531103	77154766	4	2	2
76a6e0be-98c4-54c8-b4e0-76f29ac1ab04	chr12	77154858	78173768	3	2	1
76a6e0be-98c4-54c8-b4e0-76f29ac1ab04	chr12	78176190	90333392	4	2	2
76a6e0be-98c4-54c8-b4e0-76f29ac1ab04	chr12	90333652	133201603	3	2	1
76a6e0be-98c4-54c8-b4e0-76f29ac1ab04	chr13	18452809	52963036	2	2	0
76a6e0be-98c4-54c8-b4e0-76f29ac1ab04	chr13	52963091	52974058	4	3	1
76a6e0be-98c4-54c8-b4e0-76f29ac1ab04	chr13	52975207	106057956	2	2	0
76a6e0be-98c4-54c8-b4e0-76f29ac1ab04	chr13	106060976	106209875	4	4	0
76a6e0be-98c4-54c8-b4e0-76f29ac1ab04	chr13	106212573	114342922	2	2	0
76a6e0be-98c4-54c8-b4e0-76f29ac1ab04	chr14	18239283	99551024	5	3	2
76a6e0be-98c4-54c8-b4e0-76f29ac1ab04	chr14	99551085	99556527	2	1	1
76a6e0be-98c4-54c8-b4e0-76f29ac1ab04	chr14	99557059	105758187	5	3	2
76a6e0be-98c4-54c8-b4e0-76f29ac1ab04	chr14	105779965	106365807	11	11	0
76a6e0be-98c4-54c8-b4e0-76f29ac1ab04	chr14	106369985	106877229	6	3	3
76a6e0be-98c4-54c8-b4e0-76f29ac1ab04	chr15	19811075	24339849	4	2	2
76a6e0be-98c4-54c8-b4e0-76f29ac1ab04	chr15	24344508	24537522	10	10	0
76a6e0be-98c4-54c8-b4e0-76f29ac1ab04	chr15	24542531	29150322	4	2	2
76a6e0be-98c4-54c8-b4e0-76f29ac1ab04	chr15	29150454	32779227	3	2	1
76a6e0be-98c4-54c8-b4e0-76f29ac1ab04	chr15	32779950	32986948	2	2	0
76a6e0be-98c4-54c8-b4e0-76f29ac1ab04	chr15	32987389	45943616	3	2	1
76a6e0be-98c4-54c8-b4e0-76f29ac1ab04	chr15	45943633	45950067	1	1	0
76a6e0be-98c4-54c8-b4e0-76f29ac1ab04	chr15	45950082	101928837	3	2	1
76a6e0be-98c4-54c8-b4e0-76f29ac1ab04	chr16	10777	78527908	2	2	0
76a6e0be-98c4-54c8-b4e0-76f29ac1ab04	chr16	78529860	78645266	0	0	0
76a6e0be-98c4-54c8-b4e0-76f29ac1ab04	chr16	78645636	82830704	2	2	0
76a6e0be-98c4-54c8-b4e0-76f29ac1ab04	chr16	82830861	82835664	0	0	0
76a6e0be-98c4-54c8-b4e0-76f29ac1ab04	chr16	82835697	90096867	2	2	0
76a6e0be-98c4-54c8-b4e0-76f29ac1ab04	chr17	150733	4970668	4	2	2
76a6e0be-98c4-54c8-b4e0-76f29ac1ab04	chr17	4975665	5140754	3	2	1
76a6e0be-98c4-54c8-b4e0-76f29ac1ab04	chr17	5141499	6097419	4	2	2
76a6e0be-98c4-54c8-b4e0-76f29ac1ab04	chr17	6105411	6152336	1	1	0
76a6e0be-98c4-54c8-b4e0-76f29ac1ab04	chr17	6155021	6910020	4	2	2
76a6e0be-98c4-54c8-b4e0-76f29ac1ab04	chr17	6913022	7787792	1	1	0
76a6e0be-98c4-54c8-b4e0-76f29ac1ab04	chr17	7788187	26949301	4	2	2
76a6e0be-98c4-54c8-b4e0-76f29ac1ab04	chr17	26955079	27632731	2	2	0
76a6e0be-98c4-54c8-b4e0-76f29ac1ab04	chr17	27635888	27675298	3	3	0
76a6e0be-98c4-54c8-b4e0-76f29ac1ab04	chr17	27675470	38796554	2	2	0
76a6e0be-98c4-54c8-b4e0-76f29ac1ab04	chr17	38797501	55289154	4	2	2
76a6e0be-98c4-54c8-b4e0-76f29ac1ab04	chr17	55289862	55563081	3	2	1
76a6e0be-98c4-54c8-b4e0-76f29ac1ab04	chr17	55564463	55630118	2	1	1
76a6e0be-98c4-54c8-b4e0-76f29ac1ab04	chr17	55631042	66135592	4	2	2
76a6e0be-98c4-54c8-b4e0-76f29ac1ab04	chr17	66151880	76930346	6	4	2
76a6e0be-98c4-54c8-b4e0-76f29ac1ab04	chr17	76930523	80238696	5	3	2
76a6e0be-98c4-54c8-b4e0-76f29ac1ab04	chr17	80240400	83091923	3	2	1
76a6e0be-98c4-54c8-b4e0-76f29ac1ab04	chr18	48133	4579102	3	2	1
76a6e0be-98c4-54c8-b4e0-76f29ac1ab04	chr18	4580981	4686502	2	2	0
76a6e0be-98c4-54c8-b4e0-76f29ac1ab04	chr18	4688684	10894507	3	2	1
76a6e0be-98c4-54c8-b4e0-76f29ac1ab04	chr18	10894906	15402409	2	2	0
76a6e0be-98c4-54c8-b4e0-76f29ac1ab04	chr18	20949392	22158732	1	1	0
76a6e0be-98c4-54c8-b4e0-76f29ac1ab04	chr18	22160620	75192249	2	2	0
76a6e0be-98c4-54c8-b4e0-76f29ac1ab04	chr18	75192792	79072059	3	2	1
76a6e0be-98c4-54c8-b4e0-76f29ac1ab04	chr18	79077858	79175267	4	3	1
76a6e0be-98c4-54c8-b4e0-76f29ac1ab04	chr18	79176110	79881169	4	2	2
76a6e0be-98c4-54c8-b4e0-76f29ac1ab04	chr18	79912954	80257174	3	2	1
76a6e0be-98c4-54c8-b4e0-76f29ac1ab04	chr19	90910	5052136	3	2	1
76a6e0be-98c4-54c8-b4e0-76f29ac1ab04	chr19	5055985	5726816	4	2	2
76a6e0be-98c4-54c8-b4e0-76f29ac1ab04	chr19	5734163	20826032	3	2	1
76a6e0be-98c4-54c8-b4e0-76f29ac1ab04	chr19	20832193	23746528	2	1	1
76a6e0be-98c4-54c8-b4e0-76f29ac1ab04	chr19	23749744	27823012	4	3	1
76a6e0be-98c4-54c8-b4e0-76f29ac1ab04	chr19	27823122	27974660	6	4	2
76a6e0be-98c4-54c8-b4e0-76f29ac1ab04	chr19	27974735	29539279	3	3	0
76a6e0be-98c4-54c8-b4e0-76f29ac1ab04	chr19	29539671	33019136	5	3	2
76a6e0be-98c4-54c8-b4e0-76f29ac1ab04	chr19	33025535	36120359	6	3	3
76a6e0be-98c4-54c8-b4e0-76f29ac1ab04	chr19	36129486	37382237	7	4	3
76a6e0be-98c4-54c8-b4e0-76f29ac1ab04	chr19	37384729	37593066	3	3	0
76a6e0be-98c4-54c8-b4e0-76f29ac1ab04	chr19	37600882	40036831	4	3	1
76a6e0be-98c4-54c8-b4e0-76f29ac1ab04	chr19	40037847	40704455	5	3	2
76a6e0be-98c4-54c8-b4e0-76f29ac1ab04	chr19	40704732	52634690	4	3	1
76a6e0be-98c4-54c8-b4e0-76f29ac1ab04	chr19	52635191	58586487	5	3	2
76a6e0be-98c4-54c8-b4e0-76f29ac1ab04	chr20	80664	2643457	4	2	2
76a6e0be-98c4-54c8-b4e0-76f29ac1ab04	chr20	2643504	14354709	3	2	1
76a6e0be-98c4-54c8-b4e0-76f29ac1ab04	chr20	14354821	15427231	4	2	2
76a6e0be-98c4-54c8-b4e0-76f29ac1ab04	chr20	15428569	18361082	3	2	1
76a6e0be-98c4-54c8-b4e0-76f29ac1ab04	chr20	18361170	18949390	4	2	2
76a6e0be-98c4-54c8-b4e0-76f29ac1ab04	chr20	18955495	19978098	3	2	1
76a6e0be-98c4-54c8-b4e0-76f29ac1ab04	chr20	19979402	22230325	4	2	2
76a6e0be-98c4-54c8-b4e0-76f29ac1ab04	chr20	22230981	59790381	3	2	1
76a6e0be-98c4-54c8-b4e0-76f29ac1ab04	chr20	59790783	60215061	4	2	2
76a6e0be-98c4-54c8-b4e0-76f29ac1ab04	chr20	60215708	62464287	3	2	1
76a6e0be-98c4-54c8-b4e0-76f29ac1ab04	chr20	62465895	64324800	4	2	2
76a6e0be-98c4-54c8-b4e0-76f29ac1ab04	chr21	12973348	16156938	3	2	1
76a6e0be-98c4-54c8-b4e0-76f29ac1ab04	chr21	16157524	21911947	2	2	0
76a6e0be-98c4-54c8-b4e0-76f29ac1ab04	chr21	21912828	23471856	3	2	1
76a6e0be-98c4-54c8-b4e0-76f29ac1ab04	chr21	23476365	24083519	4	2	2
76a6e0be-98c4-54c8-b4e0-76f29ac1ab04	chr21	24083616	29525487	3	2	1
76a6e0be-98c4-54c8-b4e0-76f29ac1ab04	chr21	29525840	29543641	6	4	2
76a6e0be-98c4-54c8-b4e0-76f29ac1ab04	chr21	29543953	29822833	7	5	2
76a6e0be-98c4-54c8-b4e0-76f29ac1ab04	chr21	29823028	30239103	5	3	2
76a6e0be-98c4-54c8-b4e0-76f29ac1ab04	chr21	30239768	30900866	6	4	2
76a6e0be-98c4-54c8-b4e0-76f29ac1ab04	chr21	30901006	30908568	3	2	1
76a6e0be-98c4-54c8-b4e0-76f29ac1ab04	chr21	30908705	30928057	6	3	3
76a6e0be-98c4-54c8-b4e0-76f29ac1ab04	chr21	30930064	32555666	3	2	1
76a6e0be-98c4-54c8-b4e0-76f29ac1ab04	chr21	32556264	36447260	4	2	2
76a6e0be-98c4-54c8-b4e0-76f29ac1ab04	chr21	36447522	37249812	5	3	2
76a6e0be-98c4-54c8-b4e0-76f29ac1ab04	chr21	37249896	37476404	6	4	2
76a6e0be-98c4-54c8-b4e0-76f29ac1ab04	chr21	37477438	38164700	5	3	2
76a6e0be-98c4-54c8-b4e0-76f29ac1ab04	chr21	38165062	39933399	3	2	1
76a6e0be-98c4-54c8-b4e0-76f29ac1ab04	chr21	39934179	40050005	4	2	2
76a6e0be-98c4-54c8-b4e0-76f29ac1ab04	chr21	40051885	40105833	12	9	3
76a6e0be-98c4-54c8-b4e0-76f29ac1ab04	chr21	40109595	40223799	3	2	1
76a6e0be-98c4-54c8-b4e0-76f29ac1ab04	chr21	40224092	40281427	7	5	2
76a6e0be-98c4-54c8-b4e0-76f29ac1ab04	chr21	40283111	40458963	5	3	2
76a6e0be-98c4-54c8-b4e0-76f29ac1ab04	chr21	40459436	41756639	3	2	1
76a6e0be-98c4-54c8-b4e0-76f29ac1ab04	chr21	41760221	42078871	5	3	2
76a6e0be-98c4-54c8-b4e0-76f29ac1ab04	chr21	42079333	42339609	3	2	1
76a6e0be-98c4-54c8-b4e0-76f29ac1ab04	chr21	42342753	42384011	9	7	2
76a6e0be-98c4-54c8-b4e0-76f29ac1ab04	chr21	42384304	43364461	4	2	2
76a6e0be-98c4-54c8-b4e0-76f29ac1ab04	chr21	43364759	46677045	3	2	1
76a6e0be-98c4-54c8-b4e0-76f29ac1ab04	chr22	16392123	16796525	8	5	3
76a6e0be-98c4-54c8-b4e0-76f29ac1ab04	chr22	16798223	19215112	4	3	1
76a6e0be-98c4-54c8-b4e0-76f29ac1ab04	chr22	19215312	20948379	5	4	1
76a6e0be-98c4-54c8-b4e0-76f29ac1ab04	chr22	20948399	22137591	4	3	1
76a6e0be-98c4-54c8-b4e0-76f29ac1ab04	chr22	22137612	23769479	3	2	1
76a6e0be-98c4-54c8-b4e0-76f29ac1ab04	chr22	23775338	24219458	5	4	1
76a6e0be-98c4-54c8-b4e0-76f29ac1ab04	chr22	24222363	26092374	4	3	1
76a6e0be-98c4-54c8-b4e0-76f29ac1ab04	chr22	26092659	27039124	3	2	1
76a6e0be-98c4-54c8-b4e0-76f29ac1ab04	chr22	27039178	30339919	4	3	1
76a6e0be-98c4-54c8-b4e0-76f29ac1ab04	chr22	30340158	34176959	3	2	1
76a6e0be-98c4-54c8-b4e0-76f29ac1ab04	chr22	34179169	34534802	5	4	1
76a6e0be-98c4-54c8-b4e0-76f29ac1ab04	chr22	34535892	41020823	3	2	1
76a6e0be-98c4-54c8-b4e0-76f29ac1ab04	chr22	41020862	41548293	4	3	1
76a6e0be-98c4-54c8-b4e0-76f29ac1ab04	chr22	41550234	46731541	3	2	1
76a6e0be-98c4-54c8-b4e0-76f29ac1ab04	chr22	46734691	49053806	4	2	2
76a6e0be-98c4-54c8-b4e0-76f29ac1ab04	chr22	49054319	49286426	5	3	2
76a6e0be-98c4-54c8-b4e0-76f29ac1ab04	chr22	49287030	50796027	4	2	2
76a6e0be-98c4-54c8-b4e0-76f29ac1ab04	chrX	251810	2627552	3	2	1
76a6e0be-98c4-54c8-b4e0-76f29ac1ab04	chrX	2627862	8603106	4	2	2
76a6e0be-98c4-54c8-b4e0-76f29ac1ab04	chrX	8603493	8611999	9	5	4
76a6e0be-98c4-54c8-b4e0-76f29ac1ab04	chrX	8613019	26090625	4	2	2
76a6e0be-98c4-54c8-b4e0-76f29ac1ab04	chrX	26092709	26158610	5	3	2
76a6e0be-98c4-54c8-b4e0-76f29ac1ab04	chrX	26158760	35640420	4	2	2
76a6e0be-98c4-54c8-b4e0-76f29ac1ab04	chrX	35641321	35646466	6	3	3
76a6e0be-98c4-54c8-b4e0-76f29ac1ab04	chrX	35648214	56986544	4	2	2
76a6e0be-98c4-54c8-b4e0-76f29ac1ab04	chrX	56987591	63250575	3	2	1
76a6e0be-98c4-54c8-b4e0-76f29ac1ab04	chrX	63250976	114242453	2	2	0
76a6e0be-98c4-54c8-b4e0-76f29ac1ab04	chrX	114242760	114419609	3	2	1
76a6e0be-98c4-54c8-b4e0-76f29ac1ab04	chrX	114420628	114904739	2	2	0
76a6e0be-98c4-54c8-b4e0-76f29ac1ab04	chrX	114905228	115980237	3	2	1
76a6e0be-98c4-54c8-b4e0-76f29ac1ab04	chrX	115982193	122275697	2	2	0
76a6e0be-98c4-54c8-b4e0-76f29ac1ab04	chrX	122276116	123322615	3	2	1
76a6e0be-98c4-54c8-b4e0-76f29ac1ab04	chrX	123323528	156004181	2	2	0
76a6e0be-98c4-54c8-b4e0-76f29ac1ab04	chrY	2782397	26653788	0	0	0
76a6e0be-98c4-54c8-b4e0-76f29ac1ab04	chrY	56872112	56872112	2	2	0
