GDC_Aliquot	Chromosome	Start	End	Copy_Number	Major_Copy_Number	Minor_Copy_Number
129a4ab8-6d3b-5290-8820-c4df310a21ba	chr1	62920	42950543	4	2	2
129a4ab8-6d3b-5290-8820-c4df310a21ba	chr1	42951328	42966918	6	3	3
129a4ab8-6d3b-5290-8820-c4df310a21ba	chr1	42970233	58891154	4	2	2
129a4ab8-6d3b-5290-8820-c4df310a21ba	chr1	58891580	92458886	5	3	2
129a4ab8-6d3b-5290-8820-c4df310a21ba	chr1	92461776	94113856	4	2	2
129a4ab8-6d3b-5290-8820-c4df310a21ba	chr1	94113870	99319098	5	3	2
129a4ab8-6d3b-5290-8820-c4df310a21ba	chr1	99322320	121705338	4	2	2
129a4ab8-6d3b-5290-8820-c4df310a21ba	chr1	143541857	169328103	6	4	2
129a4ab8-6d3b-5290-8820-c4df310a21ba	chr1	169333554	248930189	2	2	0
129a4ab8-6d3b-5290-8820-c4df310a21ba	chr2	12784	438676	2	2	0
129a4ab8-6d3b-5290-8820-c4df310a21ba	chr2	438906	1161020	6	4	2
129a4ab8-6d3b-5290-8820-c4df310a21ba	chr2	1163392	1484437	4	2	2
129a4ab8-6d3b-5290-8820-c4df310a21ba	chr2	1484462	1576732	2	2	0
129a4ab8-6d3b-5290-8820-c4df310a21ba	chr2	1615448	2085347	4	2	2
129a4ab8-6d3b-5290-8820-c4df310a21ba	chr2	2085750	2543616	5	3	2
129a4ab8-6d3b-5290-8820-c4df310a21ba	chr2	2544856	3643958	4	2	2
129a4ab8-6d3b-5290-8820-c4df310a21ba	chr2	3644908	14563399	3	2	1
129a4ab8-6d3b-5290-8820-c4df310a21ba	chr2	14563508	14665318	1	1	0
129a4ab8-6d3b-5290-8820-c4df310a21ba	chr2	14666699	94797094	3	2	1
129a4ab8-6d3b-5290-8820-c4df310a21ba	chr2	94801070	242001132	2	2	0
129a4ab8-6d3b-5290-8820-c4df310a21ba	chr2	242011715	242147305	4	2	2
129a4ab8-6d3b-5290-8820-c4df310a21ba	chr3	20930	1029766	4	2	2
129a4ab8-6d3b-5290-8820-c4df310a21ba	chr3	1029800	11249485	5	3	2
129a4ab8-6d3b-5290-8820-c4df310a21ba	chr3	11250996	17925943	3	2	1
129a4ab8-6d3b-5290-8820-c4df310a21ba	chr3	17926352	34492065	4	2	2
129a4ab8-6d3b-5290-8820-c4df310a21ba	chr3	34492775	55122493	3	2	1
129a4ab8-6d3b-5290-8820-c4df310a21ba	chr3	55123085	75336990	4	2	2
129a4ab8-6d3b-5290-8820-c4df310a21ba	chr3	75338306	76685270	3	2	1
129a4ab8-6d3b-5290-8820-c4df310a21ba	chr3	76685715	111255923	4	2	2
129a4ab8-6d3b-5290-8820-c4df310a21ba	chr3	111256257	111368344	7	5	2
129a4ab8-6d3b-5290-8820-c4df310a21ba	chr3	111368717	116616667	2	2	0
129a4ab8-6d3b-5290-8820-c4df310a21ba	chr3	116617189	116732846	3	3	0
129a4ab8-6d3b-5290-8820-c4df310a21ba	chr3	116734912	117017892	0	0	0
129a4ab8-6d3b-5290-8820-c4df310a21ba	chr3	117018148	198169247	3	3	0
129a4ab8-6d3b-5290-8820-c4df310a21ba	chr4	68929	2743781	2	1	1
129a4ab8-6d3b-5290-8820-c4df310a21ba	chr4	2744007	2836565	3	2	1
129a4ab8-6d3b-5290-8820-c4df310a21ba	chr4	2839513	18671197	2	1	1
129a4ab8-6d3b-5290-8820-c4df310a21ba	chr4	18671365	24378000	3	2	1
129a4ab8-6d3b-5290-8820-c4df310a21ba	chr4	24378043	39145115	2	1	1
129a4ab8-6d3b-5290-8820-c4df310a21ba	chr4	39145429	52002352	3	2	1
129a4ab8-6d3b-5290-8820-c4df310a21ba	chr4	52004594	68506285	4	2	2
129a4ab8-6d3b-5290-8820-c4df310a21ba	chr4	68509223	68640616	8	8	0
129a4ab8-6d3b-5290-8820-c4df310a21ba	chr4	68655691	83189044	4	2	2
129a4ab8-6d3b-5290-8820-c4df310a21ba	chr4	83189828	83223928	2	1	1
129a4ab8-6d3b-5290-8820-c4df310a21ba	chr4	83224058	141371244	3	2	1
129a4ab8-6d3b-5290-8820-c4df310a21ba	chr4	141371952	158137617	4	3	1
129a4ab8-6d3b-5290-8820-c4df310a21ba	chr4	158138060	190106768	3	2	1
129a4ab8-6d3b-5290-8820-c4df310a21ba	chr5	15532	14160884	3	2	1
129a4ab8-6d3b-5290-8820-c4df310a21ba	chr5	14162537	44470182	4	2	2
129a4ab8-6d3b-5290-8820-c4df310a21ba	chr5	44471861	52938566	5	3	2
129a4ab8-6d3b-5290-8820-c4df310a21ba	chr5	52940043	52981019	9	6	3
129a4ab8-6d3b-5290-8820-c4df310a21ba	chr5	52983630	53027927	6	4	2
129a4ab8-6d3b-5290-8820-c4df310a21ba	chr5	53029325	53074602	2	2	0
129a4ab8-6d3b-5290-8820-c4df310a21ba	chr5	53081351	53123081	4	3	1
129a4ab8-6d3b-5290-8820-c4df310a21ba	chr5	53123630	58023655	2	2	0
129a4ab8-6d3b-5290-8820-c4df310a21ba	chr5	58025759	58064843	14	12	2
129a4ab8-6d3b-5290-8820-c4df310a21ba	chr5	58071766	168737255	2	2	0
129a4ab8-6d3b-5290-8820-c4df310a21ba	chr5	168737739	168744658	1	1	0
129a4ab8-6d3b-5290-8820-c4df310a21ba	chr5	168747386	172491844	2	2	0
129a4ab8-6d3b-5290-8820-c4df310a21ba	chr5	172495015	172509928	4	4	0
129a4ab8-6d3b-5290-8820-c4df310a21ba	chr5	172513040	181363319	2	2	0
129a4ab8-6d3b-5290-8820-c4df310a21ba	chr6	149661	58409078	4	2	2
129a4ab8-6d3b-5290-8820-c4df310a21ba	chr6	58409080	60585656	3	2	1
129a4ab8-6d3b-5290-8820-c4df310a21ba	chr6	60585948	166821108	2	2	0
129a4ab8-6d3b-5290-8820-c4df310a21ba	chr6	166821502	166832159	3	2	1
129a4ab8-6d3b-5290-8820-c4df310a21ba	chr6	166832177	170741917	2	2	0
129a4ab8-6d3b-5290-8820-c4df310a21ba	chr7	43259	2099155	5	3	2
129a4ab8-6d3b-5290-8820-c4df310a21ba	chr7	2100269	10523855	6	4	2
129a4ab8-6d3b-5290-8820-c4df310a21ba	chr7	10528064	10624379	5	3	2
129a4ab8-6d3b-5290-8820-c4df310a21ba	chr7	10624983	19941930	8	5	3
129a4ab8-6d3b-5290-8820-c4df310a21ba	chr7	19946717	21941155	7	4	3
129a4ab8-6d3b-5290-8820-c4df310a21ba	chr7	21941294	25247697	4	2	2
129a4ab8-6d3b-5290-8820-c4df310a21ba	chr7	25249172	46157793	5	3	2
129a4ab8-6d3b-5290-8820-c4df310a21ba	chr7	46159396	103578374	4	2	2
129a4ab8-6d3b-5290-8820-c4df310a21ba	chr7	103579314	103849282	3	2	1
129a4ab8-6d3b-5290-8820-c4df310a21ba	chr7	103849428	130341640	4	2	2
129a4ab8-6d3b-5290-8820-c4df310a21ba	chr7	130343895	130385527	5	3	2
129a4ab8-6d3b-5290-8820-c4df310a21ba	chr7	130387792	159334314	4	2	2
129a4ab8-6d3b-5290-8820-c4df310a21ba	chr8	81254	450168	3	2	1
129a4ab8-6d3b-5290-8820-c4df310a21ba	chr8	450600	506835	1	1	0
129a4ab8-6d3b-5290-8820-c4df310a21ba	chr8	507132	9082321	3	2	1
129a4ab8-6d3b-5290-8820-c4df310a21ba	chr8	9084721	145072769	4	2	2
129a4ab8-6d3b-5290-8820-c4df310a21ba	chr9	46587	29244769	2	2	0
129a4ab8-6d3b-5290-8820-c4df310a21ba	chr9	29245883	30938020	4	2	2
129a4ab8-6d3b-5290-8820-c4df310a21ba	chr9	30938152	31788578	2	2	0
129a4ab8-6d3b-5290-8820-c4df310a21ba	chr9	31789321	35260920	3	2	1
129a4ab8-6d3b-5290-8820-c4df310a21ba	chr9	35261415	35801943	2	2	0
129a4ab8-6d3b-5290-8820-c4df310a21ba	chr9	35802586	41741113	3	2	1
129a4ab8-6d3b-5290-8820-c4df310a21ba	chr9	60863881	82912173	4	4	0
129a4ab8-6d3b-5290-8820-c4df310a21ba	chr9	82912883	90784167	3	3	0
129a4ab8-6d3b-5290-8820-c4df310a21ba	chr9	90784409	90813684	2	2	0
129a4ab8-6d3b-5290-8820-c4df310a21ba	chr9	90816217	97721133	3	3	0
129a4ab8-6d3b-5290-8820-c4df310a21ba	chr9	97721634	97753813	2	2	0
129a4ab8-6d3b-5290-8820-c4df310a21ba	chr9	97754257	109487414	4	4	0
129a4ab8-6d3b-5290-8820-c4df310a21ba	chr9	109487631	113057590	3	3	0
129a4ab8-6d3b-5290-8820-c4df310a21ba	chr9	113058286	116725612	4	4	0
129a4ab8-6d3b-5290-8820-c4df310a21ba	chr9	116726347	138200944	3	3	0
129a4ab8-6d3b-5290-8820-c4df310a21ba	chr10	45792	19569589	3	2	1
129a4ab8-6d3b-5290-8820-c4df310a21ba	chr10	19572913	38675612	1	1	0
129a4ab8-6d3b-5290-8820-c4df310a21ba	chr10	38675680	51158454	3	2	1
129a4ab8-6d3b-5290-8820-c4df310a21ba	chr10	51160722	51272886	6	5	1
129a4ab8-6d3b-5290-8820-c4df310a21ba	chr10	51282318	75859286	3	2	1
129a4ab8-6d3b-5290-8820-c4df310a21ba	chr10	75859356	82752000	2	2	0
129a4ab8-6d3b-5290-8820-c4df310a21ba	chr10	82766490	82916191	3	2	1
129a4ab8-6d3b-5290-8820-c4df310a21ba	chr10	82919401	116519545	2	2	0
129a4ab8-6d3b-5290-8820-c4df310a21ba	chr10	116519738	121796911	3	2	1
129a4ab8-6d3b-5290-8820-c4df310a21ba	chr10	121799986	124002791	2	2	0
129a4ab8-6d3b-5290-8820-c4df310a21ba	chr10	124003726	124809643	3	2	1
129a4ab8-6d3b-5290-8820-c4df310a21ba	chr10	124819479	133654968	1	1	0
129a4ab8-6d3b-5290-8820-c4df310a21ba	chr11	198510	32015729	3	2	1
129a4ab8-6d3b-5290-8820-c4df310a21ba	chr11	32016342	32168741	4	3	1
129a4ab8-6d3b-5290-8820-c4df310a21ba	chr11	32169206	37097598	3	2	1
129a4ab8-6d3b-5290-8820-c4df310a21ba	chr11	37100469	39250503	5	3	2
129a4ab8-6d3b-5290-8820-c4df310a21ba	chr11	39250878	45388491	4	2	2
129a4ab8-6d3b-5290-8820-c4df310a21ba	chr11	45397563	48953076	5	3	2
129a4ab8-6d3b-5290-8820-c4df310a21ba	chr11	48954804	135074876	3	2	1
129a4ab8-6d3b-5290-8820-c4df310a21ba	chr12	51460	9638628	7	6	1
129a4ab8-6d3b-5290-8820-c4df310a21ba	chr12	9642069	9690817	4	3	1
129a4ab8-6d3b-5290-8820-c4df310a21ba	chr12	9691642	12035688	7	6	1
129a4ab8-6d3b-5290-8820-c4df310a21ba	chr12	12036010	15084303	3	2	1
129a4ab8-6d3b-5290-8820-c4df310a21ba	chr12	15087339	15129538	5	3	2
129a4ab8-6d3b-5290-8820-c4df310a21ba	chr12	15130907	28558612	4	2	2
129a4ab8-6d3b-5290-8820-c4df310a21ba	chr12	28558850	28959581	5	3	2
129a4ab8-6d3b-5290-8820-c4df310a21ba	chr12	28959995	30836165	4	2	2
129a4ab8-6d3b-5290-8820-c4df310a21ba	chr12	30836469	31237706	5	3	2
129a4ab8-6d3b-5290-8820-c4df310a21ba	chr12	31237848	48453451	4	2	2
129a4ab8-6d3b-5290-8820-c4df310a21ba	chr12	48453734	110990484	2	2	0
129a4ab8-6d3b-5290-8820-c4df310a21ba	chr12	110992000	126063074	4	2	2
129a4ab8-6d3b-5290-8820-c4df310a21ba	chr12	126063223	126066659	2	1	1
129a4ab8-6d3b-5290-8820-c4df310a21ba	chr12	126066660	133201603	4	2	2
129a4ab8-6d3b-5290-8820-c4df310a21ba	chr13	18452809	19373431	3	2	1
129a4ab8-6d3b-5290-8820-c4df310a21ba	chr13	19373969	20241132	2	2	0
129a4ab8-6d3b-5290-8820-c4df310a21ba	chr13	20241627	20522542	3	2	1
129a4ab8-6d3b-5290-8820-c4df310a21ba	chr13	20522838	27473771	2	2	0
129a4ab8-6d3b-5290-8820-c4df310a21ba	chr13	27475369	28314661	3	2	1
129a4ab8-6d3b-5290-8820-c4df310a21ba	chr13	28314952	48168229	2	2	0
129a4ab8-6d3b-5290-8820-c4df310a21ba	chr13	48175203	48351149	0	0	0
129a4ab8-6d3b-5290-8820-c4df310a21ba	chr13	48351233	87963449	2	2	0
129a4ab8-6d3b-5290-8820-c4df310a21ba	chr13	87965364	88000276	4	3	1
129a4ab8-6d3b-5290-8820-c4df310a21ba	chr13	88000820	88166344	2	2	0
129a4ab8-6d3b-5290-8820-c4df310a21ba	chr13	88167078	93394237	4	2	2
129a4ab8-6d3b-5290-8820-c4df310a21ba	chr13	93396653	93579581	2	2	0
129a4ab8-6d3b-5290-8820-c4df310a21ba	chr13	93579791	93590847	3	3	0
129a4ab8-6d3b-5290-8820-c4df310a21ba	chr13	93593635	99374502	4	2	2
129a4ab8-6d3b-5290-8820-c4df310a21ba	chr13	99375558	99380807	2	1	1
129a4ab8-6d3b-5290-8820-c4df310a21ba	chr13	99381398	114342922	4	2	2
129a4ab8-6d3b-5290-8820-c4df310a21ba	chr14	18239283	37290897	4	2	2
129a4ab8-6d3b-5290-8820-c4df310a21ba	chr14	37295543	37382775	1	1	0
129a4ab8-6d3b-5290-8820-c4df310a21ba	chr14	37389627	54339145	4	2	2
129a4ab8-6d3b-5290-8820-c4df310a21ba	chr14	54341735	75108833	3	2	1
129a4ab8-6d3b-5290-8820-c4df310a21ba	chr14	75115075	78417375	4	2	2
129a4ab8-6d3b-5290-8820-c4df310a21ba	chr14	78418112	88625050	5	3	2
129a4ab8-6d3b-5290-8820-c4df310a21ba	chr14	88629506	106877229	4	2	2
129a4ab8-6d3b-5290-8820-c4df310a21ba	chr15	19811075	26372298	3	2	1
129a4ab8-6d3b-5290-8820-c4df310a21ba	chr15	26372996	26395773	4	3	1
129a4ab8-6d3b-5290-8820-c4df310a21ba	chr15	26395963	101928837	3	2	1
129a4ab8-6d3b-5290-8820-c4df310a21ba	chr16	10777	32938932	2	2	0
129a4ab8-6d3b-5290-8820-c4df310a21ba	chr16	32944749	36048855	4	2	2
129a4ab8-6d3b-5290-8820-c4df310a21ba	chr16	46441986	90096867	2	2	0
129a4ab8-6d3b-5290-8820-c4df310a21ba	chr17	150733	15228377	2	2	0
129a4ab8-6d3b-5290-8820-c4df310a21ba	chr17	15229297	19757806	5	3	2
129a4ab8-6d3b-5290-8820-c4df310a21ba	chr17	19762852	21661661	4	2	2
129a4ab8-6d3b-5290-8820-c4df310a21ba	chr17	22167265	42930998	2	2	0
129a4ab8-6d3b-5290-8820-c4df310a21ba	chr17	42931719	55721458	4	2	2
129a4ab8-6d3b-5290-8820-c4df310a21ba	chr17	55721656	56100460	6	4	2
129a4ab8-6d3b-5290-8820-c4df310a21ba	chr17	56100621	59571144	4	2	2
129a4ab8-6d3b-5290-8820-c4df310a21ba	chr17	59572197	60321354	5	3	2
129a4ab8-6d3b-5290-8820-c4df310a21ba	chr17	60323445	62463948	4	2	2
129a4ab8-6d3b-5290-8820-c4df310a21ba	chr17	62466047	69685026	6	4	2
129a4ab8-6d3b-5290-8820-c4df310a21ba	chr17	69688804	71002287	4	2	2
129a4ab8-6d3b-5290-8820-c4df310a21ba	chr17	71002305	71381359	6	4	2
129a4ab8-6d3b-5290-8820-c4df310a21ba	chr17	71382547	83091923	4	2	2
129a4ab8-6d3b-5290-8820-c4df310a21ba	chr18	48133	4971660	4	2	2
129a4ab8-6d3b-5290-8820-c4df310a21ba	chr18	4973590	4989684	2	1	1
129a4ab8-6d3b-5290-8820-c4df310a21ba	chr18	4990805	9353296	4	2	2
129a4ab8-6d3b-5290-8820-c4df310a21ba	chr18	9353432	9465905	3	2	1
129a4ab8-6d3b-5290-8820-c4df310a21ba	chr18	9466469	15402409	4	2	2
129a4ab8-6d3b-5290-8820-c4df310a21ba	chr18	20949392	27409963	3	2	1
129a4ab8-6d3b-5290-8820-c4df310a21ba	chr18	27410973	27453089	5	3	2
129a4ab8-6d3b-5290-8820-c4df310a21ba	chr18	27455109	80257174	3	2	1
129a4ab8-6d3b-5290-8820-c4df310a21ba	chr19	90910	12529284	3	2	1
129a4ab8-6d3b-5290-8820-c4df310a21ba	chr19	12530140	15591874	4	3	1
129a4ab8-6d3b-5290-8820-c4df310a21ba	chr19	15593116	15722551	3	2	1
129a4ab8-6d3b-5290-8820-c4df310a21ba	chr19	15722645	16851243	2	1	1
129a4ab8-6d3b-5290-8820-c4df310a21ba	chr19	16851809	18814890	3	2	1
129a4ab8-6d3b-5290-8820-c4df310a21ba	chr19	18815668	24324365	2	1	1
129a4ab8-6d3b-5290-8820-c4df310a21ba	chr19	24324370	33520342	3	2	1
129a4ab8-6d3b-5290-8820-c4df310a21ba	chr19	33521123	45568166	2	1	1
129a4ab8-6d3b-5290-8820-c4df310a21ba	chr19	45574456	58586487	3	2	1
129a4ab8-6d3b-5290-8820-c4df310a21ba	chr20	80664	64324800	3	2	1
129a4ab8-6d3b-5290-8820-c4df310a21ba	chr21	12973348	14052081	6	5	1
129a4ab8-6d3b-5290-8820-c4df310a21ba	chr21	14052983	17859623	5	5	0
129a4ab8-6d3b-5290-8820-c4df310a21ba	chr21	17860284	21768094	4	4	0
129a4ab8-6d3b-5290-8820-c4df310a21ba	chr21	21768396	41600367	5	4	1
129a4ab8-6d3b-5290-8820-c4df310a21ba	chr21	41600855	46677045	6	4	2
129a4ab8-6d3b-5290-8820-c4df310a21ba	chr22	16392123	24120936	4	2	2
129a4ab8-6d3b-5290-8820-c4df310a21ba	chr22	24121178	31942019	2	2	0
129a4ab8-6d3b-5290-8820-c4df310a21ba	chr22	31942200	32020121	4	3	1
129a4ab8-6d3b-5290-8820-c4df310a21ba	chr22	32021653	32275105	2	2	0
129a4ab8-6d3b-5290-8820-c4df310a21ba	chr22	32279813	32585838	3	2	1
129a4ab8-6d3b-5290-8820-c4df310a21ba	chr22	32589284	36920217	2	2	0
129a4ab8-6d3b-5290-8820-c4df310a21ba	chr22	36921512	37503918	4	2	2
129a4ab8-6d3b-5290-8820-c4df310a21ba	chr22	37505832	42617830	2	2	0
129a4ab8-6d3b-5290-8820-c4df310a21ba	chr22	42625548	43096633	3	2	1
129a4ab8-6d3b-5290-8820-c4df310a21ba	chr22	43096956	44980398	4	2	2
129a4ab8-6d3b-5290-8820-c4df310a21ba	chr22	44980645	50230155	3	2	1
129a4ab8-6d3b-5290-8820-c4df310a21ba	chr22	50233028	50796027	2	2	0
129a4ab8-6d3b-5290-8820-c4df310a21ba	chrX	251810	29069625	2	2	0
129a4ab8-6d3b-5290-8820-c4df310a21ba	chrX	29072207	29318954	0	0	0
129a4ab8-6d3b-5290-8820-c4df310a21ba	chrX	29319137	41412585	2	2	0
129a4ab8-6d3b-5290-8820-c4df310a21ba	chrX	41412840	41433234	1	1	0
129a4ab8-6d3b-5290-8820-c4df310a21ba	chrX	41433291	156004181	2	2	0
129a4ab8-6d3b-5290-8820-c4df310a21ba	chrY	2782397	26653788	0	0	0
129a4ab8-6d3b-5290-8820-c4df310a21ba	chrY	56872112	56872112	5	5	0
