GDC_Aliquot	Chromosome	Start	End	Copy_Number	Major_Copy_Number	Minor_Copy_Number
1e3986d0-3fea-52ac-b168-7cedfbb497c0	chr1	62920	3969524	4	3	1
1e3986d0-3fea-52ac-b168-7cedfbb497c0	chr1	3969673	6508890	6	5	1
1e3986d0-3fea-52ac-b168-7cedfbb497c0	chr1	6509226	14949734	5	4	1
1e3986d0-3fea-52ac-b168-7cedfbb497c0	chr1	14949988	15843965	7	6	1
1e3986d0-3fea-52ac-b168-7cedfbb497c0	chr1	15844541	40404613	5	4	1
1e3986d0-3fea-52ac-b168-7cedfbb497c0	chr1	40404873	65266559	4	3	1
1e3986d0-3fea-52ac-b168-7cedfbb497c0	chr1	65266779	65327003	1	1	0
1e3986d0-3fea-52ac-b168-7cedfbb497c0	chr1	65331097	65335879	12	9	3
1e3986d0-3fea-52ac-b168-7cedfbb497c0	chr1	65339871	65649208	10	9	1
1e3986d0-3fea-52ac-b168-7cedfbb497c0	chr1	65657839	65799558	1	1	0
1e3986d0-3fea-52ac-b168-7cedfbb497c0	chr1	65799573	68301864	4	3	1
1e3986d0-3fea-52ac-b168-7cedfbb497c0	chr1	68304647	69711248	10	9	1
1e3986d0-3fea-52ac-b168-7cedfbb497c0	chr1	69711323	70972456	9	8	1
1e3986d0-3fea-52ac-b168-7cedfbb497c0	chr1	70973714	72409378	4	3	1
1e3986d0-3fea-52ac-b168-7cedfbb497c0	chr1	72409963	76844116	6	5	1
1e3986d0-3fea-52ac-b168-7cedfbb497c0	chr1	76846781	79283153	12	11	1
1e3986d0-3fea-52ac-b168-7cedfbb497c0	chr1	79283512	79801364	4	3	1
1e3986d0-3fea-52ac-b168-7cedfbb497c0	chr1	79805253	80481158	9	8	1
1e3986d0-3fea-52ac-b168-7cedfbb497c0	chr1	80481214	84145536	4	3	1
1e3986d0-3fea-52ac-b168-7cedfbb497c0	chr1	84149696	88527108	5	4	1
1e3986d0-3fea-52ac-b168-7cedfbb497c0	chr1	88530222	89171895	7	6	1
1e3986d0-3fea-52ac-b168-7cedfbb497c0	chr1	89176173	90343930	5	4	1
1e3986d0-3fea-52ac-b168-7cedfbb497c0	chr1	90348111	90624973	8	7	1
1e3986d0-3fea-52ac-b168-7cedfbb497c0	chr1	90625326	92913536	5	4	1
1e3986d0-3fea-52ac-b168-7cedfbb497c0	chr1	92915334	99770801	2	1	1
1e3986d0-3fea-52ac-b168-7cedfbb497c0	chr1	99778339	99873954	5	4	1
1e3986d0-3fea-52ac-b168-7cedfbb497c0	chr1	99874153	101251132	3	2	1
1e3986d0-3fea-52ac-b168-7cedfbb497c0	chr1	101257067	102650470	5	4	1
1e3986d0-3fea-52ac-b168-7cedfbb497c0	chr1	102653386	104768671	4	3	1
1e3986d0-3fea-52ac-b168-7cedfbb497c0	chr1	104778974	121705338	1	1	0
1e3986d0-3fea-52ac-b168-7cedfbb497c0	chr1	143541857	152583051	5	3	2
1e3986d0-3fea-52ac-b168-7cedfbb497c0	chr1	152583230	152613762	0	0	0
1e3986d0-3fea-52ac-b168-7cedfbb497c0	chr1	152613802	164772970	5	3	2
1e3986d0-3fea-52ac-b168-7cedfbb497c0	chr1	164774942	164961350	5	4	1
1e3986d0-3fea-52ac-b168-7cedfbb497c0	chr1	164961656	183080681	5	3	2
1e3986d0-3fea-52ac-b168-7cedfbb497c0	chr1	183082064	183316114	5	4	1
1e3986d0-3fea-52ac-b168-7cedfbb497c0	chr1	183316340	185572767	5	3	2
1e3986d0-3fea-52ac-b168-7cedfbb497c0	chr1	185573939	186141425	5	4	1
1e3986d0-3fea-52ac-b168-7cedfbb497c0	chr1	186141556	198333605	6	3	3
1e3986d0-3fea-52ac-b168-7cedfbb497c0	chr1	198333791	209585282	5	3	2
1e3986d0-3fea-52ac-b168-7cedfbb497c0	chr1	209586626	248930189	2	2	0
1e3986d0-3fea-52ac-b168-7cedfbb497c0	chr2	12784	1053857	4	3	1
1e3986d0-3fea-52ac-b168-7cedfbb497c0	chr2	1057234	25967881	2	1	1
1e3986d0-3fea-52ac-b168-7cedfbb497c0	chr2	25968427	36256302	3	2	1
1e3986d0-3fea-52ac-b168-7cedfbb497c0	chr2	36260150	36945813	2	2	0
1e3986d0-3fea-52ac-b168-7cedfbb497c0	chr2	36946347	37403934	3	2	1
1e3986d0-3fea-52ac-b168-7cedfbb497c0	chr2	37407709	38203312	2	2	0
1e3986d0-3fea-52ac-b168-7cedfbb497c0	chr2	38203365	43059282	3	2	1
1e3986d0-3fea-52ac-b168-7cedfbb497c0	chr2	43059472	43360312	4	3	1
1e3986d0-3fea-52ac-b168-7cedfbb497c0	chr2	43360365	44358069	3	2	1
1e3986d0-3fea-52ac-b168-7cedfbb497c0	chr2	44362830	46965229	5	4	1
1e3986d0-3fea-52ac-b168-7cedfbb497c0	chr2	46965258	50212828	6	5	1
1e3986d0-3fea-52ac-b168-7cedfbb497c0	chr2	50212905	52527590	2	1	1
1e3986d0-3fea-52ac-b168-7cedfbb497c0	chr2	52527727	52554404	0	0	0
1e3986d0-3fea-52ac-b168-7cedfbb497c0	chr2	52560811	64886847	2	1	1
1e3986d0-3fea-52ac-b168-7cedfbb497c0	chr2	64886933	65567099	1	1	0
1e3986d0-3fea-52ac-b168-7cedfbb497c0	chr2	65568272	65915886	2	1	1
1e3986d0-3fea-52ac-b168-7cedfbb497c0	chr2	65916480	66101073	2	2	0
1e3986d0-3fea-52ac-b168-7cedfbb497c0	chr2	66106364	82093303	2	1	1
1e3986d0-3fea-52ac-b168-7cedfbb497c0	chr2	82096190	82165642	1	1	0
1e3986d0-3fea-52ac-b168-7cedfbb497c0	chr2	82166856	83526164	6	5	1
1e3986d0-3fea-52ac-b168-7cedfbb497c0	chr2	83526332	88383797	2	1	1
1e3986d0-3fea-52ac-b168-7cedfbb497c0	chr2	88384248	88715646	3	2	1
1e3986d0-3fea-52ac-b168-7cedfbb497c0	chr2	88721025	89984583	8	4	4
1e3986d0-3fea-52ac-b168-7cedfbb497c0	chr2	89984670	97211264	3	2	1
1e3986d0-3fea-52ac-b168-7cedfbb497c0	chr2	97211436	112056468	2	1	1
1e3986d0-3fea-52ac-b168-7cedfbb497c0	chr2	112058659	141740815	3	2	1
1e3986d0-3fea-52ac-b168-7cedfbb497c0	chr2	141741063	219517978	2	2	0
1e3986d0-3fea-52ac-b168-7cedfbb497c0	chr2	219519404	242147305	3	3	0
1e3986d0-3fea-52ac-b168-7cedfbb497c0	chr3	20930	5690697	1	1	0
1e3986d0-3fea-52ac-b168-7cedfbb497c0	chr3	5692594	6321402	3	3	0
1e3986d0-3fea-52ac-b168-7cedfbb497c0	chr3	6322411	6649983	2	2	0
1e3986d0-3fea-52ac-b168-7cedfbb497c0	chr3	6650906	7444553	3	3	0
1e3986d0-3fea-52ac-b168-7cedfbb497c0	chr3	7444567	8320370	4	4	0
1e3986d0-3fea-52ac-b168-7cedfbb497c0	chr3	8321921	8339428	3	3	0
1e3986d0-3fea-52ac-b168-7cedfbb497c0	chr3	8343478	8414241	4	4	0
1e3986d0-3fea-52ac-b168-7cedfbb497c0	chr3	8414535	21377514	2	2	0
1e3986d0-3fea-52ac-b168-7cedfbb497c0	chr3	21377731	21545132	1	1	0
1e3986d0-3fea-52ac-b168-7cedfbb497c0	chr3	21546098	58906308	2	2	0
1e3986d0-3fea-52ac-b168-7cedfbb497c0	chr3	58909180	66670080	1	1	0
1e3986d0-3fea-52ac-b168-7cedfbb497c0	chr3	66672823	67250000	3	3	0
1e3986d0-3fea-52ac-b168-7cedfbb497c0	chr3	67251826	69168193	2	2	0
1e3986d0-3fea-52ac-b168-7cedfbb497c0	chr3	69168606	70032446	3	3	0
1e3986d0-3fea-52ac-b168-7cedfbb497c0	chr3	70038194	87896831	1	1	0
1e3986d0-3fea-52ac-b168-7cedfbb497c0	chr3	87897100	90369509	2	1	1
1e3986d0-3fea-52ac-b168-7cedfbb497c0	chr3	90375879	117864992	2	2	0
1e3986d0-3fea-52ac-b168-7cedfbb497c0	chr3	117865877	158967824	3	2	1
1e3986d0-3fea-52ac-b168-7cedfbb497c0	chr3	158968582	158997859	5	3	2
1e3986d0-3fea-52ac-b168-7cedfbb497c0	chr3	158998778	184565104	3	2	1
1e3986d0-3fea-52ac-b168-7cedfbb497c0	chr3	184568477	184629330	5	3	2
1e3986d0-3fea-52ac-b168-7cedfbb497c0	chr3	184630789	185599774	3	2	1
1e3986d0-3fea-52ac-b168-7cedfbb497c0	chr3	185602655	190594343	4	2	2
1e3986d0-3fea-52ac-b168-7cedfbb497c0	chr3	190594644	190631691	4	3	1
1e3986d0-3fea-52ac-b168-7cedfbb497c0	chr3	190632672	193469319	4	2	2
1e3986d0-3fea-52ac-b168-7cedfbb497c0	chr3	193470686	193957945	3	2	1
1e3986d0-3fea-52ac-b168-7cedfbb497c0	chr3	193958323	194081760	4	3	1
1e3986d0-3fea-52ac-b168-7cedfbb497c0	chr3	194081809	194103097	3	2	1
1e3986d0-3fea-52ac-b168-7cedfbb497c0	chr3	194104960	194200141	4	3	1
1e3986d0-3fea-52ac-b168-7cedfbb497c0	chr3	194200845	196065058	3	2	1
1e3986d0-3fea-52ac-b168-7cedfbb497c0	chr3	196069178	198169247	4	2	2
1e3986d0-3fea-52ac-b168-7cedfbb497c0	chr4	68929	7317065	3	2	1
1e3986d0-3fea-52ac-b168-7cedfbb497c0	chr4	7317225	7327940	2	2	0
1e3986d0-3fea-52ac-b168-7cedfbb497c0	chr4	7331425	52907443	3	2	1
1e3986d0-3fea-52ac-b168-7cedfbb497c0	chr4	52907704	55272245	2	1	1
1e3986d0-3fea-52ac-b168-7cedfbb497c0	chr4	55272589	75835087	3	2	1
1e3986d0-3fea-52ac-b168-7cedfbb497c0	chr4	75837449	76787865	3	3	0
1e3986d0-3fea-52ac-b168-7cedfbb497c0	chr4	76792501	81510915	3	2	1
1e3986d0-3fea-52ac-b168-7cedfbb497c0	chr4	81511067	81827262	2	1	1
1e3986d0-3fea-52ac-b168-7cedfbb497c0	chr4	81827305	148211605	3	2	1
1e3986d0-3fea-52ac-b168-7cedfbb497c0	chr4	148212179	153531740	3	3	0
1e3986d0-3fea-52ac-b168-7cedfbb497c0	chr4	153531800	154098238	3	2	1
1e3986d0-3fea-52ac-b168-7cedfbb497c0	chr4	154101024	154994697	2	1	1
1e3986d0-3fea-52ac-b168-7cedfbb497c0	chr4	154995423	155417608	4	3	1
1e3986d0-3fea-52ac-b168-7cedfbb497c0	chr4	155418467	157888992	7	6	1
1e3986d0-3fea-52ac-b168-7cedfbb497c0	chr4	157889048	159943090	6	5	1
1e3986d0-3fea-52ac-b168-7cedfbb497c0	chr4	159947187	160306259	8	7	1
1e3986d0-3fea-52ac-b168-7cedfbb497c0	chr4	160306545	165373160	7	6	1
1e3986d0-3fea-52ac-b168-7cedfbb497c0	chr4	165373261	170828616	6	5	1
1e3986d0-3fea-52ac-b168-7cedfbb497c0	chr4	170832328	190106768	1	1	0
1e3986d0-3fea-52ac-b168-7cedfbb497c0	chr5	15532	659353	4	4	0
1e3986d0-3fea-52ac-b168-7cedfbb497c0	chr5	659490	1287425	4	3	1
1e3986d0-3fea-52ac-b168-7cedfbb497c0	chr5	1287588	8321882	4	2	2
1e3986d0-3fea-52ac-b168-7cedfbb497c0	chr5	8322059	8411019	4	3	1
1e3986d0-3fea-52ac-b168-7cedfbb497c0	chr5	8411297	16929254	4	2	2
1e3986d0-3fea-52ac-b168-7cedfbb497c0	chr5	16929530	26856152	5	3	2
1e3986d0-3fea-52ac-b168-7cedfbb497c0	chr5	26856789	26990920	4	3	1
1e3986d0-3fea-52ac-b168-7cedfbb497c0	chr5	26992709	27058229	5	3	2
1e3986d0-3fea-52ac-b168-7cedfbb497c0	chr5	27059040	27819436	4	3	1
1e3986d0-3fea-52ac-b168-7cedfbb497c0	chr5	27824538	50146124	4	2	2
1e3986d0-3fea-52ac-b168-7cedfbb497c0	chr5	50151472	54965492	2	2	0
1e3986d0-3fea-52ac-b168-7cedfbb497c0	chr5	54968539	58242547	4	2	2
1e3986d0-3fea-52ac-b168-7cedfbb497c0	chr5	58243851	58724194	7	5	2
1e3986d0-3fea-52ac-b168-7cedfbb497c0	chr5	58728172	58759148	7	6	1
1e3986d0-3fea-52ac-b168-7cedfbb497c0	chr5	58760381	59072130	2	2	0
1e3986d0-3fea-52ac-b168-7cedfbb497c0	chr5	59073892	60349700	6	4	2
1e3986d0-3fea-52ac-b168-7cedfbb497c0	chr5	60351600	140717390	2	2	0
1e3986d0-3fea-52ac-b168-7cedfbb497c0	chr5	140723434	142161980	6	4	2
1e3986d0-3fea-52ac-b168-7cedfbb497c0	chr5	142164048	143229960	4	2	2
1e3986d0-3fea-52ac-b168-7cedfbb497c0	chr5	143230077	143283498	4	3	1
1e3986d0-3fea-52ac-b168-7cedfbb497c0	chr5	143284374	145343097	6	4	2
1e3986d0-3fea-52ac-b168-7cedfbb497c0	chr5	145345285	148736264	4	2	2
1e3986d0-3fea-52ac-b168-7cedfbb497c0	chr5	148736639	151914111	5	3	2
1e3986d0-3fea-52ac-b168-7cedfbb497c0	chr5	151915020	181363319	2	2	0
1e3986d0-3fea-52ac-b168-7cedfbb497c0	chr6	149661	52736040	3	2	1
1e3986d0-3fea-52ac-b168-7cedfbb497c0	chr6	52736518	62391172	4	2	2
1e3986d0-3fea-52ac-b168-7cedfbb497c0	chr6	62391382	62740144	7	5	2
1e3986d0-3fea-52ac-b168-7cedfbb497c0	chr6	62743458	66462029	6	3	3
1e3986d0-3fea-52ac-b168-7cedfbb497c0	chr6	66464114	109961885	3	2	1
1e3986d0-3fea-52ac-b168-7cedfbb497c0	chr6	109963156	109971758	1	1	0
1e3986d0-3fea-52ac-b168-7cedfbb497c0	chr6	109972118	121427325	3	2	1
1e3986d0-3fea-52ac-b168-7cedfbb497c0	chr6	121428781	123286982	5	4	1
1e3986d0-3fea-52ac-b168-7cedfbb497c0	chr6	123287878	130828762	4	3	1
1e3986d0-3fea-52ac-b168-7cedfbb497c0	chr6	130828987	133534277	5	4	1
1e3986d0-3fea-52ac-b168-7cedfbb497c0	chr6	133535619	148961388	4	3	1
1e3986d0-3fea-52ac-b168-7cedfbb497c0	chr6	148963726	167112710	5	3	2
1e3986d0-3fea-52ac-b168-7cedfbb497c0	chr6	167113018	170741917	6	3	3
1e3986d0-3fea-52ac-b168-7cedfbb497c0	chr7	43259	31422431	4	2	2
1e3986d0-3fea-52ac-b168-7cedfbb497c0	chr7	31423811	31619325	4	3	1
1e3986d0-3fea-52ac-b168-7cedfbb497c0	chr7	31619587	35554149	4	2	2
1e3986d0-3fea-52ac-b168-7cedfbb497c0	chr7	35554229	35586684	3	2	1
1e3986d0-3fea-52ac-b168-7cedfbb497c0	chr7	35586731	57269320	4	2	2
1e3986d0-3fea-52ac-b168-7cedfbb497c0	chr7	57269338	62332999	5	3	2
1e3986d0-3fea-52ac-b168-7cedfbb497c0	chr7	62526795	65445563	3	2	1
1e3986d0-3fea-52ac-b168-7cedfbb497c0	chr7	65446359	70704463	4	2	2
1e3986d0-3fea-52ac-b168-7cedfbb497c0	chr7	70706173	78451503	3	2	1
1e3986d0-3fea-52ac-b168-7cedfbb497c0	chr7	78453290	78866521	4	2	2
1e3986d0-3fea-52ac-b168-7cedfbb497c0	chr7	78866597	92407757	3	2	1
1e3986d0-3fea-52ac-b168-7cedfbb497c0	chr7	92410362	92806318	7	5	2
1e3986d0-3fea-52ac-b168-7cedfbb497c0	chr7	92807028	125757631	3	2	1
1e3986d0-3fea-52ac-b168-7cedfbb497c0	chr7	125758775	127009809	2	2	0
1e3986d0-3fea-52ac-b168-7cedfbb497c0	chr7	127017432	127130512	4	3	1
1e3986d0-3fea-52ac-b168-7cedfbb497c0	chr7	127131333	127574276	2	2	0
1e3986d0-3fea-52ac-b168-7cedfbb497c0	chr7	127574719	128349618	3	2	1
1e3986d0-3fea-52ac-b168-7cedfbb497c0	chr7	128354160	128749813	2	2	0
1e3986d0-3fea-52ac-b168-7cedfbb497c0	chr7	128753896	130510864	3	2	1
1e3986d0-3fea-52ac-b168-7cedfbb497c0	chr7	130511242	130860050	2	2	0
1e3986d0-3fea-52ac-b168-7cedfbb497c0	chr7	130866994	132263223	3	2	1
1e3986d0-3fea-52ac-b168-7cedfbb497c0	chr7	132264617	138595769	2	2	0
1e3986d0-3fea-52ac-b168-7cedfbb497c0	chr7	138596610	139715593	3	2	1
1e3986d0-3fea-52ac-b168-7cedfbb497c0	chr7	139719689	151432795	2	2	0
1e3986d0-3fea-52ac-b168-7cedfbb497c0	chr7	151436706	159334314	3	2	1
1e3986d0-3fea-52ac-b168-7cedfbb497c0	chr8	81254	7041209	2	2	0
1e3986d0-3fea-52ac-b168-7cedfbb497c0	chr8	7041476	8496077	4	3	1
1e3986d0-3fea-52ac-b168-7cedfbb497c0	chr8	8496288	9215219	3	2	1
1e3986d0-3fea-52ac-b168-7cedfbb497c0	chr8	9215423	12002231	2	2	0
1e3986d0-3fea-52ac-b168-7cedfbb497c0	chr8	12004300	14651764	4	2	2
1e3986d0-3fea-52ac-b168-7cedfbb497c0	chr8	14652059	37067019	2	2	0
1e3986d0-3fea-52ac-b168-7cedfbb497c0	chr8	37068563	40938810	3	2	1
1e3986d0-3fea-52ac-b168-7cedfbb497c0	chr8	40941286	41333611	4	2	2
1e3986d0-3fea-52ac-b168-7cedfbb497c0	chr8	41334326	41597679	4	3	1
1e3986d0-3fea-52ac-b168-7cedfbb497c0	chr8	41597824	50214740	4	2	2
1e3986d0-3fea-52ac-b168-7cedfbb497c0	chr8	50214917	53334785	3	2	1
1e3986d0-3fea-52ac-b168-7cedfbb497c0	chr8	53336529	55312559	2	1	1
1e3986d0-3fea-52ac-b168-7cedfbb497c0	chr8	55314287	56402466	3	2	1
1e3986d0-3fea-52ac-b168-7cedfbb497c0	chr8	56403229	80669869	2	1	1
1e3986d0-3fea-52ac-b168-7cedfbb497c0	chr8	80670489	82937618	4	3	1
1e3986d0-3fea-52ac-b168-7cedfbb497c0	chr8	82939415	93156391	2	1	1
1e3986d0-3fea-52ac-b168-7cedfbb497c0	chr8	93156748	93169443	3	2	1
1e3986d0-3fea-52ac-b168-7cedfbb497c0	chr8	93171910	126666051	2	1	1
1e3986d0-3fea-52ac-b168-7cedfbb497c0	chr8	126666081	126870869	1	1	0
1e3986d0-3fea-52ac-b168-7cedfbb497c0	chr8	126871133	142616206	2	1	1
1e3986d0-3fea-52ac-b168-7cedfbb497c0	chr8	142647158	143184697	5	4	1
1e3986d0-3fea-52ac-b168-7cedfbb497c0	chr8	143184771	145072769	2	1	1
1e3986d0-3fea-52ac-b168-7cedfbb497c0	chr9	46587	33922105	2	2	0
1e3986d0-3fea-52ac-b168-7cedfbb497c0	chr9	33923775	37466031	1	1	0
1e3986d0-3fea-52ac-b168-7cedfbb497c0	chr9	37470513	41741113	2	2	0
1e3986d0-3fea-52ac-b168-7cedfbb497c0	chr9	60863881	68762475	3	2	1
1e3986d0-3fea-52ac-b168-7cedfbb497c0	chr9	68763050	93097457	2	1	1
1e3986d0-3fea-52ac-b168-7cedfbb497c0	chr9	93103879	98160986	2	2	0
1e3986d0-3fea-52ac-b168-7cedfbb497c0	chr9	98161190	107245639	2	1	1
1e3986d0-3fea-52ac-b168-7cedfbb497c0	chr9	107247614	110189709	3	2	1
1e3986d0-3fea-52ac-b168-7cedfbb497c0	chr9	110190494	116395451	4	2	2
1e3986d0-3fea-52ac-b168-7cedfbb497c0	chr9	116396535	116725532	4	3	1
1e3986d0-3fea-52ac-b168-7cedfbb497c0	chr9	116725612	120248934	4	2	2
1e3986d0-3fea-52ac-b168-7cedfbb497c0	chr9	120249005	121237098	4	3	1
1e3986d0-3fea-52ac-b168-7cedfbb497c0	chr9	121240519	126322653	4	2	2
1e3986d0-3fea-52ac-b168-7cedfbb497c0	chr9	126327706	126560878	4	3	1
1e3986d0-3fea-52ac-b168-7cedfbb497c0	chr9	126561322	130753286	4	2	2
1e3986d0-3fea-52ac-b168-7cedfbb497c0	chr9	130753302	130842888	4	3	1
1e3986d0-3fea-52ac-b168-7cedfbb497c0	chr9	130843043	133002517	3	2	1
1e3986d0-3fea-52ac-b168-7cedfbb497c0	chr9	133003633	135692619	4	2	2
1e3986d0-3fea-52ac-b168-7cedfbb497c0	chr9	135697619	138200944	3	2	1
1e3986d0-3fea-52ac-b168-7cedfbb497c0	chr10	45792	366286	1	1	0
1e3986d0-3fea-52ac-b168-7cedfbb497c0	chr10	366509	44564457	2	1	1
1e3986d0-3fea-52ac-b168-7cedfbb497c0	chr10	44564856	44568200	4	2	2
1e3986d0-3fea-52ac-b168-7cedfbb497c0	chr10	44568975	49643128	2	1	1
1e3986d0-3fea-52ac-b168-7cedfbb497c0	chr10	49644786	49704961	3	2	1
1e3986d0-3fea-52ac-b168-7cedfbb497c0	chr10	49711519	69685890	2	1	1
1e3986d0-3fea-52ac-b168-7cedfbb497c0	chr10	69686089	69773413	3	2	1
1e3986d0-3fea-52ac-b168-7cedfbb497c0	chr10	69773575	78300544	2	1	1
1e3986d0-3fea-52ac-b168-7cedfbb497c0	chr10	78300759	78418986	3	2	1
1e3986d0-3fea-52ac-b168-7cedfbb497c0	chr10	78420364	112182961	2	1	1
1e3986d0-3fea-52ac-b168-7cedfbb497c0	chr10	112184984	112505027	1	1	0
1e3986d0-3fea-52ac-b168-7cedfbb497c0	chr10	112510066	125985894	2	1	1
1e3986d0-3fea-52ac-b168-7cedfbb497c0	chr10	125987629	126586981	1	1	0
1e3986d0-3fea-52ac-b168-7cedfbb497c0	chr10	126592825	126796647	3	2	1
1e3986d0-3fea-52ac-b168-7cedfbb497c0	chr10	126802450	126824555	2	1	1
1e3986d0-3fea-52ac-b168-7cedfbb497c0	chr10	126825006	128160683	3	2	1
1e3986d0-3fea-52ac-b168-7cedfbb497c0	chr10	128160794	128320321	4	3	1
1e3986d0-3fea-52ac-b168-7cedfbb497c0	chr10	128321280	131025153	1	1	0
1e3986d0-3fea-52ac-b168-7cedfbb497c0	chr10	131031014	133461697	2	1	1
1e3986d0-3fea-52ac-b168-7cedfbb497c0	chr10	133462253	133654968	1	1	0
1e3986d0-3fea-52ac-b168-7cedfbb497c0	chr11	198510	12750955	2	2	0
1e3986d0-3fea-52ac-b168-7cedfbb497c0	chr11	12751524	18414047	3	2	1
1e3986d0-3fea-52ac-b168-7cedfbb497c0	chr11	18416345	23107077	2	2	0
1e3986d0-3fea-52ac-b168-7cedfbb497c0	chr11	23107197	23225225	6	3	3
1e3986d0-3fea-52ac-b168-7cedfbb497c0	chr11	23225266	23825075	3	2	1
1e3986d0-3fea-52ac-b168-7cedfbb497c0	chr11	23826411	24043396	2	2	0
1e3986d0-3fea-52ac-b168-7cedfbb497c0	chr11	24051839	24717833	5	3	2
1e3986d0-3fea-52ac-b168-7cedfbb497c0	chr11	24726877	29322235	2	2	0
1e3986d0-3fea-52ac-b168-7cedfbb497c0	chr11	29323522	29745892	4	2	2
1e3986d0-3fea-52ac-b168-7cedfbb497c0	chr11	29749941	31134659	7	5	2
1e3986d0-3fea-52ac-b168-7cedfbb497c0	chr11	31136848	31776458	3	2	1
1e3986d0-3fea-52ac-b168-7cedfbb497c0	chr11	31777452	35288507	2	2	0
1e3986d0-3fea-52ac-b168-7cedfbb497c0	chr11	35288523	35300202	1	1	0
1e3986d0-3fea-52ac-b168-7cedfbb497c0	chr11	35303113	44608533	2	2	0
1e3986d0-3fea-52ac-b168-7cedfbb497c0	chr11	44610664	44714804	3	3	0
1e3986d0-3fea-52ac-b168-7cedfbb497c0	chr11	44716096	46357200	2	2	0
1e3986d0-3fea-52ac-b168-7cedfbb497c0	chr11	46357892	48448316	6	4	2
1e3986d0-3fea-52ac-b168-7cedfbb497c0	chr11	48452682	63543790	2	2	0
1e3986d0-3fea-52ac-b168-7cedfbb497c0	chr11	63546450	64395118	1	1	0
1e3986d0-3fea-52ac-b168-7cedfbb497c0	chr11	64395212	66653736	2	2	0
1e3986d0-3fea-52ac-b168-7cedfbb497c0	chr11	66655287	71580425	3	2	1
1e3986d0-3fea-52ac-b168-7cedfbb497c0	chr11	71580444	88586091	2	1	1
1e3986d0-3fea-52ac-b168-7cedfbb497c0	chr11	88586448	89016559	2	2	0
1e3986d0-3fea-52ac-b168-7cedfbb497c0	chr11	89020474	107954823	2	1	1
1e3986d0-3fea-52ac-b168-7cedfbb497c0	chr11	107955446	108982937	3	2	1
1e3986d0-3fea-52ac-b168-7cedfbb497c0	chr11	108985084	112579350	2	1	1
1e3986d0-3fea-52ac-b168-7cedfbb497c0	chr11	112579917	116330576	3	2	1
1e3986d0-3fea-52ac-b168-7cedfbb497c0	chr11	116331318	129443943	2	1	1
1e3986d0-3fea-52ac-b168-7cedfbb497c0	chr11	129444129	131233192	1	1	0
1e3986d0-3fea-52ac-b168-7cedfbb497c0	chr11	131233278	132993787	4	2	2
1e3986d0-3fea-52ac-b168-7cedfbb497c0	chr11	132998171	135074876	1	1	0
1e3986d0-3fea-52ac-b168-7cedfbb497c0	chr12	51460	279689	2	2	0
1e3986d0-3fea-52ac-b168-7cedfbb497c0	chr12	281388	2450662	4	2	2
1e3986d0-3fea-52ac-b168-7cedfbb497c0	chr12	2450917	3445628	5	3	2
1e3986d0-3fea-52ac-b168-7cedfbb497c0	chr12	3445655	3923398	4	2	2
1e3986d0-3fea-52ac-b168-7cedfbb497c0	chr12	3923776	16485790	3	2	1
1e3986d0-3fea-52ac-b168-7cedfbb497c0	chr12	16488578	16883220	5	4	1
1e3986d0-3fea-52ac-b168-7cedfbb497c0	chr12	16885008	17433334	3	2	1
1e3986d0-3fea-52ac-b168-7cedfbb497c0	chr12	17433348	25618710	2	1	1
1e3986d0-3fea-52ac-b168-7cedfbb497c0	chr12	25619793	25844858	2	2	0
1e3986d0-3fea-52ac-b168-7cedfbb497c0	chr12	25845011	33672018	2	1	1
1e3986d0-3fea-52ac-b168-7cedfbb497c0	chr12	33672142	34605331	6	5	1
1e3986d0-3fea-52ac-b168-7cedfbb497c0	chr12	34606648	40320683	4	2	2
1e3986d0-3fea-52ac-b168-7cedfbb497c0	chr12	40320983	43965801	3	2	1
1e3986d0-3fea-52ac-b168-7cedfbb497c0	chr12	43967816	45591729	4	3	1
1e3986d0-3fea-52ac-b168-7cedfbb497c0	chr12	45592415	80027410	3	2	1
1e3986d0-3fea-52ac-b168-7cedfbb497c0	chr12	80027419	103744072	2	2	0
1e3986d0-3fea-52ac-b168-7cedfbb497c0	chr12	103745814	124243468	3	2	1
1e3986d0-3fea-52ac-b168-7cedfbb497c0	chr12	124244310	124857324	4	3	1
1e3986d0-3fea-52ac-b168-7cedfbb497c0	chr12	124858059	129077492	3	2	1
1e3986d0-3fea-52ac-b168-7cedfbb497c0	chr12	129078404	133201603	2	2	0
1e3986d0-3fea-52ac-b168-7cedfbb497c0	chr13	18452809	48332359	2	2	0
1e3986d0-3fea-52ac-b168-7cedfbb497c0	chr13	48332821	48391954	0	0	0
1e3986d0-3fea-52ac-b168-7cedfbb497c0	chr13	48397386	48669532	2	2	0
1e3986d0-3fea-52ac-b168-7cedfbb497c0	chr13	48676861	48865045	0	0	0
1e3986d0-3fea-52ac-b168-7cedfbb497c0	chr13	48868401	49045206	2	2	0
1e3986d0-3fea-52ac-b168-7cedfbb497c0	chr13	49047755	49264235	1	1	0
1e3986d0-3fea-52ac-b168-7cedfbb497c0	chr13	49266292	89969796	2	2	0
1e3986d0-3fea-52ac-b168-7cedfbb497c0	chr13	89970201	90001705	6	4	2
1e3986d0-3fea-52ac-b168-7cedfbb497c0	chr13	90004682	90598537	2	2	0
1e3986d0-3fea-52ac-b168-7cedfbb497c0	chr13	90600754	91181169	4	2	2
1e3986d0-3fea-52ac-b168-7cedfbb497c0	chr13	91182797	91297130	3	2	1
1e3986d0-3fea-52ac-b168-7cedfbb497c0	chr13	91297190	92238420	2	2	0
1e3986d0-3fea-52ac-b168-7cedfbb497c0	chr13	92239205	92573732	4	2	2
1e3986d0-3fea-52ac-b168-7cedfbb497c0	chr13	92579448	92888404	5	4	1
1e3986d0-3fea-52ac-b168-7cedfbb497c0	chr13	92892935	92935295	0	0	0
1e3986d0-3fea-52ac-b168-7cedfbb497c0	chr13	92939988	93005549	4	3	1
1e3986d0-3fea-52ac-b168-7cedfbb497c0	chr13	93009982	93061183	8	4	4
1e3986d0-3fea-52ac-b168-7cedfbb497c0	chr13	93065151	93146119	1	1	0
1e3986d0-3fea-52ac-b168-7cedfbb497c0	chr13	93147502	93517332	3	3	0
1e3986d0-3fea-52ac-b168-7cedfbb497c0	chr13	93517389	93641257	7	5	2
1e3986d0-3fea-52ac-b168-7cedfbb497c0	chr13	93641423	93726806	2	2	0
1e3986d0-3fea-52ac-b168-7cedfbb497c0	chr13	93727108	93858741	0	0	0
1e3986d0-3fea-52ac-b168-7cedfbb497c0	chr13	93858812	93937002	2	2	0
1e3986d0-3fea-52ac-b168-7cedfbb497c0	chr13	93941663	93978849	0	0	0
1e3986d0-3fea-52ac-b168-7cedfbb497c0	chr13	93980567	94344273	5	5	0
1e3986d0-3fea-52ac-b168-7cedfbb497c0	chr13	94344380	94414414	0	0	0
1e3986d0-3fea-52ac-b168-7cedfbb497c0	chr13	94416882	95141617	6	6	0
1e3986d0-3fea-52ac-b168-7cedfbb497c0	chr13	95141953	97278986	8	7	1
1e3986d0-3fea-52ac-b168-7cedfbb497c0	chr13	97279310	101519782	6	6	0
1e3986d0-3fea-52ac-b168-7cedfbb497c0	chr13	101522823	102871083	9	7	2
1e3986d0-3fea-52ac-b168-7cedfbb497c0	chr13	102871450	104912762	7	5	2
1e3986d0-3fea-52ac-b168-7cedfbb497c0	chr13	104912939	105884941	9	7	2
1e3986d0-3fea-52ac-b168-7cedfbb497c0	chr13	105892813	105995229	2	2	0
1e3986d0-3fea-52ac-b168-7cedfbb497c0	chr13	105995408	107662433	1	1	0
1e3986d0-3fea-52ac-b168-7cedfbb497c0	chr13	107665355	107799422	3	2	1
1e3986d0-3fea-52ac-b168-7cedfbb497c0	chr13	107805283	107851521	0	0	0
1e3986d0-3fea-52ac-b168-7cedfbb497c0	chr13	107851600	107907742	1	1	0
1e3986d0-3fea-52ac-b168-7cedfbb497c0	chr13	107917198	108445025	0	0	0
1e3986d0-3fea-52ac-b168-7cedfbb497c0	chr13	108446556	108509845	1	1	0
1e3986d0-3fea-52ac-b168-7cedfbb497c0	chr13	108516762	108607048	0	0	0
1e3986d0-3fea-52ac-b168-7cedfbb497c0	chr13	108610851	109144370	2	2	0
1e3986d0-3fea-52ac-b168-7cedfbb497c0	chr13	109144444	109170762	6	6	0
1e3986d0-3fea-52ac-b168-7cedfbb497c0	chr13	109171271	109225610	0	0	0
1e3986d0-3fea-52ac-b168-7cedfbb497c0	chr13	109225715	114342922	6	6	0
1e3986d0-3fea-52ac-b168-7cedfbb497c0	chr14	18239283	20198925	2	2	0
1e3986d0-3fea-52ac-b168-7cedfbb497c0	chr14	20199554	21084898	3	2	1
1e3986d0-3fea-52ac-b168-7cedfbb497c0	chr14	21086084	24890014	4	2	2
1e3986d0-3fea-52ac-b168-7cedfbb497c0	chr14	24891853	24895096	2	1	1
1e3986d0-3fea-52ac-b168-7cedfbb497c0	chr14	24895226	28651766	5	3	2
1e3986d0-3fea-52ac-b168-7cedfbb497c0	chr14	28651811	40437752	4	3	1
1e3986d0-3fea-52ac-b168-7cedfbb497c0	chr14	40440504	49256738	5	3	2
1e3986d0-3fea-52ac-b168-7cedfbb497c0	chr14	49257610	52909159	3	2	1
1e3986d0-3fea-52ac-b168-7cedfbb497c0	chr14	52909618	67774212	5	3	2
1e3986d0-3fea-52ac-b168-7cedfbb497c0	chr14	67774544	68540782	4	3	1
1e3986d0-3fea-52ac-b168-7cedfbb497c0	chr14	68541645	82681613	5	3	2
1e3986d0-3fea-52ac-b168-7cedfbb497c0	chr14	82681906	84253000	6	3	3
1e3986d0-3fea-52ac-b168-7cedfbb497c0	chr14	84258782	93993420	5	3	2
1e3986d0-3fea-52ac-b168-7cedfbb497c0	chr14	93993499	94384277	4	3	1
1e3986d0-3fea-52ac-b168-7cedfbb497c0	chr14	94384910	101502959	5	3	2
1e3986d0-3fea-52ac-b168-7cedfbb497c0	chr14	101504179	101624585	6	3	3
1e3986d0-3fea-52ac-b168-7cedfbb497c0	chr14	101624607	104051342	4	2	2
1e3986d0-3fea-52ac-b168-7cedfbb497c0	chr14	104051892	104202489	6	4	2
1e3986d0-3fea-52ac-b168-7cedfbb497c0	chr14	104206884	106456683	5	3	2
1e3986d0-3fea-52ac-b168-7cedfbb497c0	chr14	106456712	106877229	3	2	1
1e3986d0-3fea-52ac-b168-7cedfbb497c0	chr15	19811075	23501249	3	2	1
1e3986d0-3fea-52ac-b168-7cedfbb497c0	chr15	23501622	29976352	2	1	1
1e3986d0-3fea-52ac-b168-7cedfbb497c0	chr15	29976396	31091420	2	2	0
1e3986d0-3fea-52ac-b168-7cedfbb497c0	chr15	31091897	50353473	2	1	1
1e3986d0-3fea-52ac-b168-7cedfbb497c0	chr15	50356514	59367674	3	2	1
1e3986d0-3fea-52ac-b168-7cedfbb497c0	chr15	59369205	60616785	4	3	1
1e3986d0-3fea-52ac-b168-7cedfbb497c0	chr15	60618024	62333989	3	2	1
1e3986d0-3fea-52ac-b168-7cedfbb497c0	chr15	62334034	66202430	3	3	0
1e3986d0-3fea-52ac-b168-7cedfbb497c0	chr15	66203052	85326428	3	2	1
1e3986d0-3fea-52ac-b168-7cedfbb497c0	chr15	85326581	101928837	4	2	2
1e3986d0-3fea-52ac-b168-7cedfbb497c0	chr16	10777	31931595	2	1	1
1e3986d0-3fea-52ac-b168-7cedfbb497c0	chr16	31931814	36048855	2	2	0
1e3986d0-3fea-52ac-b168-7cedfbb497c0	chr16	46441986	89160103	2	1	1
1e3986d0-3fea-52ac-b168-7cedfbb497c0	chr16	89162286	90096867	1	1	0
1e3986d0-3fea-52ac-b168-7cedfbb497c0	chr17	150733	4053830	4	2	2
1e3986d0-3fea-52ac-b168-7cedfbb497c0	chr17	4054086	4148824	3	3	0
1e3986d0-3fea-52ac-b168-7cedfbb497c0	chr17	4152480	14033343	2	2	0
1e3986d0-3fea-52ac-b168-7cedfbb497c0	chr17	14042341	17475953	4	2	2
1e3986d0-3fea-52ac-b168-7cedfbb497c0	chr17	17476068	18170282	4	3	1
1e3986d0-3fea-52ac-b168-7cedfbb497c0	chr17	18170296	26943491	4	2	2
1e3986d0-3fea-52ac-b168-7cedfbb497c0	chr17	26943774	43189750	2	2	0
1e3986d0-3fea-52ac-b168-7cedfbb497c0	chr17	43189967	82159344	3	2	1
1e3986d0-3fea-52ac-b168-7cedfbb497c0	chr17	82159459	83091923	2	1	1
1e3986d0-3fea-52ac-b168-7cedfbb497c0	chr18	48133	14144778	2	1	1
1e3986d0-3fea-52ac-b168-7cedfbb497c0	chr18	14144901	35038275	3	2	1
1e3986d0-3fea-52ac-b168-7cedfbb497c0	chr18	35042230	36659132	4	2	2
1e3986d0-3fea-52ac-b168-7cedfbb497c0	chr18	36659444	37629693	6	4	2
1e3986d0-3fea-52ac-b168-7cedfbb497c0	chr18	37632071	41729793	5	3	2
1e3986d0-3fea-52ac-b168-7cedfbb497c0	chr18	41731552	50418884	4	2	2
1e3986d0-3fea-52ac-b168-7cedfbb497c0	chr18	50419258	54830009	5	4	1
1e3986d0-3fea-52ac-b168-7cedfbb497c0	chr18	54831545	80257174	4	2	2
1e3986d0-3fea-52ac-b168-7cedfbb497c0	chr19	90910	16834839	2	2	0
1e3986d0-3fea-52ac-b168-7cedfbb497c0	chr19	16835615	17229591	1	1	0
1e3986d0-3fea-52ac-b168-7cedfbb497c0	chr19	17229683	22544487	2	2	0
1e3986d0-3fea-52ac-b168-7cedfbb497c0	chr19	22545362	24324365	1	1	0
1e3986d0-3fea-52ac-b168-7cedfbb497c0	chr19	24324370	51394474	2	2	0
1e3986d0-3fea-52ac-b168-7cedfbb497c0	chr19	51395497	52663198	3	2	1
1e3986d0-3fea-52ac-b168-7cedfbb497c0	chr19	52667381	58586487	2	2	0
1e3986d0-3fea-52ac-b168-7cedfbb497c0	chr20	80664	1276250	1	1	0
1e3986d0-3fea-52ac-b168-7cedfbb497c0	chr20	1277487	6126628	2	2	0
1e3986d0-3fea-52ac-b168-7cedfbb497c0	chr20	6126843	10465893	3	3	0
1e3986d0-3fea-52ac-b168-7cedfbb497c0	chr20	10469958	19120072	2	2	0
1e3986d0-3fea-52ac-b168-7cedfbb497c0	chr20	19121778	23108210	1	1	0
1e3986d0-3fea-52ac-b168-7cedfbb497c0	chr20	23109111	23119543	3	2	1
1e3986d0-3fea-52ac-b168-7cedfbb497c0	chr20	23119565	26324943	1	1	0
1e3986d0-3fea-52ac-b168-7cedfbb497c0	chr20	30185676	54028329	3	2	1
1e3986d0-3fea-52ac-b168-7cedfbb497c0	chr20	54031269	54059965	0	0	0
1e3986d0-3fea-52ac-b168-7cedfbb497c0	chr20	54061069	64324800	3	2	1
1e3986d0-3fea-52ac-b168-7cedfbb497c0	chr21	12973348	18072748	3	2	1
1e3986d0-3fea-52ac-b168-7cedfbb497c0	chr21	18078549	26577260	1	1	0
1e3986d0-3fea-52ac-b168-7cedfbb497c0	chr21	26577788	31769290	3	2	1
1e3986d0-3fea-52ac-b168-7cedfbb497c0	chr21	31775586	36900777	5	3	2
1e3986d0-3fea-52ac-b168-7cedfbb497c0	chr21	36903732	40934138	4	2	2
1e3986d0-3fea-52ac-b168-7cedfbb497c0	chr21	40934171	41247784	4	3	1
1e3986d0-3fea-52ac-b168-7cedfbb497c0	chr21	41247822	42802992	4	2	2
1e3986d0-3fea-52ac-b168-7cedfbb497c0	chr21	42803629	43033459	3	2	1
1e3986d0-3fea-52ac-b168-7cedfbb497c0	chr21	43034042	44469212	4	2	2
1e3986d0-3fea-52ac-b168-7cedfbb497c0	chr21	44471741	44622253	4	3	1
1e3986d0-3fea-52ac-b168-7cedfbb497c0	chr21	44622296	46677045	4	2	2
1e3986d0-3fea-52ac-b168-7cedfbb497c0	chr22	16392123	16479663	4	2	2
1e3986d0-3fea-52ac-b168-7cedfbb497c0	chr22	16538870	17115071	8	6	2
1e3986d0-3fea-52ac-b168-7cedfbb497c0	chr22	17115288	17575540	5	3	2
1e3986d0-3fea-52ac-b168-7cedfbb497c0	chr22	17580125	17915142	9	5	4
1e3986d0-3fea-52ac-b168-7cedfbb497c0	chr22	17915252	20434303	8	4	4
1e3986d0-3fea-52ac-b168-7cedfbb497c0	chr22	20434667	23173438	5	3	2
1e3986d0-3fea-52ac-b168-7cedfbb497c0	chr22	23174595	25260283	3	3	0
1e3986d0-3fea-52ac-b168-7cedfbb497c0	chr22	25262558	25526375	9	6	3
1e3986d0-3fea-52ac-b168-7cedfbb497c0	chr22	25526380	43992086	3	3	0
1e3986d0-3fea-52ac-b168-7cedfbb497c0	chr22	43992116	50796027	1	1	0
1e3986d0-3fea-52ac-b168-7cedfbb497c0	chrX	251810	2450101	3	2	1
1e3986d0-3fea-52ac-b168-7cedfbb497c0	chrX	2452743	2467531	4	2	2
1e3986d0-3fea-52ac-b168-7cedfbb497c0	chrX	2467555	2776199	3	2	1
1e3986d0-3fea-52ac-b168-7cedfbb497c0	chrX	2785350	15420438	2	2	0
1e3986d0-3fea-52ac-b168-7cedfbb497c0	chrX	15424502	21836671	6	6	0
1e3986d0-3fea-52ac-b168-7cedfbb497c0	chrX	21838858	29745154	2	2	0
1e3986d0-3fea-52ac-b168-7cedfbb497c0	chrX	29745337	30089434	5	4	1
1e3986d0-3fea-52ac-b168-7cedfbb497c0	chrX	30090256	32113708	2	2	0
1e3986d0-3fea-52ac-b168-7cedfbb497c0	chrX	32113722	49273001	4	4	0
1e3986d0-3fea-52ac-b168-7cedfbb497c0	chrX	49277158	58523135	3	3	0
1e3986d0-3fea-52ac-b168-7cedfbb497c0	chrX	58534658	102006936	2	2	0
1e3986d0-3fea-52ac-b168-7cedfbb497c0	chrX	102007590	102030833	3	3	0
1e3986d0-3fea-52ac-b168-7cedfbb497c0	chrX	102030982	109166805	2	2	0
1e3986d0-3fea-52ac-b168-7cedfbb497c0	chrX	109167913	156004181	1	1	0
1e3986d0-3fea-52ac-b168-7cedfbb497c0	chrY	2782397	14931272	2	1	1
1e3986d0-3fea-52ac-b168-7cedfbb497c0	chrY	14937051	26653788	0	0	0
1e3986d0-3fea-52ac-b168-7cedfbb497c0	chrY	56872112	56872112	1	1	0
