GDC_Aliquot	Chromosome	Start	End	Copy_Number	Major_Copy_Number	Minor_Copy_Number
401c5832-fd22-5a6f-94e3-fb074804c86a	chr1	62920	4076005	4	3	1
401c5832-fd22-5a6f-94e3-fb074804c86a	chr1	4076982	4148858	5	3	2
401c5832-fd22-5a6f-94e3-fb074804c86a	chr1	4154768	14586999	4	3	1
401c5832-fd22-5a6f-94e3-fb074804c86a	chr1	14588275	14818670	3	2	1
401c5832-fd22-5a6f-94e3-fb074804c86a	chr1	14818698	38369675	4	3	1
401c5832-fd22-5a6f-94e3-fb074804c86a	chr1	38370514	38583053	5	3	2
401c5832-fd22-5a6f-94e3-fb074804c86a	chr1	38584000	47705620	4	3	1
401c5832-fd22-5a6f-94e3-fb074804c86a	chr1	47706434	47749915	5	3	2
401c5832-fd22-5a6f-94e3-fb074804c86a	chr1	47749938	56656417	4	3	1
401c5832-fd22-5a6f-94e3-fb074804c86a	chr1	56656445	56949128	5	3	2
401c5832-fd22-5a6f-94e3-fb074804c86a	chr1	56952331	71640108	4	3	1
401c5832-fd22-5a6f-94e3-fb074804c86a	chr1	71644484	76210459	6	4	2
401c5832-fd22-5a6f-94e3-fb074804c86a	chr1	76211538	78442546	4	3	1
401c5832-fd22-5a6f-94e3-fb074804c86a	chr1	78442877	78746530	6	4	2
401c5832-fd22-5a6f-94e3-fb074804c86a	chr1	78747230	80548547	4	3	1
401c5832-fd22-5a6f-94e3-fb074804c86a	chr1	80554643	81565887	7	4	3
401c5832-fd22-5a6f-94e3-fb074804c86a	chr1	81565930	82983003	4	3	1
401c5832-fd22-5a6f-94e3-fb074804c86a	chr1	82983405	84067989	5	3	2
401c5832-fd22-5a6f-94e3-fb074804c86a	chr1	84068076	87424139	7	4	3
401c5832-fd22-5a6f-94e3-fb074804c86a	chr1	87426689	88378268	4	3	1
401c5832-fd22-5a6f-94e3-fb074804c86a	chr1	88379811	90736700	5	3	2
401c5832-fd22-5a6f-94e3-fb074804c86a	chr1	90736823	111230978	4	3	1
401c5832-fd22-5a6f-94e3-fb074804c86a	chr1	111231208	118477995	3	2	1
401c5832-fd22-5a6f-94e3-fb074804c86a	chr1	118480405	121705338	5	3	2
401c5832-fd22-5a6f-94e3-fb074804c86a	chr1	143541857	147668252	12	11	1
401c5832-fd22-5a6f-94e3-fb074804c86a	chr1	147668334	148270328	10	9	1
401c5832-fd22-5a6f-94e3-fb074804c86a	chr1	148270914	148341439	4	3	1
401c5832-fd22-5a6f-94e3-fb074804c86a	chr1	148342566	148357098	4	4	0
401c5832-fd22-5a6f-94e3-fb074804c86a	chr1	148359050	151782846	10	9	1
401c5832-fd22-5a6f-94e3-fb074804c86a	chr1	151789185	152575425	14	13	1
401c5832-fd22-5a6f-94e3-fb074804c86a	chr1	152575461	152761914	7	6	1
401c5832-fd22-5a6f-94e3-fb074804c86a	chr1	152761983	153091014	8	7	1
401c5832-fd22-5a6f-94e3-fb074804c86a	chr1	153091526	153983915	6	5	1
401c5832-fd22-5a6f-94e3-fb074804c86a	chr1	153994184	154162236	1	1	0
401c5832-fd22-5a6f-94e3-fb074804c86a	chr1	154163290	154218095	9	7	2
401c5832-fd22-5a6f-94e3-fb074804c86a	chr1	154218769	154453621	9	8	1
401c5832-fd22-5a6f-94e3-fb074804c86a	chr1	154453788	155585962	3	2	1
401c5832-fd22-5a6f-94e3-fb074804c86a	chr1	155586425	156375701	1	1	0
401c5832-fd22-5a6f-94e3-fb074804c86a	chr1	156379643	156453066	2	1	1
401c5832-fd22-5a6f-94e3-fb074804c86a	chr1	156455196	156745821	1	1	0
401c5832-fd22-5a6f-94e3-fb074804c86a	chr1	156753468	156932125	3	2	1
401c5832-fd22-5a6f-94e3-fb074804c86a	chr1	156932430	156977276	8	7	1
401c5832-fd22-5a6f-94e3-fb074804c86a	chr1	156979088	157107513	13	12	1
401c5832-fd22-5a6f-94e3-fb074804c86a	chr1	157110875	157228147	4	3	1
401c5832-fd22-5a6f-94e3-fb074804c86a	chr1	157228584	157270665	7	5	2
401c5832-fd22-5a6f-94e3-fb074804c86a	chr1	157271131	157750727	3	2	1
401c5832-fd22-5a6f-94e3-fb074804c86a	chr1	157752020	158427806	1	1	0
401c5832-fd22-5a6f-94e3-fb074804c86a	chr1	158437089	158566574	6	5	1
401c5832-fd22-5a6f-94e3-fb074804c86a	chr1	158568873	182695755	2	1	1
401c5832-fd22-5a6f-94e3-fb074804c86a	chr1	182699304	190589190	3	2	1
401c5832-fd22-5a6f-94e3-fb074804c86a	chr1	190589622	248930189	2	1	1
401c5832-fd22-5a6f-94e3-fb074804c86a	chr2	12784	457320	3	2	1
401c5832-fd22-5a6f-94e3-fb074804c86a	chr2	462187	854520	4	2	2
401c5832-fd22-5a6f-94e3-fb074804c86a	chr2	861757	3464424	3	2	1
401c5832-fd22-5a6f-94e3-fb074804c86a	chr2	3464574	6855655	2	2	0
401c5832-fd22-5a6f-94e3-fb074804c86a	chr2	6856341	7751345	3	2	1
401c5832-fd22-5a6f-94e3-fb074804c86a	chr2	7752183	7869862	4	2	2
401c5832-fd22-5a6f-94e3-fb074804c86a	chr2	7874121	11035664	3	2	1
401c5832-fd22-5a6f-94e3-fb074804c86a	chr2	11041364	13479886	4	2	2
401c5832-fd22-5a6f-94e3-fb074804c86a	chr2	13480160	19252552	3	2	1
401c5832-fd22-5a6f-94e3-fb074804c86a	chr2	19252700	19305423	4	2	2
401c5832-fd22-5a6f-94e3-fb074804c86a	chr2	19316259	19675151	3	2	1
401c5832-fd22-5a6f-94e3-fb074804c86a	chr2	19676365	19715839	4	2	2
401c5832-fd22-5a6f-94e3-fb074804c86a	chr2	19716664	22752221	3	2	1
401c5832-fd22-5a6f-94e3-fb074804c86a	chr2	22752734	31857443	4	2	2
401c5832-fd22-5a6f-94e3-fb074804c86a	chr2	31859044	78069019	3	2	1
401c5832-fd22-5a6f-94e3-fb074804c86a	chr2	78073872	79475930	4	2	2
401c5832-fd22-5a6f-94e3-fb074804c86a	chr2	79476258	79926534	5	3	2
401c5832-fd22-5a6f-94e3-fb074804c86a	chr2	79926820	81819191	4	2	2
401c5832-fd22-5a6f-94e3-fb074804c86a	chr2	81819386	82122387	5	3	2
401c5832-fd22-5a6f-94e3-fb074804c86a	chr2	82124080	86260982	4	2	2
401c5832-fd22-5a6f-94e3-fb074804c86a	chr2	86262707	88810233	3	2	1
401c5832-fd22-5a6f-94e3-fb074804c86a	chr2	88810258	111985456	4	2	2
401c5832-fd22-5a6f-94e3-fb074804c86a	chr2	111986340	124775229	3	2	1
401c5832-fd22-5a6f-94e3-fb074804c86a	chr2	124775370	126011086	4	2	2
401c5832-fd22-5a6f-94e3-fb074804c86a	chr2	126011275	127526299	3	2	1
401c5832-fd22-5a6f-94e3-fb074804c86a	chr2	127527930	205628534	4	2	2
401c5832-fd22-5a6f-94e3-fb074804c86a	chr2	205630990	205679631	5	3	2
401c5832-fd22-5a6f-94e3-fb074804c86a	chr2	205679941	237557757	4	2	2
401c5832-fd22-5a6f-94e3-fb074804c86a	chr2	237558757	242147305	3	2	1
401c5832-fd22-5a6f-94e3-fb074804c86a	chr3	20930	60503762	2	2	0
401c5832-fd22-5a6f-94e3-fb074804c86a	chr3	60505370	60596073	0	0	0
401c5832-fd22-5a6f-94e3-fb074804c86a	chr3	60600589	77812391	2	2	0
401c5832-fd22-5a6f-94e3-fb074804c86a	chr3	77815241	78278441	6	5	1
401c5832-fd22-5a6f-94e3-fb074804c86a	chr3	78279171	83314722	2	2	0
401c5832-fd22-5a6f-94e3-fb074804c86a	chr3	83315828	83642587	4	3	1
401c5832-fd22-5a6f-94e3-fb074804c86a	chr3	83643959	88800934	2	2	0
401c5832-fd22-5a6f-94e3-fb074804c86a	chr3	88803282	90453712	5	3	2
401c5832-fd22-5a6f-94e3-fb074804c86a	chr3	93800634	97840498	3	2	1
401c5832-fd22-5a6f-94e3-fb074804c86a	chr3	97840745	101267814	2	1	1
401c5832-fd22-5a6f-94e3-fb074804c86a	chr3	101277044	102836823	3	2	1
401c5832-fd22-5a6f-94e3-fb074804c86a	chr3	102846478	102940124	2	1	1
401c5832-fd22-5a6f-94e3-fb074804c86a	chr3	102950325	103749279	7	6	1
401c5832-fd22-5a6f-94e3-fb074804c86a	chr3	103749469	104040528	5	4	1
401c5832-fd22-5a6f-94e3-fb074804c86a	chr3	104040996	104536438	3	2	1
401c5832-fd22-5a6f-94e3-fb074804c86a	chr3	104536497	111412665	2	1	1
401c5832-fd22-5a6f-94e3-fb074804c86a	chr3	111412692	116429360	3	2	1
401c5832-fd22-5a6f-94e3-fb074804c86a	chr3	116429669	116597894	1	1	0
401c5832-fd22-5a6f-94e3-fb074804c86a	chr3	116600063	117224163	0	0	0
401c5832-fd22-5a6f-94e3-fb074804c86a	chr3	117226233	117347522	1	1	0
401c5832-fd22-5a6f-94e3-fb074804c86a	chr3	117347799	187400908	3	2	1
401c5832-fd22-5a6f-94e3-fb074804c86a	chr3	187403845	189856658	4	3	1
401c5832-fd22-5a6f-94e3-fb074804c86a	chr3	189861013	198169247	3	2	1
401c5832-fd22-5a6f-94e3-fb074804c86a	chr4	68929	36629688	4	2	2
401c5832-fd22-5a6f-94e3-fb074804c86a	chr4	36629753	37864340	5	3	2
401c5832-fd22-5a6f-94e3-fb074804c86a	chr4	37865044	49654578	4	2	2
401c5832-fd22-5a6f-94e3-fb074804c86a	chr4	49656206	56839804	5	3	2
401c5832-fd22-5a6f-94e3-fb074804c86a	chr4	56839833	57580022	7	5	2
401c5832-fd22-5a6f-94e3-fb074804c86a	chr4	57581026	59645389	3	2	1
401c5832-fd22-5a6f-94e3-fb074804c86a	chr4	59645633	61186449	4	3	1
401c5832-fd22-5a6f-94e3-fb074804c86a	chr4	61186738	120308878	3	2	1
401c5832-fd22-5a6f-94e3-fb074804c86a	chr4	120311215	120401954	4	3	1
401c5832-fd22-5a6f-94e3-fb074804c86a	chr4	120403640	175940179	3	2	1
401c5832-fd22-5a6f-94e3-fb074804c86a	chr4	175941044	178120900	4	3	1
401c5832-fd22-5a6f-94e3-fb074804c86a	chr4	178131354	179151708	3	2	1
401c5832-fd22-5a6f-94e3-fb074804c86a	chr4	179151771	180371226	4	2	2
401c5832-fd22-5a6f-94e3-fb074804c86a	chr4	180371753	180570069	5	3	2
401c5832-fd22-5a6f-94e3-fb074804c86a	chr4	180570476	181773959	4	2	2
401c5832-fd22-5a6f-94e3-fb074804c86a	chr4	181779779	186703758	3	2	1
401c5832-fd22-5a6f-94e3-fb074804c86a	chr4	186707244	187313758	6	5	1
401c5832-fd22-5a6f-94e3-fb074804c86a	chr4	187316040	187353083	4	3	1
401c5832-fd22-5a6f-94e3-fb074804c86a	chr4	187353621	190106768	3	2	1
401c5832-fd22-5a6f-94e3-fb074804c86a	chr5	15532	15345729	3	2	1
401c5832-fd22-5a6f-94e3-fb074804c86a	chr5	15353833	16923734	4	2	2
401c5832-fd22-5a6f-94e3-fb074804c86a	chr5	16924107	23620472	3	2	1
401c5832-fd22-5a6f-94e3-fb074804c86a	chr5	23620632	23923518	6	4	2
401c5832-fd22-5a6f-94e3-fb074804c86a	chr5	23923553	29486042	3	2	1
401c5832-fd22-5a6f-94e3-fb074804c86a	chr5	29490389	46161516	4	2	2
401c5832-fd22-5a6f-94e3-fb074804c86a	chr5	46161707	50481724	2	1	1
401c5832-fd22-5a6f-94e3-fb074804c86a	chr5	50482874	54630461	2	2	0
401c5832-fd22-5a6f-94e3-fb074804c86a	chr5	54631682	54686471	3	3	0
401c5832-fd22-5a6f-94e3-fb074804c86a	chr5	54686896	113741430	2	2	0
401c5832-fd22-5a6f-94e3-fb074804c86a	chr5	113742638	113861449	0	0	0
401c5832-fd22-5a6f-94e3-fb074804c86a	chr5	113862383	181363319	2	2	0
401c5832-fd22-5a6f-94e3-fb074804c86a	chr6	149661	29702796	4	2	2
401c5832-fd22-5a6f-94e3-fb074804c86a	chr6	29702875	29739530	3	2	1
401c5832-fd22-5a6f-94e3-fb074804c86a	chr6	29740445	44752113	4	2	2
401c5832-fd22-5a6f-94e3-fb074804c86a	chr6	44762440	44925627	5	3	2
401c5832-fd22-5a6f-94e3-fb074804c86a	chr6	44931033	49178669	4	2	2
401c5832-fd22-5a6f-94e3-fb074804c86a	chr6	49178956	49811278	5	3	2
401c5832-fd22-5a6f-94e3-fb074804c86a	chr6	49811333	60630553	4	2	2
401c5832-fd22-5a6f-94e3-fb074804c86a	chr6	60635865	65887493	2	2	0
401c5832-fd22-5a6f-94e3-fb074804c86a	chr6	65888301	65961329	4	3	1
401c5832-fd22-5a6f-94e3-fb074804c86a	chr6	65962046	111604272	2	2	0
401c5832-fd22-5a6f-94e3-fb074804c86a	chr6	111610265	111953377	9	7	2
401c5832-fd22-5a6f-94e3-fb074804c86a	chr6	111956878	112134167	6	4	2
401c5832-fd22-5a6f-94e3-fb074804c86a	chr6	112135228	112227820	10	8	2
401c5832-fd22-5a6f-94e3-fb074804c86a	chr6	112244868	112520206	2	2	0
401c5832-fd22-5a6f-94e3-fb074804c86a	chr6	112524523	112588918	9	7	2
401c5832-fd22-5a6f-94e3-fb074804c86a	chr6	112591729	116540720	2	2	0
401c5832-fd22-5a6f-94e3-fb074804c86a	chr6	116540829	117563314	9	7	2
401c5832-fd22-5a6f-94e3-fb074804c86a	chr6	117571941	119368594	2	2	0
401c5832-fd22-5a6f-94e3-fb074804c86a	chr6	119377763	119459647	10	10	0
401c5832-fd22-5a6f-94e3-fb074804c86a	chr6	119461835	128135292	2	2	0
401c5832-fd22-5a6f-94e3-fb074804c86a	chr6	128138119	130828276	3	2	1
401c5832-fd22-5a6f-94e3-fb074804c86a	chr6	130828738	136246199	4	2	2
401c5832-fd22-5a6f-94e3-fb074804c86a	chr6	136247778	136697008	2	1	1
401c5832-fd22-5a6f-94e3-fb074804c86a	chr6	136697325	136738789	5	3	2
401c5832-fd22-5a6f-94e3-fb074804c86a	chr6	136738812	170741917	4	2	2
401c5832-fd22-5a6f-94e3-fb074804c86a	chr7	43259	9304594	4	3	1
401c5832-fd22-5a6f-94e3-fb074804c86a	chr7	9309420	9443019	6	4	2
401c5832-fd22-5a6f-94e3-fb074804c86a	chr7	9444866	10024876	4	3	1
401c5832-fd22-5a6f-94e3-fb074804c86a	chr7	10025107	10105542	5	3	2
401c5832-fd22-5a6f-94e3-fb074804c86a	chr7	10112903	26744448	4	3	1
401c5832-fd22-5a6f-94e3-fb074804c86a	chr7	26746133	27064882	5	3	2
401c5832-fd22-5a6f-94e3-fb074804c86a	chr7	27066023	62553947	4	3	1
401c5832-fd22-5a6f-94e3-fb074804c86a	chr7	62553949	146956311	3	2	1
401c5832-fd22-5a6f-94e3-fb074804c86a	chr7	146958017	146989764	1	1	0
401c5832-fd22-5a6f-94e3-fb074804c86a	chr7	146990296	147513844	0	0	0
401c5832-fd22-5a6f-94e3-fb074804c86a	chr7	147514222	147570436	1	1	0
401c5832-fd22-5a6f-94e3-fb074804c86a	chr7	147570516	159334314	3	2	1
401c5832-fd22-5a6f-94e3-fb074804c86a	chr8	81254	2510087	2	2	0
401c5832-fd22-5a6f-94e3-fb074804c86a	chr8	2510764	30915824	1	1	0
401c5832-fd22-5a6f-94e3-fb074804c86a	chr8	30917814	43375106	2	2	0
401c5832-fd22-5a6f-94e3-fb074804c86a	chr8	43381256	43931659	1	1	0
401c5832-fd22-5a6f-94e3-fb074804c86a	chr8	45951913	52750038	4	2	2
401c5832-fd22-5a6f-94e3-fb074804c86a	chr8	52753085	54765222	3	2	1
401c5832-fd22-5a6f-94e3-fb074804c86a	chr8	54765874	55072805	4	2	2
401c5832-fd22-5a6f-94e3-fb074804c86a	chr8	55074281	57717453	3	2	1
401c5832-fd22-5a6f-94e3-fb074804c86a	chr8	57718792	58386587	4	2	2
401c5832-fd22-5a6f-94e3-fb074804c86a	chr8	58390018	61442575	3	2	1
401c5832-fd22-5a6f-94e3-fb074804c86a	chr8	61445041	62008577	4	3	1
401c5832-fd22-5a6f-94e3-fb074804c86a	chr8	62009096	69206106	3	2	1
401c5832-fd22-5a6f-94e3-fb074804c86a	chr8	69208886	69330571	4	2	2
401c5832-fd22-5a6f-94e3-fb074804c86a	chr8	69332063	69904597	3	2	1
401c5832-fd22-5a6f-94e3-fb074804c86a	chr8	69905777	72710031	4	2	2
401c5832-fd22-5a6f-94e3-fb074804c86a	chr8	72710571	73480226	5	3	2
401c5832-fd22-5a6f-94e3-fb074804c86a	chr8	73480255	76515484	4	2	2
401c5832-fd22-5a6f-94e3-fb074804c86a	chr8	76517238	77477303	10	8	2
401c5832-fd22-5a6f-94e3-fb074804c86a	chr8	77477985	79100499	5	3	2
401c5832-fd22-5a6f-94e3-fb074804c86a	chr8	79113568	82061379	6	4	2
401c5832-fd22-5a6f-94e3-fb074804c86a	chr8	82062002	83516726	5	3	2
401c5832-fd22-5a6f-94e3-fb074804c86a	chr8	83517283	92476038	4	2	2
401c5832-fd22-5a6f-94e3-fb074804c86a	chr8	92476788	92589298	5	3	2
401c5832-fd22-5a6f-94e3-fb074804c86a	chr8	92589504	93425287	6	4	2
401c5832-fd22-5a6f-94e3-fb074804c86a	chr8	93427468	102016061	5	3	2
401c5832-fd22-5a6f-94e3-fb074804c86a	chr8	102016171	103705390	6	4	2
401c5832-fd22-5a6f-94e3-fb074804c86a	chr8	103705643	104384105	7	5	2
401c5832-fd22-5a6f-94e3-fb074804c86a	chr8	104384205	105333624	6	4	2
401c5832-fd22-5a6f-94e3-fb074804c86a	chr8	105336577	105424732	4	2	2
401c5832-fd22-5a6f-94e3-fb074804c86a	chr8	105425750	105601128	5	3	2
401c5832-fd22-5a6f-94e3-fb074804c86a	chr8	105604522	107703547	4	2	2
401c5832-fd22-5a6f-94e3-fb074804c86a	chr8	107704042	108461552	5	3	2
401c5832-fd22-5a6f-94e3-fb074804c86a	chr8	108465017	111672773	7	5	2
401c5832-fd22-5a6f-94e3-fb074804c86a	chr8	111680946	111866869	11	9	2
401c5832-fd22-5a6f-94e3-fb074804c86a	chr8	111868698	114480261	5	3	2
401c5832-fd22-5a6f-94e3-fb074804c86a	chr8	114486770	114560480	8	4	4
401c5832-fd22-5a6f-94e3-fb074804c86a	chr8	114560782	114868212	5	3	2
401c5832-fd22-5a6f-94e3-fb074804c86a	chr8	114868722	117388423	4	2	2
401c5832-fd22-5a6f-94e3-fb074804c86a	chr8	117389203	117979911	5	3	2
401c5832-fd22-5a6f-94e3-fb074804c86a	chr8	117983811	118498876	4	2	2
401c5832-fd22-5a6f-94e3-fb074804c86a	chr8	118499984	118702406	6	4	2
401c5832-fd22-5a6f-94e3-fb074804c86a	chr8	118705606	122380096	6	3	3
401c5832-fd22-5a6f-94e3-fb074804c86a	chr8	122388168	123681574	4	2	2
401c5832-fd22-5a6f-94e3-fb074804c86a	chr8	123682831	124719507	5	3	2
401c5832-fd22-5a6f-94e3-fb074804c86a	chr8	124720616	135282417	4	2	2
401c5832-fd22-5a6f-94e3-fb074804c86a	chr8	135282444	140734765	5	3	2
401c5832-fd22-5a6f-94e3-fb074804c86a	chr8	140736356	143690674	5	4	1
401c5832-fd22-5a6f-94e3-fb074804c86a	chr8	143691919	145072769	4	3	1
401c5832-fd22-5a6f-94e3-fb074804c86a	chr9	46587	34617766	3	2	1
401c5832-fd22-5a6f-94e3-fb074804c86a	chr9	34619400	41741113	4	2	2
401c5832-fd22-5a6f-94e3-fb074804c86a	chr9	60863881	87554504	3	2	1
401c5832-fd22-5a6f-94e3-fb074804c86a	chr9	87554625	89612434	4	2	2
401c5832-fd22-5a6f-94e3-fb074804c86a	chr9	89613596	90613675	3	2	1
401c5832-fd22-5a6f-94e3-fb074804c86a	chr9	90615719	91327435	4	2	2
401c5832-fd22-5a6f-94e3-fb074804c86a	chr9	91327989	93499668	3	2	1
401c5832-fd22-5a6f-94e3-fb074804c86a	chr9	93504516	96772474	4	2	2
401c5832-fd22-5a6f-94e3-fb074804c86a	chr9	96772789	97834948	3	2	1
401c5832-fd22-5a6f-94e3-fb074804c86a	chr9	97836671	99930762	4	2	2
401c5832-fd22-5a6f-94e3-fb074804c86a	chr9	99932995	116159491	3	2	1
401c5832-fd22-5a6f-94e3-fb074804c86a	chr9	116163832	116209107	4	2	2
401c5832-fd22-5a6f-94e3-fb074804c86a	chr9	116210576	116372164	3	2	1
401c5832-fd22-5a6f-94e3-fb074804c86a	chr9	116372596	124703545	4	2	2
401c5832-fd22-5a6f-94e3-fb074804c86a	chr9	124706474	129860796	3	2	1
401c5832-fd22-5a6f-94e3-fb074804c86a	chr9	129865444	129904873	4	3	1
401c5832-fd22-5a6f-94e3-fb074804c86a	chr9	129905061	130585468	3	2	1
401c5832-fd22-5a6f-94e3-fb074804c86a	chr9	130585709	130769757	5	3	2
401c5832-fd22-5a6f-94e3-fb074804c86a	chr9	130770618	138200944	3	2	1
401c5832-fd22-5a6f-94e3-fb074804c86a	chr10	45792	14738346	3	2	1
401c5832-fd22-5a6f-94e3-fb074804c86a	chr10	14738740	14740161	4	3	1
401c5832-fd22-5a6f-94e3-fb074804c86a	chr10	14742087	16368277	3	2	1
401c5832-fd22-5a6f-94e3-fb074804c86a	chr10	16369684	16737654	2	1	1
401c5832-fd22-5a6f-94e3-fb074804c86a	chr10	16737882	18833044	3	2	1
401c5832-fd22-5a6f-94e3-fb074804c86a	chr10	18833087	22095114	2	1	1
401c5832-fd22-5a6f-94e3-fb074804c86a	chr10	22095510	26443842	3	2	1
401c5832-fd22-5a6f-94e3-fb074804c86a	chr10	26443919	55330748	2	1	1
401c5832-fd22-5a6f-94e3-fb074804c86a	chr10	55331196	68595180	3	2	1
401c5832-fd22-5a6f-94e3-fb074804c86a	chr10	68596398	70685471	2	2	0
401c5832-fd22-5a6f-94e3-fb074804c86a	chr10	70693130	70741554	5	5	0
401c5832-fd22-5a6f-94e3-fb074804c86a	chr10	70741603	79210920	2	2	0
401c5832-fd22-5a6f-94e3-fb074804c86a	chr10	79210953	81856533	1	1	0
401c5832-fd22-5a6f-94e3-fb074804c86a	chr10	81857395	85493806	2	2	0
401c5832-fd22-5a6f-94e3-fb074804c86a	chr10	85494469	92686892	1	1	0
401c5832-fd22-5a6f-94e3-fb074804c86a	chr10	92688488	94807629	2	2	0
401c5832-fd22-5a6f-94e3-fb074804c86a	chr10	94821337	99424805	1	1	0
401c5832-fd22-5a6f-94e3-fb074804c86a	chr10	99425849	102920605	2	2	0
401c5832-fd22-5a6f-94e3-fb074804c86a	chr10	102920846	103095521	1	1	0
401c5832-fd22-5a6f-94e3-fb074804c86a	chr10	103095913	103722810	2	2	0
401c5832-fd22-5a6f-94e3-fb074804c86a	chr10	103722942	119536106	1	1	0
401c5832-fd22-5a6f-94e3-fb074804c86a	chr10	119545452	121497758	3	3	0
401c5832-fd22-5a6f-94e3-fb074804c86a	chr10	121497787	133242960	1	1	0
401c5832-fd22-5a6f-94e3-fb074804c86a	chr10	133249523	133654968	2	2	0
401c5832-fd22-5a6f-94e3-fb074804c86a	chr11	198510	56743218	3	2	1
401c5832-fd22-5a6f-94e3-fb074804c86a	chr11	56743684	66734498	2	1	1
401c5832-fd22-5a6f-94e3-fb074804c86a	chr11	66735528	78035023	3	2	1
401c5832-fd22-5a6f-94e3-fb074804c86a	chr11	78035072	78058973	2	1	1
401c5832-fd22-5a6f-94e3-fb074804c86a	chr11	78062669	135074876	3	2	1
401c5832-fd22-5a6f-94e3-fb074804c86a	chr12	51460	780472	8	6	2
401c5832-fd22-5a6f-94e3-fb074804c86a	chr12	780736	1425383	7	4	3
401c5832-fd22-5a6f-94e3-fb074804c86a	chr12	1430104	1499976	4	3	1
401c5832-fd22-5a6f-94e3-fb074804c86a	chr12	1501768	1510657	8	8	0
401c5832-fd22-5a6f-94e3-fb074804c86a	chr12	1513649	1614425	4	4	0
401c5832-fd22-5a6f-94e3-fb074804c86a	chr12	1616587	2822286	5	5	0
401c5832-fd22-5a6f-94e3-fb074804c86a	chr12	2822755	3759143	10	10	0
401c5832-fd22-5a6f-94e3-fb074804c86a	chr12	3759340	4460196	7	7	0
401c5832-fd22-5a6f-94e3-fb074804c86a	chr12	4460879	5412394	5	5	0
401c5832-fd22-5a6f-94e3-fb074804c86a	chr12	5416047	5990683	7	7	0
401c5832-fd22-5a6f-94e3-fb074804c86a	chr12	5991445	8241232	5	5	0
401c5832-fd22-5a6f-94e3-fb074804c86a	chr12	8241781	12865847	1	1	0
401c5832-fd22-5a6f-94e3-fb074804c86a	chr12	12866794	12981438	5	5	0
401c5832-fd22-5a6f-94e3-fb074804c86a	chr12	12995557	13058278	1	1	0
401c5832-fd22-5a6f-94e3-fb074804c86a	chr12	13058601	13681081	4	4	0
401c5832-fd22-5a6f-94e3-fb074804c86a	chr12	13681408	13786907	6	6	0
401c5832-fd22-5a6f-94e3-fb074804c86a	chr12	13787149	15256290	9	7	2
401c5832-fd22-5a6f-94e3-fb074804c86a	chr12	15256610	17813475	9	6	3
401c5832-fd22-5a6f-94e3-fb074804c86a	chr12	17813685	19055014	10	7	3
401c5832-fd22-5a6f-94e3-fb074804c86a	chr12	19055464	19406897	9	6	3
401c5832-fd22-5a6f-94e3-fb074804c86a	chr12	19414522	20216137	4	3	1
401c5832-fd22-5a6f-94e3-fb074804c86a	chr12	20218261	20233215	7	5	2
401c5832-fd22-5a6f-94e3-fb074804c86a	chr12	20234033	20786312	8	5	3
401c5832-fd22-5a6f-94e3-fb074804c86a	chr12	20788187	26000948	4	3	1
401c5832-fd22-5a6f-94e3-fb074804c86a	chr12	26003301	26093434	8	6	2
401c5832-fd22-5a6f-94e3-fb074804c86a	chr12	26093775	27317064	5	3	2
401c5832-fd22-5a6f-94e3-fb074804c86a	chr12	27317507	27857381	6	3	3
401c5832-fd22-5a6f-94e3-fb074804c86a	chr12	27860630	28310394	5	3	2
401c5832-fd22-5a6f-94e3-fb074804c86a	chr12	28310656	28598701	8	5	3
401c5832-fd22-5a6f-94e3-fb074804c86a	chr12	28598931	29157369	10	7	3
401c5832-fd22-5a6f-94e3-fb074804c86a	chr12	29167830	29206411	8	5	3
401c5832-fd22-5a6f-94e3-fb074804c86a	chr12	29208088	29675689	13	10	3
401c5832-fd22-5a6f-94e3-fb074804c86a	chr12	29677104	30124287	12	9	3
401c5832-fd22-5a6f-94e3-fb074804c86a	chr12	30125859	30517998	9	5	4
401c5832-fd22-5a6f-94e3-fb074804c86a	chr12	30524245	30973511	7	5	2
401c5832-fd22-5a6f-94e3-fb074804c86a	chr12	30973745	31825309	9	7	2
401c5832-fd22-5a6f-94e3-fb074804c86a	chr12	31829637	31934752	7	5	2
401c5832-fd22-5a6f-94e3-fb074804c86a	chr12	31941850	32859213	9	7	2
401c5832-fd22-5a6f-94e3-fb074804c86a	chr12	32859263	34329998	8	7	1
401c5832-fd22-5a6f-94e3-fb074804c86a	chr12	34330205	34330205	7	5	2
401c5832-fd22-5a6f-94e3-fb074804c86a	chr12	34330665	37544473	5	5	0
401c5832-fd22-5a6f-94e3-fb074804c86a	chr12	37547019	43297261	3	2	1
401c5832-fd22-5a6f-94e3-fb074804c86a	chr12	43297677	45462938	5	3	2
401c5832-fd22-5a6f-94e3-fb074804c86a	chr12	45468073	65220886	3	2	1
401c5832-fd22-5a6f-94e3-fb074804c86a	chr12	65226370	100807034	4	2	2
401c5832-fd22-5a6f-94e3-fb074804c86a	chr12	100809411	133201603	3	2	1
401c5832-fd22-5a6f-94e3-fb074804c86a	chr13	18452809	20063046	2	2	0
401c5832-fd22-5a6f-94e3-fb074804c86a	chr13	20067872	20476583	1	1	0
401c5832-fd22-5a6f-94e3-fb074804c86a	chr13	20476800	22779613	2	2	0
401c5832-fd22-5a6f-94e3-fb074804c86a	chr13	22782997	23289526	3	3	0
401c5832-fd22-5a6f-94e3-fb074804c86a	chr13	23290111	23516442	4	4	0
401c5832-fd22-5a6f-94e3-fb074804c86a	chr13	23516558	23710782	3	3	0
401c5832-fd22-5a6f-94e3-fb074804c86a	chr13	23711559	24419920	1	1	0
401c5832-fd22-5a6f-94e3-fb074804c86a	chr13	24420480	26229738	2	2	0
401c5832-fd22-5a6f-94e3-fb074804c86a	chr13	26230874	26299026	1	1	0
401c5832-fd22-5a6f-94e3-fb074804c86a	chr13	26307431	28831641	2	2	0
401c5832-fd22-5a6f-94e3-fb074804c86a	chr13	28836745	87924290	1	1	0
401c5832-fd22-5a6f-94e3-fb074804c86a	chr13	87926414	88090100	3	3	0
401c5832-fd22-5a6f-94e3-fb074804c86a	chr13	88093565	92021005	1	1	0
401c5832-fd22-5a6f-94e3-fb074804c86a	chr13	92024697	96442900	2	2	0
401c5832-fd22-5a6f-94e3-fb074804c86a	chr13	96443987	97673719	3	3	0
401c5832-fd22-5a6f-94e3-fb074804c86a	chr13	97674053	102698362	2	2	0
401c5832-fd22-5a6f-94e3-fb074804c86a	chr13	102698383	102980039	1	1	0
401c5832-fd22-5a6f-94e3-fb074804c86a	chr13	102983044	108347216	2	2	0
401c5832-fd22-5a6f-94e3-fb074804c86a	chr13	108348096	108649169	1	1	0
401c5832-fd22-5a6f-94e3-fb074804c86a	chr13	108650498	114342922	2	2	0
401c5832-fd22-5a6f-94e3-fb074804c86a	chr14	18239283	21284149	4	2	2
401c5832-fd22-5a6f-94e3-fb074804c86a	chr14	21284260	22304778	5	3	2
401c5832-fd22-5a6f-94e3-fb074804c86a	chr14	22305120	22564938	6	4	2
401c5832-fd22-5a6f-94e3-fb074804c86a	chr14	22565090	22798846	5	3	2
401c5832-fd22-5a6f-94e3-fb074804c86a	chr14	22798909	23265184	6	4	2
401c5832-fd22-5a6f-94e3-fb074804c86a	chr14	23265459	26500948	7	4	3
401c5832-fd22-5a6f-94e3-fb074804c86a	chr14	26502529	27865659	8	4	4
401c5832-fd22-5a6f-94e3-fb074804c86a	chr14	27865852	27925729	10	6	4
401c5832-fd22-5a6f-94e3-fb074804c86a	chr14	27925829	28059962	6	4	2
401c5832-fd22-5a6f-94e3-fb074804c86a	chr14	28060100	30228033	3	2	1
401c5832-fd22-5a6f-94e3-fb074804c86a	chr14	30228441	32446019	5	4	1
401c5832-fd22-5a6f-94e3-fb074804c86a	chr14	32451158	33848138	2	1	1
401c5832-fd22-5a6f-94e3-fb074804c86a	chr14	33851150	35326248	3	2	1
401c5832-fd22-5a6f-94e3-fb074804c86a	chr14	35326338	48695614	2	1	1
401c5832-fd22-5a6f-94e3-fb074804c86a	chr14	48704834	48718440	4	2	2
401c5832-fd22-5a6f-94e3-fb074804c86a	chr14	48718784	49799603	3	2	1
401c5832-fd22-5a6f-94e3-fb074804c86a	chr14	49806565	55515440	2	1	1
401c5832-fd22-5a6f-94e3-fb074804c86a	chr14	55515977	56964321	3	2	1
401c5832-fd22-5a6f-94e3-fb074804c86a	chr14	56967128	57303936	8	7	1
401c5832-fd22-5a6f-94e3-fb074804c86a	chr14	57310221	58452319	2	1	1
401c5832-fd22-5a6f-94e3-fb074804c86a	chr14	58460154	59726235	6	5	1
401c5832-fd22-5a6f-94e3-fb074804c86a	chr14	59726473	60842303	6	4	2
401c5832-fd22-5a6f-94e3-fb074804c86a	chr14	60849178	61454823	3	2	1
401c5832-fd22-5a6f-94e3-fb074804c86a	chr14	61454872	65915694	5	3	2
401c5832-fd22-5a6f-94e3-fb074804c86a	chr14	65920400	66874347	3	2	1
401c5832-fd22-5a6f-94e3-fb074804c86a	chr14	66878974	69339308	4	2	2
401c5832-fd22-5a6f-94e3-fb074804c86a	chr14	69339338	70473413	5	3	2
401c5832-fd22-5a6f-94e3-fb074804c86a	chr14	70487432	72349918	3	2	1
401c5832-fd22-5a6f-94e3-fb074804c86a	chr14	72350965	74077878	5	3	2
401c5832-fd22-5a6f-94e3-fb074804c86a	chr14	74079085	75397463	4	2	2
401c5832-fd22-5a6f-94e3-fb074804c86a	chr14	75398170	78723571	5	3	2
401c5832-fd22-5a6f-94e3-fb074804c86a	chr14	78724164	78935827	1	1	0
401c5832-fd22-5a6f-94e3-fb074804c86a	chr14	78939915	80818321	5	3	2
401c5832-fd22-5a6f-94e3-fb074804c86a	chr14	80818570	81474025	4	3	1
401c5832-fd22-5a6f-94e3-fb074804c86a	chr14	81476473	86673958	3	2	1
401c5832-fd22-5a6f-94e3-fb074804c86a	chr14	86674011	91607984	5	3	2
401c5832-fd22-5a6f-94e3-fb074804c86a	chr14	91609300	91822110	4	3	1
401c5832-fd22-5a6f-94e3-fb074804c86a	chr14	91823705	106877229	5	3	2
401c5832-fd22-5a6f-94e3-fb074804c86a	chr15	19811075	23417449	4	2	2
401c5832-fd22-5a6f-94e3-fb074804c86a	chr15	23419666	23455445	3	3	0
401c5832-fd22-5a6f-94e3-fb074804c86a	chr15	23455960	45942117	2	1	1
401c5832-fd22-5a6f-94e3-fb074804c86a	chr15	45943266	45944267	1	1	0
401c5832-fd22-5a6f-94e3-fb074804c86a	chr15	45948515	56469981	2	1	1
401c5832-fd22-5a6f-94e3-fb074804c86a	chr15	56470995	60857107	3	2	1
401c5832-fd22-5a6f-94e3-fb074804c86a	chr15	60857275	61202903	4	3	1
401c5832-fd22-5a6f-94e3-fb074804c86a	chr15	61203580	70712721	3	2	1
401c5832-fd22-5a6f-94e3-fb074804c86a	chr15	70714570	70746752	5	3	2
401c5832-fd22-5a6f-94e3-fb074804c86a	chr15	70748691	76599170	3	2	1
401c5832-fd22-5a6f-94e3-fb074804c86a	chr15	76599286	76603434	0	0	0
401c5832-fd22-5a6f-94e3-fb074804c86a	chr15	76609838	78169115	3	2	1
401c5832-fd22-5a6f-94e3-fb074804c86a	chr15	78170693	79041717	2	1	1
401c5832-fd22-5a6f-94e3-fb074804c86a	chr15	79042601	79740672	3	2	1
401c5832-fd22-5a6f-94e3-fb074804c86a	chr15	79741157	90971819	4	3	1
401c5832-fd22-5a6f-94e3-fb074804c86a	chr15	90973533	91056728	3	2	1
401c5832-fd22-5a6f-94e3-fb074804c86a	chr15	91058488	91398399	4	3	1
401c5832-fd22-5a6f-94e3-fb074804c86a	chr15	91403742	101928837	3	2	1
401c5832-fd22-5a6f-94e3-fb074804c86a	chr16	10777	506801	2	1	1
401c5832-fd22-5a6f-94e3-fb074804c86a	chr16	506925	5723287	3	2	1
401c5832-fd22-5a6f-94e3-fb074804c86a	chr16	5723739	5739201	4	3	1
401c5832-fd22-5a6f-94e3-fb074804c86a	chr16	5743162	20172186	3	2	1
401c5832-fd22-5a6f-94e3-fb074804c86a	chr16	20174172	22614298	2	2	0
401c5832-fd22-5a6f-94e3-fb074804c86a	chr16	22614315	36048855	3	2	1
401c5832-fd22-5a6f-94e3-fb074804c86a	chr16	46441986	90096867	2	2	0
401c5832-fd22-5a6f-94e3-fb074804c86a	chr17	150733	9719227	2	2	0
401c5832-fd22-5a6f-94e3-fb074804c86a	chr17	9721475	9977796	3	2	1
401c5832-fd22-5a6f-94e3-fb074804c86a	chr17	9984058	11805134	2	2	0
401c5832-fd22-5a6f-94e3-fb074804c86a	chr17	11806111	12144614	3	2	1
401c5832-fd22-5a6f-94e3-fb074804c86a	chr17	12144959	12161143	1	1	0
401c5832-fd22-5a6f-94e3-fb074804c86a	chr17	12161158	12656491	2	2	0
401c5832-fd22-5a6f-94e3-fb074804c86a	chr17	12656880	16167308	4	4	0
401c5832-fd22-5a6f-94e3-fb074804c86a	chr17	16175919	16391221	9	6	3
401c5832-fd22-5a6f-94e3-fb074804c86a	chr17	16397871	17510651	5	4	1
401c5832-fd22-5a6f-94e3-fb074804c86a	chr17	17511903	17589804	6	4	2
401c5832-fd22-5a6f-94e3-fb074804c86a	chr17	17590496	20724988	5	4	1
401c5832-fd22-5a6f-94e3-fb074804c86a	chr17	20727234	21075303	4	2	2
401c5832-fd22-5a6f-94e3-fb074804c86a	chr17	21080198	21257989	3	2	1
401c5832-fd22-5a6f-94e3-fb074804c86a	chr17	21259349	26943491	2	2	0
401c5832-fd22-5a6f-94e3-fb074804c86a	chr17	26943774	33003846	3	2	1
401c5832-fd22-5a6f-94e3-fb074804c86a	chr17	33004407	33040932	5	3	2
401c5832-fd22-5a6f-94e3-fb074804c86a	chr17	33041322	53021785	3	2	1
401c5832-fd22-5a6f-94e3-fb074804c86a	chr17	53023932	53803414	5	3	2
401c5832-fd22-5a6f-94e3-fb074804c86a	chr17	53803906	54698681	3	2	1
401c5832-fd22-5a6f-94e3-fb074804c86a	chr17	54699188	55518019	5	3	2
401c5832-fd22-5a6f-94e3-fb074804c86a	chr17	55518154	57303372	3	2	1
401c5832-fd22-5a6f-94e3-fb074804c86a	chr17	57306340	57561162	4	2	2
401c5832-fd22-5a6f-94e3-fb074804c86a	chr17	57562511	70600491	3	2	1
401c5832-fd22-5a6f-94e3-fb074804c86a	chr17	70608099	74652863	4	3	1
401c5832-fd22-5a6f-94e3-fb074804c86a	chr17	74652981	83091923	3	2	1
401c5832-fd22-5a6f-94e3-fb074804c86a	chr18	48133	2166710	4	2	2
401c5832-fd22-5a6f-94e3-fb074804c86a	chr18	2166794	2174546	3	2	1
401c5832-fd22-5a6f-94e3-fb074804c86a	chr18	2174730	4958939	4	2	2
401c5832-fd22-5a6f-94e3-fb074804c86a	chr18	4958940	4985483	3	2	1
401c5832-fd22-5a6f-94e3-fb074804c86a	chr18	4987699	23053724	4	2	2
401c5832-fd22-5a6f-94e3-fb074804c86a	chr18	23057818	27328952	3	2	1
401c5832-fd22-5a6f-94e3-fb074804c86a	chr18	27330370	32720146	2	1	1
401c5832-fd22-5a6f-94e3-fb074804c86a	chr18	32720220	32721845	1	1	0
401c5832-fd22-5a6f-94e3-fb074804c86a	chr18	32723666	52501908	2	1	1
401c5832-fd22-5a6f-94e3-fb074804c86a	chr18	52502061	59329294	3	2	1
401c5832-fd22-5a6f-94e3-fb074804c86a	chr18	59335034	59379868	5	3	2
401c5832-fd22-5a6f-94e3-fb074804c86a	chr18	59383543	63275862	3	2	1
401c5832-fd22-5a6f-94e3-fb074804c86a	chr18	63276473	69182057	4	2	2
401c5832-fd22-5a6f-94e3-fb074804c86a	chr18	69182235	70256870	3	2	1
401c5832-fd22-5a6f-94e3-fb074804c86a	chr18	70257247	80257174	4	2	2
401c5832-fd22-5a6f-94e3-fb074804c86a	chr19	90910	2997792	3	2	1
401c5832-fd22-5a6f-94e3-fb074804c86a	chr19	2997899	3302891	4	3	1
401c5832-fd22-5a6f-94e3-fb074804c86a	chr19	3305832	11857904	3	2	1
401c5832-fd22-5a6f-94e3-fb074804c86a	chr19	11864532	17464977	4	3	1
401c5832-fd22-5a6f-94e3-fb074804c86a	chr19	17474099	20582324	3	2	1
401c5832-fd22-5a6f-94e3-fb074804c86a	chr19	20582718	21714095	2	1	1
401c5832-fd22-5a6f-94e3-fb074804c86a	chr19	21714964	21892978	11	10	1
401c5832-fd22-5a6f-94e3-fb074804c86a	chr19	21893126	22720531	12	11	1
401c5832-fd22-5a6f-94e3-fb074804c86a	chr19	22721097	22828117	10	10	0
401c5832-fd22-5a6f-94e3-fb074804c86a	chr19	22832230	23162477	7	5	2
401c5832-fd22-5a6f-94e3-fb074804c86a	chr19	23170222	23917253	2	1	1
401c5832-fd22-5a6f-94e3-fb074804c86a	chr19	23917401	24192647	4	3	1
401c5832-fd22-5a6f-94e3-fb074804c86a	chr19	24196300	28259760	6	6	0
401c5832-fd22-5a6f-94e3-fb074804c86a	chr19	28260608	28443455	9	9	0
401c5832-fd22-5a6f-94e3-fb074804c86a	chr19	28446090	29108232	0	0	0
401c5832-fd22-5a6f-94e3-fb074804c86a	chr19	29108366	29248822	6	5	1
401c5832-fd22-5a6f-94e3-fb074804c86a	chr19	29249279	29302586	0	0	0
401c5832-fd22-5a6f-94e3-fb074804c86a	chr19	29307711	29694505	1	1	0
401c5832-fd22-5a6f-94e3-fb074804c86a	chr19	29701598	31456008	12	11	1
401c5832-fd22-5a6f-94e3-fb074804c86a	chr19	31458730	31924324	5	4	1
401c5832-fd22-5a6f-94e3-fb074804c86a	chr19	31925833	34041931	1	1	0
401c5832-fd22-5a6f-94e3-fb074804c86a	chr19	34042217	34495444	2	1	1
401c5832-fd22-5a6f-94e3-fb074804c86a	chr19	34499604	36098693	7	6	1
401c5832-fd22-5a6f-94e3-fb074804c86a	chr19	36100529	36267995	2	2	0
401c5832-fd22-5a6f-94e3-fb074804c86a	chr19	36314803	36604294	6	5	1
401c5832-fd22-5a6f-94e3-fb074804c86a	chr19	36606101	36815456	10	8	2
401c5832-fd22-5a6f-94e3-fb074804c86a	chr19	36815737	36987809	2	1	1
401c5832-fd22-5a6f-94e3-fb074804c86a	chr19	36990251	40824104	3	2	1
401c5832-fd22-5a6f-94e3-fb074804c86a	chr19	40826984	58102722	2	1	1
401c5832-fd22-5a6f-94e3-fb074804c86a	chr19	58104889	58586487	3	2	1
401c5832-fd22-5a6f-94e3-fb074804c86a	chr20	80664	3427707	2	1	1
401c5832-fd22-5a6f-94e3-fb074804c86a	chr20	3427727	7514885	3	2	1
401c5832-fd22-5a6f-94e3-fb074804c86a	chr20	7515727	31415116	2	1	1
401c5832-fd22-5a6f-94e3-fb074804c86a	chr20	31416789	64324800	3	2	1
401c5832-fd22-5a6f-94e3-fb074804c86a	chr21	12973348	13883107	2	2	0
401c5832-fd22-5a6f-94e3-fb074804c86a	chr21	13883478	18683769	3	2	1
401c5832-fd22-5a6f-94e3-fb074804c86a	chr21	18685360	18709926	7	5	2
401c5832-fd22-5a6f-94e3-fb074804c86a	chr21	18710070	29807542	3	2	1
401c5832-fd22-5a6f-94e3-fb074804c86a	chr21	29811629	31521037	4	3	1
401c5832-fd22-5a6f-94e3-fb074804c86a	chr21	31522780	37513203	3	2	1
401c5832-fd22-5a6f-94e3-fb074804c86a	chr21	37513369	41720366	4	3	1
401c5832-fd22-5a6f-94e3-fb074804c86a	chr21	41727214	42447273	5	4	1
401c5832-fd22-5a6f-94e3-fb074804c86a	chr21	42447677	42584012	4	3	1
401c5832-fd22-5a6f-94e3-fb074804c86a	chr21	42584719	44570936	3	2	1
401c5832-fd22-5a6f-94e3-fb074804c86a	chr21	44571155	45922202	4	3	1
401c5832-fd22-5a6f-94e3-fb074804c86a	chr21	45922608	46466771	3	2	1
401c5832-fd22-5a6f-94e3-fb074804c86a	chr21	46466883	46677045	4	3	1
401c5832-fd22-5a6f-94e3-fb074804c86a	chr22	16392123	19676133	4	2	2
401c5832-fd22-5a6f-94e3-fb074804c86a	chr22	19691937	20026950	6	4	2
401c5832-fd22-5a6f-94e3-fb074804c86a	chr22	20027493	24309706	5	3	2
401c5832-fd22-5a6f-94e3-fb074804c86a	chr22	24312354	24960820	4	2	2
401c5832-fd22-5a6f-94e3-fb074804c86a	chr22	24962592	25087800	6	4	2
401c5832-fd22-5a6f-94e3-fb074804c86a	chr22	25087954	25304367	5	3	2
401c5832-fd22-5a6f-94e3-fb074804c86a	chr22	25304502	25932994	6	4	2
401c5832-fd22-5a6f-94e3-fb074804c86a	chr22	25933372	25971699	6	5	1
401c5832-fd22-5a6f-94e3-fb074804c86a	chr22	25972496	26655335	2	2	0
401c5832-fd22-5a6f-94e3-fb074804c86a	chr22	26655374	27291061	2	1	1
401c5832-fd22-5a6f-94e3-fb074804c86a	chr22	27291095	38595388	3	2	1
401c5832-fd22-5a6f-94e3-fb074804c86a	chr22	38598367	50796027	2	2	0
401c5832-fd22-5a6f-94e3-fb074804c86a	chrX	251810	683127	8	6	2
401c5832-fd22-5a6f-94e3-fb074804c86a	chrX	683150	707544	5	3	2
401c5832-fd22-5a6f-94e3-fb074804c86a	chrX	707848	876695	6	3	3
401c5832-fd22-5a6f-94e3-fb074804c86a	chrX	890459	1059510	7	4	3
401c5832-fd22-5a6f-94e3-fb074804c86a	chrX	1059715	1478792	6	4	2
401c5832-fd22-5a6f-94e3-fb074804c86a	chrX	1478856	2522895	6	3	3
401c5832-fd22-5a6f-94e3-fb074804c86a	chrX	2522980	2720458	7	4	3
401c5832-fd22-5a6f-94e3-fb074804c86a	chrX	2723161	2740275	8	4	4
401c5832-fd22-5a6f-94e3-fb074804c86a	chrX	2740657	2775583	6	3	3
401c5832-fd22-5a6f-94e3-fb074804c86a	chrX	2776199	58454123	2	2	0
401c5832-fd22-5a6f-94e3-fb074804c86a	chrX	58469511	89150389	1	1	0
401c5832-fd22-5a6f-94e3-fb074804c86a	chrX	89150948	93140397	2	1	1
401c5832-fd22-5a6f-94e3-fb074804c86a	chrX	93142151	135615501	1	1	0
401c5832-fd22-5a6f-94e3-fb074804c86a	chrX	135619994	135746661	4	4	0
401c5832-fd22-5a6f-94e3-fb074804c86a	chrX	135746981	155733777	1	1	0
401c5832-fd22-5a6f-94e3-fb074804c86a	chrX	155734393	156004181	2	1	1
401c5832-fd22-5a6f-94e3-fb074804c86a	chrY	2782397	2845714	6	6	0
401c5832-fd22-5a6f-94e3-fb074804c86a	chrY	2848574	5627702	7	7	0
401c5832-fd22-5a6f-94e3-fb074804c86a	chrY	5630137	8281496	5	5	0
401c5832-fd22-5a6f-94e3-fb074804c86a	chrY	8283535	8549695	8	8	0
401c5832-fd22-5a6f-94e3-fb074804c86a	chrY	8550886	9128007	8	4	4
401c5832-fd22-5a6f-94e3-fb074804c86a	chrY	9128445	26653788	4	2	2
401c5832-fd22-5a6f-94e3-fb074804c86a	chrY	56872112	56872112	1	1	0
