GDC_Aliquot	Chromosome	Start	End	Copy_Number	Major_Copy_Number	Minor_Copy_Number
9d4ced21-c3f5-56bb-9f9d-0a8b5c11503d	chr1	62920	10602821	4	3	1
9d4ced21-c3f5-56bb-9f9d-0a8b5c11503d	chr1	10603496	16855942	5	3	2
9d4ced21-c3f5-56bb-9f9d-0a8b5c11503d	chr1	16863509	17883315	8	4	4
9d4ced21-c3f5-56bb-9f9d-0a8b5c11503d	chr1	17883534	20266382	5	3	2
9d4ced21-c3f5-56bb-9f9d-0a8b5c11503d	chr1	20266462	21944482	4	3	1
9d4ced21-c3f5-56bb-9f9d-0a8b5c11503d	chr1	21947340	23364538	13	10	3
9d4ced21-c3f5-56bb-9f9d-0a8b5c11503d	chr1	23364762	23393692	4	3	1
9d4ced21-c3f5-56bb-9f9d-0a8b5c11503d	chr1	23393767	23403719	9	9	0
9d4ced21-c3f5-56bb-9f9d-0a8b5c11503d	chr1	23404232	27938148	4	3	1
9d4ced21-c3f5-56bb-9f9d-0a8b5c11503d	chr1	27938353	35189124	3	3	0
9d4ced21-c3f5-56bb-9f9d-0a8b5c11503d	chr1	35190463	36327204	3	2	1
9d4ced21-c3f5-56bb-9f9d-0a8b5c11503d	chr1	36327505	36396653	8	5	3
9d4ced21-c3f5-56bb-9f9d-0a8b5c11503d	chr1	36401633	46542172	7	4	3
9d4ced21-c3f5-56bb-9f9d-0a8b5c11503d	chr1	46542315	52598962	6	3	3
9d4ced21-c3f5-56bb-9f9d-0a8b5c11503d	chr1	52600004	53395361	7	5	2
9d4ced21-c3f5-56bb-9f9d-0a8b5c11503d	chr1	53396922	70993290	7	4	3
9d4ced21-c3f5-56bb-9f9d-0a8b5c11503d	chr1	71002810	71018904	4	2	2
9d4ced21-c3f5-56bb-9f9d-0a8b5c11503d	chr1	71019616	121705338	7	4	3
9d4ced21-c3f5-56bb-9f9d-0a8b5c11503d	chr1	143541857	147074361	4	3	1
9d4ced21-c3f5-56bb-9f9d-0a8b5c11503d	chr1	147074795	151355857	10	7	3
9d4ced21-c3f5-56bb-9f9d-0a8b5c11503d	chr1	151355883	152637508	6	3	3
9d4ced21-c3f5-56bb-9f9d-0a8b5c11503d	chr1	152637748	152652216	4	2	2
9d4ced21-c3f5-56bb-9f9d-0a8b5c11503d	chr1	152652245	205633873	7	4	3
9d4ced21-c3f5-56bb-9f9d-0a8b5c11503d	chr1	205638710	205710710	11	7	4
9d4ced21-c3f5-56bb-9f9d-0a8b5c11503d	chr1	205713981	214115051	6	3	3
9d4ced21-c3f5-56bb-9f9d-0a8b5c11503d	chr1	214115086	233775983	7	4	3
9d4ced21-c3f5-56bb-9f9d-0a8b5c11503d	chr1	233777588	248930189	5	3	2
9d4ced21-c3f5-56bb-9f9d-0a8b5c11503d	chr2	12784	9955245	2	2	0
9d4ced21-c3f5-56bb-9f9d-0a8b5c11503d	chr2	9956883	34492601	5	3	2
9d4ced21-c3f5-56bb-9f9d-0a8b5c11503d	chr2	34492775	34511990	0	0	0
9d4ced21-c3f5-56bb-9f9d-0a8b5c11503d	chr2	34512096	142056386	5	3	2
9d4ced21-c3f5-56bb-9f9d-0a8b5c11503d	chr2	142058326	146578584	4	3	1
9d4ced21-c3f5-56bb-9f9d-0a8b5c11503d	chr2	146579112	170726260	5	3	2
9d4ced21-c3f5-56bb-9f9d-0a8b5c11503d	chr2	170726378	170953946	2	2	0
9d4ced21-c3f5-56bb-9f9d-0a8b5c11503d	chr2	170954222	190421963	5	3	2
9d4ced21-c3f5-56bb-9f9d-0a8b5c11503d	chr2	190422656	231626578	4	3	1
9d4ced21-c3f5-56bb-9f9d-0a8b5c11503d	chr2	231626644	232601422	3	3	0
9d4ced21-c3f5-56bb-9f9d-0a8b5c11503d	chr2	232610171	233680544	4	3	1
9d4ced21-c3f5-56bb-9f9d-0a8b5c11503d	chr2	233686406	236867522	3	2	1
9d4ced21-c3f5-56bb-9f9d-0a8b5c11503d	chr2	236871481	241739483	2	2	0
9d4ced21-c3f5-56bb-9f9d-0a8b5c11503d	chr2	241756485	242147305	0	0	0
9d4ced21-c3f5-56bb-9f9d-0a8b5c11503d	chr3	20930	1251260	5	3	2
9d4ced21-c3f5-56bb-9f9d-0a8b5c11503d	chr3	1251717	1259264	6	5	1
9d4ced21-c3f5-56bb-9f9d-0a8b5c11503d	chr3	1259446	4390377	3	3	0
9d4ced21-c3f5-56bb-9f9d-0a8b5c11503d	chr3	4390432	5091839	6	3	3
9d4ced21-c3f5-56bb-9f9d-0a8b5c11503d	chr3	5093426	8400676	3	3	0
9d4ced21-c3f5-56bb-9f9d-0a8b5c11503d	chr3	8400769	9873902	7	4	3
9d4ced21-c3f5-56bb-9f9d-0a8b5c11503d	chr3	9877366	14691042	3	3	0
9d4ced21-c3f5-56bb-9f9d-0a8b5c11503d	chr3	14695662	14713756	4	4	0
9d4ced21-c3f5-56bb-9f9d-0a8b5c11503d	chr3	14714065	17848347	5	3	2
9d4ced21-c3f5-56bb-9f9d-0a8b5c11503d	chr3	17848673	18229673	3	3	0
9d4ced21-c3f5-56bb-9f9d-0a8b5c11503d	chr3	18231563	18285755	7	4	3
9d4ced21-c3f5-56bb-9f9d-0a8b5c11503d	chr3	18286212	84871447	3	3	0
9d4ced21-c3f5-56bb-9f9d-0a8b5c11503d	chr3	84874698	85010468	6	3	3
9d4ced21-c3f5-56bb-9f9d-0a8b5c11503d	chr3	85012241	85094578	2	2	0
9d4ced21-c3f5-56bb-9f9d-0a8b5c11503d	chr3	85098036	85802096	5	3	2
9d4ced21-c3f5-56bb-9f9d-0a8b5c11503d	chr3	85802181	152880479	3	3	0
9d4ced21-c3f5-56bb-9f9d-0a8b5c11503d	chr3	152880744	198169247	4	4	0
9d4ced21-c3f5-56bb-9f9d-0a8b5c11503d	chr4	68929	25300345	5	3	2
9d4ced21-c3f5-56bb-9f9d-0a8b5c11503d	chr4	25302074	109691785	6	3	3
9d4ced21-c3f5-56bb-9f9d-0a8b5c11503d	chr4	109697850	115500735	4	2	2
9d4ced21-c3f5-56bb-9f9d-0a8b5c11503d	chr4	115502905	119319983	5	3	2
9d4ced21-c3f5-56bb-9f9d-0a8b5c11503d	chr4	119320069	119337052	3	2	1
9d4ced21-c3f5-56bb-9f9d-0a8b5c11503d	chr4	119339630	185657987	5	3	2
9d4ced21-c3f5-56bb-9f9d-0a8b5c11503d	chr4	185660507	190106768	4	2	2
9d4ced21-c3f5-56bb-9f9d-0a8b5c11503d	chr5	15532	1152864	2	2	0
9d4ced21-c3f5-56bb-9f9d-0a8b5c11503d	chr5	1154237	13246930	3	3	0
9d4ced21-c3f5-56bb-9f9d-0a8b5c11503d	chr5	13247231	37442460	5	3	2
9d4ced21-c3f5-56bb-9f9d-0a8b5c11503d	chr5	37444950	41595002	7	4	3
9d4ced21-c3f5-56bb-9f9d-0a8b5c11503d	chr5	41599347	41603772	3	2	1
9d4ced21-c3f5-56bb-9f9d-0a8b5c11503d	chr5	41603883	54954469	7	4	3
9d4ced21-c3f5-56bb-9f9d-0a8b5c11503d	chr5	54954764	55705367	6	3	3
9d4ced21-c3f5-56bb-9f9d-0a8b5c11503d	chr5	55714610	55790954	2	2	0
9d4ced21-c3f5-56bb-9f9d-0a8b5c11503d	chr5	55791133	105467160	5	3	2
9d4ced21-c3f5-56bb-9f9d-0a8b5c11503d	chr5	105467929	174827455	7	5	2
9d4ced21-c3f5-56bb-9f9d-0a8b5c11503d	chr5	174828160	175151582	5	4	1
9d4ced21-c3f5-56bb-9f9d-0a8b5c11503d	chr5	175153487	181363319	6	4	2
9d4ced21-c3f5-56bb-9f9d-0a8b5c11503d	chr6	149661	18318003	3	3	0
9d4ced21-c3f5-56bb-9f9d-0a8b5c11503d	chr6	18318242	18503043	4	4	0
9d4ced21-c3f5-56bb-9f9d-0a8b5c11503d	chr6	18503462	36699288	3	3	0
9d4ced21-c3f5-56bb-9f9d-0a8b5c11503d	chr6	36700106	37511876	28	25	3
9d4ced21-c3f5-56bb-9f9d-0a8b5c11503d	chr6	37514523	38092684	19	16	3
9d4ced21-c3f5-56bb-9f9d-0a8b5c11503d	chr6	38093103	38670516	37	34	3
9d4ced21-c3f5-56bb-9f9d-0a8b5c11503d	chr6	38676363	39219392	13	10	3
9d4ced21-c3f5-56bb-9f9d-0a8b5c11503d	chr6	39220915	39370140	17	13	4
9d4ced21-c3f5-56bb-9f9d-0a8b5c11503d	chr6	39370659	40189602	29	25	4
9d4ced21-c3f5-56bb-9f9d-0a8b5c11503d	chr6	40191284	40924076	19	16	3
9d4ced21-c3f5-56bb-9f9d-0a8b5c11503d	chr6	40926300	40956947	37	30	7
9d4ced21-c3f5-56bb-9f9d-0a8b5c11503d	chr6	40961184	40979053	23	19	4
9d4ced21-c3f5-56bb-9f9d-0a8b5c11503d	chr6	40979679	42877953	29	25	4
9d4ced21-c3f5-56bb-9f9d-0a8b5c11503d	chr6	42881049	45344942	8	4	4
9d4ced21-c3f5-56bb-9f9d-0a8b5c11503d	chr6	45347481	45987041	16	13	3
9d4ced21-c3f5-56bb-9f9d-0a8b5c11503d	chr6	45987120	46917390	14	10	4
9d4ced21-c3f5-56bb-9f9d-0a8b5c11503d	chr6	46919215	46972202	9	9	0
9d4ced21-c3f5-56bb-9f9d-0a8b5c11503d	chr6	46972216	47493580	7	4	3
9d4ced21-c3f5-56bb-9f9d-0a8b5c11503d	chr6	47493595	48549571	16	13	3
9d4ced21-c3f5-56bb-9f9d-0a8b5c11503d	chr6	48549778	49251901	22	19	3
9d4ced21-c3f5-56bb-9f9d-0a8b5c11503d	chr6	49254566	50104591	15	11	4
9d4ced21-c3f5-56bb-9f9d-0a8b5c11503d	chr6	50105605	50866444	11	8	3
9d4ced21-c3f5-56bb-9f9d-0a8b5c11503d	chr6	50867894	51856074	5	3	2
9d4ced21-c3f5-56bb-9f9d-0a8b5c11503d	chr6	51859642	54306826	3	3	0
9d4ced21-c3f5-56bb-9f9d-0a8b5c11503d	chr6	54307959	54486617	7	4	3
9d4ced21-c3f5-56bb-9f9d-0a8b5c11503d	chr6	54492137	54508649	4	4	0
9d4ced21-c3f5-56bb-9f9d-0a8b5c11503d	chr6	54508744	54514534	5	5	0
9d4ced21-c3f5-56bb-9f9d-0a8b5c11503d	chr6	54516614	56868449	3	3	0
9d4ced21-c3f5-56bb-9f9d-0a8b5c11503d	chr6	56871567	110525321	4	2	2
9d4ced21-c3f5-56bb-9f9d-0a8b5c11503d	chr6	110526416	170741917	3	2	1
9d4ced21-c3f5-56bb-9f9d-0a8b5c11503d	chr7	43259	39343724	4	2	2
9d4ced21-c3f5-56bb-9f9d-0a8b5c11503d	chr7	39343859	40730081	5	3	2
9d4ced21-c3f5-56bb-9f9d-0a8b5c11503d	chr7	40731996	78528561	4	2	2
9d4ced21-c3f5-56bb-9f9d-0a8b5c11503d	chr7	78528751	78642874	1	1	0
9d4ced21-c3f5-56bb-9f9d-0a8b5c11503d	chr7	78647755	104964657	4	2	2
9d4ced21-c3f5-56bb-9f9d-0a8b5c11503d	chr7	104965964	111168508	5	3	2
9d4ced21-c3f5-56bb-9f9d-0a8b5c11503d	chr7	111172930	111228248	2	2	0
9d4ced21-c3f5-56bb-9f9d-0a8b5c11503d	chr7	111235097	159334314	5	3	2
9d4ced21-c3f5-56bb-9f9d-0a8b5c11503d	chr8	81254	131359487	7	4	3
9d4ced21-c3f5-56bb-9f9d-0a8b5c11503d	chr8	131361881	145072769	6	3	3
9d4ced21-c3f5-56bb-9f9d-0a8b5c11503d	chr9	46587	112852890	3	3	0
9d4ced21-c3f5-56bb-9f9d-0a8b5c11503d	chr9	112852961	112856058	2	2	0
9d4ced21-c3f5-56bb-9f9d-0a8b5c11503d	chr9	112857307	114162501	3	3	0
9d4ced21-c3f5-56bb-9f9d-0a8b5c11503d	chr9	114167820	114360335	4	4	0
9d4ced21-c3f5-56bb-9f9d-0a8b5c11503d	chr9	114360490	138200944	3	3	0
9d4ced21-c3f5-56bb-9f9d-0a8b5c11503d	chr10	45792	54858565	5	3	2
9d4ced21-c3f5-56bb-9f9d-0a8b5c11503d	chr10	54859795	54878458	10	7	3
9d4ced21-c3f5-56bb-9f9d-0a8b5c11503d	chr10	54883223	55420561	4	2	2
9d4ced21-c3f5-56bb-9f9d-0a8b5c11503d	chr10	55420780	57018477	6	3	3
9d4ced21-c3f5-56bb-9f9d-0a8b5c11503d	chr10	57018801	65688448	4	3	1
9d4ced21-c3f5-56bb-9f9d-0a8b5c11503d	chr10	65688827	66848007	3	3	0
9d4ced21-c3f5-56bb-9f9d-0a8b5c11503d	chr10	66848273	66853990	1	1	0
9d4ced21-c3f5-56bb-9f9d-0a8b5c11503d	chr10	66854037	69406671	4	3	1
9d4ced21-c3f5-56bb-9f9d-0a8b5c11503d	chr10	69410070	75292859	3	3	0
9d4ced21-c3f5-56bb-9f9d-0a8b5c11503d	chr10	75292874	76245423	4	3	1
9d4ced21-c3f5-56bb-9f9d-0a8b5c11503d	chr10	76245472	78461386	3	3	0
9d4ced21-c3f5-56bb-9f9d-0a8b5c11503d	chr10	78461540	79380066	4	3	1
9d4ced21-c3f5-56bb-9f9d-0a8b5c11503d	chr10	79385886	81821564	3	3	0
9d4ced21-c3f5-56bb-9f9d-0a8b5c11503d	chr10	81822987	82069292	0	0	0
9d4ced21-c3f5-56bb-9f9d-0a8b5c11503d	chr10	82070114	82072548	5	3	2
9d4ced21-c3f5-56bb-9f9d-0a8b5c11503d	chr10	82075883	98584682	3	3	0
9d4ced21-c3f5-56bb-9f9d-0a8b5c11503d	chr10	98584724	99044477	4	3	1
9d4ced21-c3f5-56bb-9f9d-0a8b5c11503d	chr10	99044513	133654968	3	3	0
9d4ced21-c3f5-56bb-9f9d-0a8b5c11503d	chr11	198510	34410248	3	2	1
9d4ced21-c3f5-56bb-9f9d-0a8b5c11503d	chr11	34412776	35377112	4	3	1
9d4ced21-c3f5-56bb-9f9d-0a8b5c11503d	chr11	35377231	38451832	3	2	1
9d4ced21-c3f5-56bb-9f9d-0a8b5c11503d	chr11	38452180	38456470	1	1	0
9d4ced21-c3f5-56bb-9f9d-0a8b5c11503d	chr11	38456648	41948130	4	3	1
9d4ced21-c3f5-56bb-9f9d-0a8b5c11503d	chr11	41948643	44914016	3	2	1
9d4ced21-c3f5-56bb-9f9d-0a8b5c11503d	chr11	44914142	47607032	4	3	1
9d4ced21-c3f5-56bb-9f9d-0a8b5c11503d	chr11	47608342	57396505	7	4	3
9d4ced21-c3f5-56bb-9f9d-0a8b5c11503d	chr11	57396807	78154890	6	3	3
9d4ced21-c3f5-56bb-9f9d-0a8b5c11503d	chr11	78154915	110125219	7	4	3
9d4ced21-c3f5-56bb-9f9d-0a8b5c11503d	chr11	110125921	110536092	9	6	3
9d4ced21-c3f5-56bb-9f9d-0a8b5c11503d	chr11	110538408	134915689	6	3	3
9d4ced21-c3f5-56bb-9f9d-0a8b5c11503d	chr11	134916257	135074876	4	3	1
9d4ced21-c3f5-56bb-9f9d-0a8b5c11503d	chr12	51460	4858535	5	3	2
9d4ced21-c3f5-56bb-9f9d-0a8b5c11503d	chr12	4858807	24443909	4	3	1
9d4ced21-c3f5-56bb-9f9d-0a8b5c11503d	chr12	24444852	25239028	5	4	1
9d4ced21-c3f5-56bb-9f9d-0a8b5c11503d	chr12	25239052	47771223	4	3	1
9d4ced21-c3f5-56bb-9f9d-0a8b5c11503d	chr12	47771354	48384899	14	11	3
9d4ced21-c3f5-56bb-9f9d-0a8b5c11503d	chr12	48385779	48432262	15	10	5
9d4ced21-c3f5-56bb-9f9d-0a8b5c11503d	chr12	48436166	52016276	4	3	1
9d4ced21-c3f5-56bb-9f9d-0a8b5c11503d	chr12	52016749	52207624	20	17	3
9d4ced21-c3f5-56bb-9f9d-0a8b5c11503d	chr12	52208229	52252788	4	4	0
9d4ced21-c3f5-56bb-9f9d-0a8b5c11503d	chr12	52260748	53055768	21	18	3
9d4ced21-c3f5-56bb-9f9d-0a8b5c11503d	chr12	53055813	54203922	5	3	2
9d4ced21-c3f5-56bb-9f9d-0a8b5c11503d	chr12	54207208	54333493	3	3	0
9d4ced21-c3f5-56bb-9f9d-0a8b5c11503d	chr12	54334509	54705632	14	11	3
9d4ced21-c3f5-56bb-9f9d-0a8b5c11503d	chr12	54709112	54744189	25	19	6
9d4ced21-c3f5-56bb-9f9d-0a8b5c11503d	chr12	54744723	55421258	25	23	2
9d4ced21-c3f5-56bb-9f9d-0a8b5c11503d	chr12	55425730	55447038	4	4	0
9d4ced21-c3f5-56bb-9f9d-0a8b5c11503d	chr12	55450388	55636308	23	21	2
9d4ced21-c3f5-56bb-9f9d-0a8b5c11503d	chr12	55637489	55673554	2	2	0
9d4ced21-c3f5-56bb-9f9d-0a8b5c11503d	chr12	55675389	55887108	21	18	3
9d4ced21-c3f5-56bb-9f9d-0a8b5c11503d	chr12	55893923	56912628	3	3	0
9d4ced21-c3f5-56bb-9f9d-0a8b5c11503d	chr12	56912646	57303340	4	3	1
9d4ced21-c3f5-56bb-9f9d-0a8b5c11503d	chr12	57306402	57750972	31	27	4
9d4ced21-c3f5-56bb-9f9d-0a8b5c11503d	chr12	57751090	58650268	19	15	4
9d4ced21-c3f5-56bb-9f9d-0a8b5c11503d	chr12	58650600	58652755	11	11	0
9d4ced21-c3f5-56bb-9f9d-0a8b5c11503d	chr12	58653063	58677087	17	12	5
9d4ced21-c3f5-56bb-9f9d-0a8b5c11503d	chr12	58678205	59173173	10	7	3
9d4ced21-c3f5-56bb-9f9d-0a8b5c11503d	chr12	59174004	59780097	8	4	4
9d4ced21-c3f5-56bb-9f9d-0a8b5c11503d	chr12	59782798	60394350	11	8	3
9d4ced21-c3f5-56bb-9f9d-0a8b5c11503d	chr12	60398551	62273297	6	3	3
9d4ced21-c3f5-56bb-9f9d-0a8b5c11503d	chr12	62273667	66055208	5	3	2
9d4ced21-c3f5-56bb-9f9d-0a8b5c11503d	chr12	66059642	66112851	9	5	4
9d4ced21-c3f5-56bb-9f9d-0a8b5c11503d	chr12	66113007	69564503	6	3	3
9d4ced21-c3f5-56bb-9f9d-0a8b5c11503d	chr12	69567271	90088983	7	4	3
9d4ced21-c3f5-56bb-9f9d-0a8b5c11503d	chr12	90088997	133201603	6	3	3
9d4ced21-c3f5-56bb-9f9d-0a8b5c11503d	chr13	18452809	43610123	3	3	0
9d4ced21-c3f5-56bb-9f9d-0a8b5c11503d	chr13	43610869	44186492	5	5	0
9d4ced21-c3f5-56bb-9f9d-0a8b5c11503d	chr13	44186976	45817668	3	3	0
9d4ced21-c3f5-56bb-9f9d-0a8b5c11503d	chr13	45822294	46373571	5	5	0
9d4ced21-c3f5-56bb-9f9d-0a8b5c11503d	chr13	46374085	47094394	3	3	0
9d4ced21-c3f5-56bb-9f9d-0a8b5c11503d	chr13	47094942	47347014	4	4	0
9d4ced21-c3f5-56bb-9f9d-0a8b5c11503d	chr13	47347143	47840974	6	4	2
9d4ced21-c3f5-56bb-9f9d-0a8b5c11503d	chr13	47842104	50732194	5	3	2
9d4ced21-c3f5-56bb-9f9d-0a8b5c11503d	chr13	50733004	59054217	7	5	2
9d4ced21-c3f5-56bb-9f9d-0a8b5c11503d	chr13	59055327	62705824	9	7	2
9d4ced21-c3f5-56bb-9f9d-0a8b5c11503d	chr13	62705960	65154562	7	5	2
9d4ced21-c3f5-56bb-9f9d-0a8b5c11503d	chr13	65168355	65601111	8	4	4
9d4ced21-c3f5-56bb-9f9d-0a8b5c11503d	chr13	65602035	66377027	14	11	3
9d4ced21-c3f5-56bb-9f9d-0a8b5c11503d	chr13	66377358	66661508	7	5	2
9d4ced21-c3f5-56bb-9f9d-0a8b5c11503d	chr13	66661964	67290297	9	7	2
9d4ced21-c3f5-56bb-9f9d-0a8b5c11503d	chr13	67291898	67920651	7	5	2
9d4ced21-c3f5-56bb-9f9d-0a8b5c11503d	chr13	67921102	69315729	10	8	2
9d4ced21-c3f5-56bb-9f9d-0a8b5c11503d	chr13	69315763	69799416	7	4	3
9d4ced21-c3f5-56bb-9f9d-0a8b5c11503d	chr13	69799529	92664534	9	7	2
9d4ced21-c3f5-56bb-9f9d-0a8b5c11503d	chr13	92666311	92667690	6	3	3
9d4ced21-c3f5-56bb-9f9d-0a8b5c11503d	chr13	92670481	93370037	10	8	2
9d4ced21-c3f5-56bb-9f9d-0a8b5c11503d	chr13	93381161	102484829	9	7	2
9d4ced21-c3f5-56bb-9f9d-0a8b5c11503d	chr13	102484984	109591078	7	5	2
9d4ced21-c3f5-56bb-9f9d-0a8b5c11503d	chr13	109591474	114342922	6	3	3
9d4ced21-c3f5-56bb-9f9d-0a8b5c11503d	chr14	18239283	19957350	8	6	2
9d4ced21-c3f5-56bb-9f9d-0a8b5c11503d	chr14	19957701	21201170	3	3	0
9d4ced21-c3f5-56bb-9f9d-0a8b5c11503d	chr14	21201442	28180338	7	4	3
9d4ced21-c3f5-56bb-9f9d-0a8b5c11503d	chr14	28182941	29495243	9	5	4
9d4ced21-c3f5-56bb-9f9d-0a8b5c11503d	chr14	29496518	30425094	8	4	4
9d4ced21-c3f5-56bb-9f9d-0a8b5c11503d	chr14	30429034	32370364	3	3	0
9d4ced21-c3f5-56bb-9f9d-0a8b5c11503d	chr14	32383697	32614675	35	31	4
9d4ced21-c3f5-56bb-9f9d-0a8b5c11503d	chr14	32616009	36367866	3	3	0
9d4ced21-c3f5-56bb-9f9d-0a8b5c11503d	chr14	36370486	38471304	5	3	2
9d4ced21-c3f5-56bb-9f9d-0a8b5c11503d	chr14	38474162	38909442	3	3	0
9d4ced21-c3f5-56bb-9f9d-0a8b5c11503d	chr14	38910082	39245783	11	8	3
9d4ced21-c3f5-56bb-9f9d-0a8b5c11503d	chr14	39249897	39283162	11	9	2
9d4ced21-c3f5-56bb-9f9d-0a8b5c11503d	chr14	39288082	42788273	3	3	0
9d4ced21-c3f5-56bb-9f9d-0a8b5c11503d	chr14	42788289	43539110	6	4	2
9d4ced21-c3f5-56bb-9f9d-0a8b5c11503d	chr14	43541534	46996487	3	3	0
9d4ced21-c3f5-56bb-9f9d-0a8b5c11503d	chr14	46996956	47460809	5	5	0
9d4ced21-c3f5-56bb-9f9d-0a8b5c11503d	chr14	47461054	47710389	3	3	0
9d4ced21-c3f5-56bb-9f9d-0a8b5c11503d	chr14	47713487	47723637	7	6	1
9d4ced21-c3f5-56bb-9f9d-0a8b5c11503d	chr14	47724733	48388081	5	5	0
9d4ced21-c3f5-56bb-9f9d-0a8b5c11503d	chr14	48388340	49260807	25	20	5
9d4ced21-c3f5-56bb-9f9d-0a8b5c11503d	chr14	49261431	49355140	16	13	3
9d4ced21-c3f5-56bb-9f9d-0a8b5c11503d	chr14	49355738	49459689	14	11	3
9d4ced21-c3f5-56bb-9f9d-0a8b5c11503d	chr14	49462709	50526218	13	7	6
9d4ced21-c3f5-56bb-9f9d-0a8b5c11503d	chr14	50527033	51809037	5	5	0
9d4ced21-c3f5-56bb-9f9d-0a8b5c11503d	chr14	51809100	52282718	8	8	0
9d4ced21-c3f5-56bb-9f9d-0a8b5c11503d	chr14	52283743	58829529	5	5	0
9d4ced21-c3f5-56bb-9f9d-0a8b5c11503d	chr14	58832163	59107272	3	3	0
9d4ced21-c3f5-56bb-9f9d-0a8b5c11503d	chr14	59107914	60085625	11	8	3
9d4ced21-c3f5-56bb-9f9d-0a8b5c11503d	chr14	60085909	61000185	10	5	5
9d4ced21-c3f5-56bb-9f9d-0a8b5c11503d	chr14	61008540	63060793	3	3	0
9d4ced21-c3f5-56bb-9f9d-0a8b5c11503d	chr14	63062212	64462940	5	5	0
9d4ced21-c3f5-56bb-9f9d-0a8b5c11503d	chr14	64478371	65351874	3	3	0
9d4ced21-c3f5-56bb-9f9d-0a8b5c11503d	chr14	65355775	67451012	5	5	0
9d4ced21-c3f5-56bb-9f9d-0a8b5c11503d	chr14	67453014	68668750	3	3	0
9d4ced21-c3f5-56bb-9f9d-0a8b5c11503d	chr14	68669036	77658748	5	5	0
9d4ced21-c3f5-56bb-9f9d-0a8b5c11503d	chr14	77658779	84604699	4	4	0
9d4ced21-c3f5-56bb-9f9d-0a8b5c11503d	chr14	84612521	87506971	12	6	6
9d4ced21-c3f5-56bb-9f9d-0a8b5c11503d	chr14	87509605	92105635	4	4	0
9d4ced21-c3f5-56bb-9f9d-0a8b5c11503d	chr14	92105688	93882240	5	5	0
9d4ced21-c3f5-56bb-9f9d-0a8b5c11503d	chr14	93885309	94499500	4	4	0
9d4ced21-c3f5-56bb-9f9d-0a8b5c11503d	chr14	94500833	97077223	5	5	0
9d4ced21-c3f5-56bb-9f9d-0a8b5c11503d	chr14	97077313	98527377	6	6	0
9d4ced21-c3f5-56bb-9f9d-0a8b5c11503d	chr14	98528849	99766791	4	4	0
9d4ced21-c3f5-56bb-9f9d-0a8b5c11503d	chr14	99771874	100266809	1	1	0
9d4ced21-c3f5-56bb-9f9d-0a8b5c11503d	chr14	100275762	102102074	5	5	0
9d4ced21-c3f5-56bb-9f9d-0a8b5c11503d	chr14	102102636	104006996	23	12	11
9d4ced21-c3f5-56bb-9f9d-0a8b5c11503d	chr14	104011210	106877229	11	11	0
9d4ced21-c3f5-56bb-9f9d-0a8b5c11503d	chr15	19811075	63740838	3	3	0
9d4ced21-c3f5-56bb-9f9d-0a8b5c11503d	chr15	63752639	63859547	0	0	0
9d4ced21-c3f5-56bb-9f9d-0a8b5c11503d	chr15	63862436	63897102	16	14	2
9d4ced21-c3f5-56bb-9f9d-0a8b5c11503d	chr15	63897505	64038603	24	24	0
9d4ced21-c3f5-56bb-9f9d-0a8b5c11503d	chr15	64039113	64130492	22	20	2
9d4ced21-c3f5-56bb-9f9d-0a8b5c11503d	chr15	64136129	66650031	6	6	0
9d4ced21-c3f5-56bb-9f9d-0a8b5c11503d	chr15	66650476	69103586	5	5	0
9d4ced21-c3f5-56bb-9f9d-0a8b5c11503d	chr15	69106416	70284729	8	8	0
9d4ced21-c3f5-56bb-9f9d-0a8b5c11503d	chr15	70286443	74423618	5	5	0
9d4ced21-c3f5-56bb-9f9d-0a8b5c11503d	chr15	74425561	76066714	8	8	0
9d4ced21-c3f5-56bb-9f9d-0a8b5c11503d	chr15	76067825	76853059	4	4	0
9d4ced21-c3f5-56bb-9f9d-0a8b5c11503d	chr15	76855633	77973345	8	8	0
9d4ced21-c3f5-56bb-9f9d-0a8b5c11503d	chr15	77974385	78429881	5	5	0
9d4ced21-c3f5-56bb-9f9d-0a8b5c11503d	chr15	78432127	81749885	8	8	0
9d4ced21-c3f5-56bb-9f9d-0a8b5c11503d	chr15	81750393	82529564	5	5	0
9d4ced21-c3f5-56bb-9f9d-0a8b5c11503d	chr15	82529580	97753511	8	8	0
9d4ced21-c3f5-56bb-9f9d-0a8b5c11503d	chr15	97753748	99051652	89	86	3
9d4ced21-c3f5-56bb-9f9d-0a8b5c11503d	chr15	99051746	100188485	7	7	0
9d4ced21-c3f5-56bb-9f9d-0a8b5c11503d	chr15	100190888	101452264	9	7	2
9d4ced21-c3f5-56bb-9f9d-0a8b5c11503d	chr15	101453199	101928837	7	7	0
9d4ced21-c3f5-56bb-9f9d-0a8b5c11503d	chr16	10777	13653681	5	3	2
9d4ced21-c3f5-56bb-9f9d-0a8b5c11503d	chr16	13653719	13736159	6	5	1
9d4ced21-c3f5-56bb-9f9d-0a8b5c11503d	chr16	13736224	23995584	5	3	2
9d4ced21-c3f5-56bb-9f9d-0a8b5c11503d	chr16	23996692	26741430	7	4	3
9d4ced21-c3f5-56bb-9f9d-0a8b5c11503d	chr16	26743627	27423212	5	3	2
9d4ced21-c3f5-56bb-9f9d-0a8b5c11503d	chr16	27423606	36048855	6	3	3
9d4ced21-c3f5-56bb-9f9d-0a8b5c11503d	chr16	46441986	64054362	7	5	2
9d4ced21-c3f5-56bb-9f9d-0a8b5c11503d	chr16	64054746	66538557	10	5	5
9d4ced21-c3f5-56bb-9f9d-0a8b5c11503d	chr16	66540230	76971290	6	4	2
9d4ced21-c3f5-56bb-9f9d-0a8b5c11503d	chr16	76972131	80366356	8	4	4
9d4ced21-c3f5-56bb-9f9d-0a8b5c11503d	chr16	80369399	82949462	7	4	3
9d4ced21-c3f5-56bb-9f9d-0a8b5c11503d	chr16	82950968	90096867	6	4	2
9d4ced21-c3f5-56bb-9f9d-0a8b5c11503d	chr17	150733	1066431	3	3	0
9d4ced21-c3f5-56bb-9f9d-0a8b5c11503d	chr17	1066483	1521851	5	5	0
9d4ced21-c3f5-56bb-9f9d-0a8b5c11503d	chr17	1526124	7700029	3	3	0
9d4ced21-c3f5-56bb-9f9d-0a8b5c11503d	chr17	7700626	8457781	13	10	3
9d4ced21-c3f5-56bb-9f9d-0a8b5c11503d	chr17	8458434	8783061	8	4	4
9d4ced21-c3f5-56bb-9f9d-0a8b5c11503d	chr17	8784533	8883824	15	13	2
9d4ced21-c3f5-56bb-9f9d-0a8b5c11503d	chr17	8884092	10365178	31	28	3
9d4ced21-c3f5-56bb-9f9d-0a8b5c11503d	chr17	10369319	11061184	39	36	3
9d4ced21-c3f5-56bb-9f9d-0a8b5c11503d	chr17	11064186	11650868	15	11	4
9d4ced21-c3f5-56bb-9f9d-0a8b5c11503d	chr17	11650889	12372419	7	4	3
9d4ced21-c3f5-56bb-9f9d-0a8b5c11503d	chr17	12373067	12774594	24	21	3
9d4ced21-c3f5-56bb-9f9d-0a8b5c11503d	chr17	12775326	13078325	14	11	3
9d4ced21-c3f5-56bb-9f9d-0a8b5c11503d	chr17	13078508	13100038	6	5	1
9d4ced21-c3f5-56bb-9f9d-0a8b5c11503d	chr17	13100076	29519857	5	3	2
9d4ced21-c3f5-56bb-9f9d-0a8b5c11503d	chr17	29521052	32717296	2	2	0
9d4ced21-c3f5-56bb-9f9d-0a8b5c11503d	chr17	32717730	34678675	4	2	2
9d4ced21-c3f5-56bb-9f9d-0a8b5c11503d	chr17	34678939	38254727	2	2	0
9d4ced21-c3f5-56bb-9f9d-0a8b5c11503d	chr17	38262539	38778726	4	2	2
9d4ced21-c3f5-56bb-9f9d-0a8b5c11503d	chr17	38779422	39317530	2	2	0
9d4ced21-c3f5-56bb-9f9d-0a8b5c11503d	chr17	39318815	41265456	4	2	2
9d4ced21-c3f5-56bb-9f9d-0a8b5c11503d	chr17	41266762	41274279	14	14	0
9d4ced21-c3f5-56bb-9f9d-0a8b5c11503d	chr17	41276472	47686869	4	2	2
9d4ced21-c3f5-56bb-9f9d-0a8b5c11503d	chr17	47687326	57758262	5	3	2
9d4ced21-c3f5-56bb-9f9d-0a8b5c11503d	chr17	57760549	57972275	7	4	3
9d4ced21-c3f5-56bb-9f9d-0a8b5c11503d	chr17	57973115	82506685	5	3	2
9d4ced21-c3f5-56bb-9f9d-0a8b5c11503d	chr17	82506738	83091923	6	3	3
9d4ced21-c3f5-56bb-9f9d-0a8b5c11503d	chr18	48133	4975986	3	3	0
9d4ced21-c3f5-56bb-9f9d-0a8b5c11503d	chr18	4976161	4980178	0	0	0
9d4ced21-c3f5-56bb-9f9d-0a8b5c11503d	chr18	4985483	22615019	3	3	0
9d4ced21-c3f5-56bb-9f9d-0a8b5c11503d	chr18	22615927	23685001	8	4	4
9d4ced21-c3f5-56bb-9f9d-0a8b5c11503d	chr18	23685802	68001627	3	3	0
9d4ced21-c3f5-56bb-9f9d-0a8b5c11503d	chr18	68001994	68141213	7	7	0
9d4ced21-c3f5-56bb-9f9d-0a8b5c11503d	chr18	68157544	80191205	3	3	0
9d4ced21-c3f5-56bb-9f9d-0a8b5c11503d	chr18	80192660	80257174	0	0	0
9d4ced21-c3f5-56bb-9f9d-0a8b5c11503d	chr19	90910	2327991	3	3	0
9d4ced21-c3f5-56bb-9f9d-0a8b5c11503d	chr19	2328434	2906477	5	3	2
9d4ced21-c3f5-56bb-9f9d-0a8b5c11503d	chr19	2909035	4653836	3	3	0
9d4ced21-c3f5-56bb-9f9d-0a8b5c11503d	chr19	4655534	4805732	6	3	3
9d4ced21-c3f5-56bb-9f9d-0a8b5c11503d	chr19	4806497	5519315	3	3	0
9d4ced21-c3f5-56bb-9f9d-0a8b5c11503d	chr19	5519433	7826806	6	3	3
9d4ced21-c3f5-56bb-9f9d-0a8b5c11503d	chr19	7833709	10127871	3	3	0
9d4ced21-c3f5-56bb-9f9d-0a8b5c11503d	chr19	10129990	14141814	6	3	3
9d4ced21-c3f5-56bb-9f9d-0a8b5c11503d	chr19	14142214	22606506	3	3	0
9d4ced21-c3f5-56bb-9f9d-0a8b5c11503d	chr19	22606628	23722803	5	4	1
9d4ced21-c3f5-56bb-9f9d-0a8b5c11503d	chr19	23725988	23767697	10	10	0
9d4ced21-c3f5-56bb-9f9d-0a8b5c11503d	chr19	23768252	24202622	5	4	1
9d4ced21-c3f5-56bb-9f9d-0a8b5c11503d	chr19	24219440	24324370	8	8	0
9d4ced21-c3f5-56bb-9f9d-0a8b5c11503d	chr19	24338821	27509930	6	5	1
9d4ced21-c3f5-56bb-9f9d-0a8b5c11503d	chr19	27516125	33519283	7	4	3
9d4ced21-c3f5-56bb-9f9d-0a8b5c11503d	chr19	33520342	58586487	6	3	3
9d4ced21-c3f5-56bb-9f9d-0a8b5c11503d	chr20	80664	8763049	6	6	0
9d4ced21-c3f5-56bb-9f9d-0a8b5c11503d	chr20	8763156	8794868	12	11	1
9d4ced21-c3f5-56bb-9f9d-0a8b5c11503d	chr20	8795004	19239962	3	3	0
9d4ced21-c3f5-56bb-9f9d-0a8b5c11503d	chr20	19240267	19579256	4	2	2
9d4ced21-c3f5-56bb-9f9d-0a8b5c11503d	chr20	19580020	26285677	3	3	0
9d4ced21-c3f5-56bb-9f9d-0a8b5c11503d	chr20	26285930	38625307	7	4	3
9d4ced21-c3f5-56bb-9f9d-0a8b5c11503d	chr20	38625345	57229414	8	4	4
9d4ced21-c3f5-56bb-9f9d-0a8b5c11503d	chr20	57230071	57544993	10	7	3
9d4ced21-c3f5-56bb-9f9d-0a8b5c11503d	chr20	57546732	63615625	8	4	4
9d4ced21-c3f5-56bb-9f9d-0a8b5c11503d	chr20	63615833	64324800	6	3	3
9d4ced21-c3f5-56bb-9f9d-0a8b5c11503d	chr21	12973348	46677045	3	3	0
9d4ced21-c3f5-56bb-9f9d-0a8b5c11503d	chr22	16392123	19701544	8	6	2
9d4ced21-c3f5-56bb-9f9d-0a8b5c11503d	chr22	19703133	22164140	6	6	0
9d4ced21-c3f5-56bb-9f9d-0a8b5c11503d	chr22	22164218	22165674	3	3	0
9d4ced21-c3f5-56bb-9f9d-0a8b5c11503d	chr22	22168470	34358110	6	6	0
9d4ced21-c3f5-56bb-9f9d-0a8b5c11503d	chr22	34360728	34404130	15	14	1
9d4ced21-c3f5-56bb-9f9d-0a8b5c11503d	chr22	34405307	35635949	16	8	8
9d4ced21-c3f5-56bb-9f9d-0a8b5c11503d	chr22	35636382	38312399	9	5	4
9d4ced21-c3f5-56bb-9f9d-0a8b5c11503d	chr22	38312601	38519498	9	8	1
9d4ced21-c3f5-56bb-9f9d-0a8b5c11503d	chr22	38525491	45769221	8	4	4
9d4ced21-c3f5-56bb-9f9d-0a8b5c11503d	chr22	45770773	50796027	5	5	0
9d4ced21-c3f5-56bb-9f9d-0a8b5c11503d	chrX	251810	3756521	3	3	0
9d4ced21-c3f5-56bb-9f9d-0a8b5c11503d	chrX	3758295	7085407	8	4	4
9d4ced21-c3f5-56bb-9f9d-0a8b5c11503d	chrX	7085666	7201867	6	3	3
9d4ced21-c3f5-56bb-9f9d-0a8b5c11503d	chrX	7202380	21660033	8	4	4
9d4ced21-c3f5-56bb-9f9d-0a8b5c11503d	chrX	21660602	21717047	3	3	0
9d4ced21-c3f5-56bb-9f9d-0a8b5c11503d	chrX	21717761	21723512	5	3	2
9d4ced21-c3f5-56bb-9f9d-0a8b5c11503d	chrX	21724087	28851008	3	3	0
9d4ced21-c3f5-56bb-9f9d-0a8b5c11503d	chrX	28851102	31428686	8	4	4
9d4ced21-c3f5-56bb-9f9d-0a8b5c11503d	chrX	31429979	32456676	7	5	2
9d4ced21-c3f5-56bb-9f9d-0a8b5c11503d	chrX	32456703	33429433	6	5	1
9d4ced21-c3f5-56bb-9f9d-0a8b5c11503d	chrX	33434674	33673448	25	24	1
9d4ced21-c3f5-56bb-9f9d-0a8b5c11503d	chrX	33684300	34968847	8	4	4
9d4ced21-c3f5-56bb-9f9d-0a8b5c11503d	chrX	34971096	35307534	29	25	4
9d4ced21-c3f5-56bb-9f9d-0a8b5c11503d	chrX	35309488	35331907	17	9	8
9d4ced21-c3f5-56bb-9f9d-0a8b5c11503d	chrX	35333783	80116270	8	4	4
9d4ced21-c3f5-56bb-9f9d-0a8b5c11503d	chrX	80118007	97015509	9	5	4
9d4ced21-c3f5-56bb-9f9d-0a8b5c11503d	chrX	97016400	97175854	5	4	1
9d4ced21-c3f5-56bb-9f9d-0a8b5c11503d	chrX	97176869	97772026	10	5	5
9d4ced21-c3f5-56bb-9f9d-0a8b5c11503d	chrX	97772330	108450241	9	5	4
9d4ced21-c3f5-56bb-9f9d-0a8b5c11503d	chrX	108455585	108771782	30	30	0
9d4ced21-c3f5-56bb-9f9d-0a8b5c11503d	chrX	108772825	113025793	8	4	4
9d4ced21-c3f5-56bb-9f9d-0a8b5c11503d	chrX	113025950	141658984	7	4	3
9d4ced21-c3f5-56bb-9f9d-0a8b5c11503d	chrX	141659258	146247195	8	4	4
9d4ced21-c3f5-56bb-9f9d-0a8b5c11503d	chrX	146251951	146284128	12	6	6
9d4ced21-c3f5-56bb-9f9d-0a8b5c11503d	chrX	146284274	156004181	8	4	4
9d4ced21-c3f5-56bb-9f9d-0a8b5c11503d	chrY	2782397	56872112	0	0	0
