GDC_Aliquot	Chromosome	Start	End	Copy_Number	Major_Copy_Number	Minor_Copy_Number
b3479c73-68ba-5423-bb4b-649f234779e4	chr1	62920	57962744	3	2	1
b3479c73-68ba-5423-bb4b-649f234779e4	chr1	57963107	57997868	4	3	1
b3479c73-68ba-5423-bb4b-649f234779e4	chr1	57998713	119356198	3	2	1
b3479c73-68ba-5423-bb4b-649f234779e4	chr1	119356412	121705338	4	2	2
b3479c73-68ba-5423-bb4b-649f234779e4	chr1	143541857	164387438	3	2	1
b3479c73-68ba-5423-bb4b-649f234779e4	chr1	164388962	165077278	4	2	2
b3479c73-68ba-5423-bb4b-649f234779e4	chr1	165077328	167112300	3	2	1
b3479c73-68ba-5423-bb4b-649f234779e4	chr1	167114466	169148644	4	2	2
b3479c73-68ba-5423-bb4b-649f234779e4	chr1	169150709	171379897	3	2	1
b3479c73-68ba-5423-bb4b-649f234779e4	chr1	171383889	172722694	4	2	2
b3479c73-68ba-5423-bb4b-649f234779e4	chr1	172722980	174374864	3	2	1
b3479c73-68ba-5423-bb4b-649f234779e4	chr1	174384762	180910028	2	1	1
b3479c73-68ba-5423-bb4b-649f234779e4	chr1	180914476	182512783	3	2	1
b3479c73-68ba-5423-bb4b-649f234779e4	chr1	182512855	182840976	5	4	1
b3479c73-68ba-5423-bb4b-649f234779e4	chr1	182844499	187413428	2	1	1
b3479c73-68ba-5423-bb4b-649f234779e4	chr1	187415345	188899006	3	2	1
b3479c73-68ba-5423-bb4b-649f234779e4	chr1	188901185	198080287	2	1	1
b3479c73-68ba-5423-bb4b-649f234779e4	chr1	198086208	198404022	6	5	1
b3479c73-68ba-5423-bb4b-649f234779e4	chr1	198404265	200406634	2	1	1
b3479c73-68ba-5423-bb4b-649f234779e4	chr1	200408437	204240497	3	2	1
b3479c73-68ba-5423-bb4b-649f234779e4	chr1	204240863	204473940	5	4	1
b3479c73-68ba-5423-bb4b-649f234779e4	chr1	204475334	205710710	3	2	1
b3479c73-68ba-5423-bb4b-649f234779e4	chr1	205713981	248930189	2	1	1
b3479c73-68ba-5423-bb4b-649f234779e4	chr2	12784	724368	2	1	1
b3479c73-68ba-5423-bb4b-649f234779e4	chr2	724472	2609647	4	2	2
b3479c73-68ba-5423-bb4b-649f234779e4	chr2	2610188	3561033	2	1	1
b3479c73-68ba-5423-bb4b-649f234779e4	chr2	3561166	9815239	3	2	1
b3479c73-68ba-5423-bb4b-649f234779e4	chr2	9818368	10181186	2	1	1
b3479c73-68ba-5423-bb4b-649f234779e4	chr2	10181530	14284401	3	2	1
b3479c73-68ba-5423-bb4b-649f234779e4	chr2	14287182	14829315	2	2	0
b3479c73-68ba-5423-bb4b-649f234779e4	chr2	14832887	21818236	3	2	1
b3479c73-68ba-5423-bb4b-649f234779e4	chr2	21818504	36341991	2	2	0
b3479c73-68ba-5423-bb4b-649f234779e4	chr2	36343322	48897563	3	2	1
b3479c73-68ba-5423-bb4b-649f234779e4	chr2	48897666	80721517	2	2	0
b3479c73-68ba-5423-bb4b-649f234779e4	chr2	80728488	81862553	3	2	1
b3479c73-68ba-5423-bb4b-649f234779e4	chr2	81863574	83932355	2	2	0
b3479c73-68ba-5423-bb4b-649f234779e4	chr2	83934419	101568570	4	2	2
b3479c73-68ba-5423-bb4b-649f234779e4	chr2	101568966	111240098	3	2	1
b3479c73-68ba-5423-bb4b-649f234779e4	chr2	111244312	112819338	4	2	2
b3479c73-68ba-5423-bb4b-649f234779e4	chr2	112820380	136767314	3	2	1
b3479c73-68ba-5423-bb4b-649f234779e4	chr2	136770135	137537473	2	2	0
b3479c73-68ba-5423-bb4b-649f234779e4	chr2	137537605	153681890	3	2	1
b3479c73-68ba-5423-bb4b-649f234779e4	chr2	153682058	154088178	2	1	1
b3479c73-68ba-5423-bb4b-649f234779e4	chr2	154095281	185926477	3	2	1
b3479c73-68ba-5423-bb4b-649f234779e4	chr2	185928992	186124118	1	1	0
b3479c73-68ba-5423-bb4b-649f234779e4	chr2	186126409	190442000	3	2	1
b3479c73-68ba-5423-bb4b-649f234779e4	chr2	190448710	191905376	2	2	0
b3479c73-68ba-5423-bb4b-649f234779e4	chr2	191905667	193738560	3	2	1
b3479c73-68ba-5423-bb4b-649f234779e4	chr2	193741531	198704161	2	2	0
b3479c73-68ba-5423-bb4b-649f234779e4	chr2	198704477	200301792	3	2	1
b3479c73-68ba-5423-bb4b-649f234779e4	chr2	200302138	210485464	2	2	0
b3479c73-68ba-5423-bb4b-649f234779e4	chr2	210487750	211212021	6	3	3
b3479c73-68ba-5423-bb4b-649f234779e4	chr2	211214875	212138949	2	2	0
b3479c73-68ba-5423-bb4b-649f234779e4	chr2	212139009	215169660	1	1	0
b3479c73-68ba-5423-bb4b-649f234779e4	chr2	215172168	217570402	2	2	0
b3479c73-68ba-5423-bb4b-649f234779e4	chr2	217572081	218379317	1	1	0
b3479c73-68ba-5423-bb4b-649f234779e4	chr2	218382584	218490269	5	4	1
b3479c73-68ba-5423-bb4b-649f234779e4	chr2	218499339	223693444	1	1	0
b3479c73-68ba-5423-bb4b-649f234779e4	chr2	223693725	228993792	2	2	0
b3479c73-68ba-5423-bb4b-649f234779e4	chr2	228996730	229623151	1	1	0
b3479c73-68ba-5423-bb4b-649f234779e4	chr2	229623210	229802823	2	2	0
b3479c73-68ba-5423-bb4b-649f234779e4	chr2	229802854	233599156	1	1	0
b3479c73-68ba-5423-bb4b-649f234779e4	chr2	233603237	242147305	2	2	0
b3479c73-68ba-5423-bb4b-649f234779e4	chr3	20930	60455754	2	2	0
b3479c73-68ba-5423-bb4b-649f234779e4	chr3	60456038	60494194	0	0	0
b3479c73-68ba-5423-bb4b-649f234779e4	chr3	60497219	83463708	2	2	0
b3479c73-68ba-5423-bb4b-649f234779e4	chr3	83466639	93829655	3	3	0
b3479c73-68ba-5423-bb4b-649f234779e4	chr3	93832701	98526940	1	1	0
b3479c73-68ba-5423-bb4b-649f234779e4	chr3	98530821	99610322	2	1	1
b3479c73-68ba-5423-bb4b-649f234779e4	chr3	99610560	112815091	1	1	0
b3479c73-68ba-5423-bb4b-649f234779e4	chr3	112815222	113558161	2	1	1
b3479c73-68ba-5423-bb4b-649f234779e4	chr3	113560391	116182140	1	1	0
b3479c73-68ba-5423-bb4b-649f234779e4	chr3	116182185	117083145	0	0	0
b3479c73-68ba-5423-bb4b-649f234779e4	chr3	117083464	117112578	1	1	0
b3479c73-68ba-5423-bb4b-649f234779e4	chr3	117112654	117347799	0	0	0
b3479c73-68ba-5423-bb4b-649f234779e4	chr3	117348097	117475499	1	1	0
b3479c73-68ba-5423-bb4b-649f234779e4	chr3	117475795	121122760	2	2	0
b3479c73-68ba-5423-bb4b-649f234779e4	chr3	121123841	121887607	3	2	1
b3479c73-68ba-5423-bb4b-649f234779e4	chr3	121887891	123121949	1	1	0
b3479c73-68ba-5423-bb4b-649f234779e4	chr3	123122252	124568014	2	1	1
b3479c73-68ba-5423-bb4b-649f234779e4	chr3	124568665	129757011	2	2	0
b3479c73-68ba-5423-bb4b-649f234779e4	chr3	129758076	130942139	3	2	1
b3479c73-68ba-5423-bb4b-649f234779e4	chr3	130945060	136630794	2	2	0
b3479c73-68ba-5423-bb4b-649f234779e4	chr3	136631959	138546119	3	2	1
b3479c73-68ba-5423-bb4b-649f234779e4	chr3	138554543	143813722	2	2	0
b3479c73-68ba-5423-bb4b-649f234779e4	chr3	143813963	145106388	3	2	1
b3479c73-68ba-5423-bb4b-649f234779e4	chr3	145110342	145764299	2	2	0
b3479c73-68ba-5423-bb4b-649f234779e4	chr3	145767368	146393935	3	2	1
b3479c73-68ba-5423-bb4b-649f234779e4	chr3	146395367	148994468	2	2	0
b3479c73-68ba-5423-bb4b-649f234779e4	chr3	148994869	150819128	3	2	1
b3479c73-68ba-5423-bb4b-649f234779e4	chr3	150822831	152871066	2	2	0
b3479c73-68ba-5423-bb4b-649f234779e4	chr3	152872973	156278286	3	2	1
b3479c73-68ba-5423-bb4b-649f234779e4	chr3	156278335	158555404	2	2	0
b3479c73-68ba-5423-bb4b-649f234779e4	chr3	158557801	158841513	3	2	1
b3479c73-68ba-5423-bb4b-649f234779e4	chr3	158849385	167775513	2	2	0
b3479c73-68ba-5423-bb4b-649f234779e4	chr3	167775746	168467674	3	2	1
b3479c73-68ba-5423-bb4b-649f234779e4	chr3	168472934	172700582	1	1	0
b3479c73-68ba-5423-bb4b-649f234779e4	chr3	172701101	172727097	4	4	0
b3479c73-68ba-5423-bb4b-649f234779e4	chr3	172727305	174883280	2	2	0
b3479c73-68ba-5423-bb4b-649f234779e4	chr3	174890867	175153895	0	0	0
b3479c73-68ba-5423-bb4b-649f234779e4	chr3	175154111	175186102	2	2	0
b3479c73-68ba-5423-bb4b-649f234779e4	chr3	175191628	175373674	0	0	0
b3479c73-68ba-5423-bb4b-649f234779e4	chr3	175373811	198169247	2	2	0
b3479c73-68ba-5423-bb4b-649f234779e4	chr4	68929	20849257	2	2	0
b3479c73-68ba-5423-bb4b-649f234779e4	chr4	20849363	20927341	3	2	1
b3479c73-68ba-5423-bb4b-649f234779e4	chr4	20927895	22067050	4	2	2
b3479c73-68ba-5423-bb4b-649f234779e4	chr4	22069078	23116447	6	3	3
b3479c73-68ba-5423-bb4b-649f234779e4	chr4	23116760	32852521	4	2	2
b3479c73-68ba-5423-bb4b-649f234779e4	chr4	32854697	40346603	3	2	1
b3479c73-68ba-5423-bb4b-649f234779e4	chr4	40347202	46046894	2	2	0
b3479c73-68ba-5423-bb4b-649f234779e4	chr4	46056407	49146817	3	2	1
b3479c73-68ba-5423-bb4b-649f234779e4	chr4	49146905	54973430	4	2	2
b3479c73-68ba-5423-bb4b-649f234779e4	chr4	54973750	65587145	3	2	1
b3479c73-68ba-5423-bb4b-649f234779e4	chr4	65587231	72689721	2	1	1
b3479c73-68ba-5423-bb4b-649f234779e4	chr4	72693098	74395973	4	3	1
b3479c73-68ba-5423-bb4b-649f234779e4	chr4	74404625	78928298	2	1	1
b3479c73-68ba-5423-bb4b-649f234779e4	chr4	78929560	83842391	4	3	1
b3479c73-68ba-5423-bb4b-649f234779e4	chr4	83842516	84228792	5	4	1
b3479c73-68ba-5423-bb4b-649f234779e4	chr4	84230665	103218972	2	1	1
b3479c73-68ba-5423-bb4b-649f234779e4	chr4	103219691	168841359	3	2	1
b3479c73-68ba-5423-bb4b-649f234779e4	chr4	168841617	180490707	2	1	1
b3479c73-68ba-5423-bb4b-649f234779e4	chr4	180491402	180773361	1	1	0
b3479c73-68ba-5423-bb4b-649f234779e4	chr4	180774615	182588952	2	1	1
b3479c73-68ba-5423-bb4b-649f234779e4	chr4	182590292	190106768	3	2	1
b3479c73-68ba-5423-bb4b-649f234779e4	chr5	15532	3313321	4	2	2
b3479c73-68ba-5423-bb4b-649f234779e4	chr5	3313814	9174158	5	3	2
b3479c73-68ba-5423-bb4b-649f234779e4	chr5	9174269	9186923	9	5	4
b3479c73-68ba-5423-bb4b-649f234779e4	chr5	9190292	19167576	5	3	2
b3479c73-68ba-5423-bb4b-649f234779e4	chr5	19167590	55973213	4	2	2
b3479c73-68ba-5423-bb4b-649f234779e4	chr5	55974295	59549127	3	2	1
b3479c73-68ba-5423-bb4b-649f234779e4	chr5	59549169	60251134	2	1	1
b3479c73-68ba-5423-bb4b-649f234779e4	chr5	60253509	107618844	3	2	1
b3479c73-68ba-5423-bb4b-649f234779e4	chr5	107619425	126489387	2	2	0
b3479c73-68ba-5423-bb4b-649f234779e4	chr5	126489569	127081980	1	1	0
b3479c73-68ba-5423-bb4b-649f234779e4	chr5	127084200	156287111	2	1	1
b3479c73-68ba-5423-bb4b-649f234779e4	chr5	156287334	165080252	3	2	1
b3479c73-68ba-5423-bb4b-649f234779e4	chr5	165080406	165355597	0	0	0
b3479c73-68ba-5423-bb4b-649f234779e4	chr5	165361432	165976535	3	2	1
b3479c73-68ba-5423-bb4b-649f234779e4	chr5	165976741	166411316	1	1	0
b3479c73-68ba-5423-bb4b-649f234779e4	chr5	166411466	167688176	2	2	0
b3479c73-68ba-5423-bb4b-649f234779e4	chr5	167690411	167947381	3	2	1
b3479c73-68ba-5423-bb4b-649f234779e4	chr5	167947543	168358580	2	2	0
b3479c73-68ba-5423-bb4b-649f234779e4	chr5	168360292	168483225	3	2	1
b3479c73-68ba-5423-bb4b-649f234779e4	chr5	168483920	171622558	2	2	0
b3479c73-68ba-5423-bb4b-649f234779e4	chr5	171622983	178263728	3	2	1
b3479c73-68ba-5423-bb4b-649f234779e4	chr5	178263977	181363319	2	2	0
b3479c73-68ba-5423-bb4b-649f234779e4	chr6	149661	18742521	3	2	1
b3479c73-68ba-5423-bb4b-649f234779e4	chr6	18742649	18959054	6	5	1
b3479c73-68ba-5423-bb4b-649f234779e4	chr6	18960352	20112705	3	2	1
b3479c73-68ba-5423-bb4b-649f234779e4	chr6	20115741	20146708	0	0	0
b3479c73-68ba-5423-bb4b-649f234779e4	chr6	20147310	20340980	4	3	1
b3479c73-68ba-5423-bb4b-649f234779e4	chr6	20341305	29366823	2	1	1
b3479c73-68ba-5423-bb4b-649f234779e4	chr6	29367377	29707450	3	2	1
b3479c73-68ba-5423-bb4b-649f234779e4	chr6	29707838	42676908	2	1	1
b3479c73-68ba-5423-bb4b-649f234779e4	chr6	42678419	43678677	3	2	1
b3479c73-68ba-5423-bb4b-649f234779e4	chr6	43678710	48078196	5	4	1
b3479c73-68ba-5423-bb4b-649f234779e4	chr6	48085111	56427519	4	3	1
b3479c73-68ba-5423-bb4b-649f234779e4	chr6	56428212	61537957	3	2	1
b3479c73-68ba-5423-bb4b-649f234779e4	chr6	61537987	65731059	2	2	0
b3479c73-68ba-5423-bb4b-649f234779e4	chr6	65732036	101411645	1	1	0
b3479c73-68ba-5423-bb4b-649f234779e4	chr6	101412842	103280350	2	1	1
b3479c73-68ba-5423-bb4b-649f234779e4	chr6	103282618	103314186	7	7	0
b3479c73-68ba-5423-bb4b-649f234779e4	chr6	103317795	161861167	2	1	1
b3479c73-68ba-5423-bb4b-649f234779e4	chr6	161861892	162035504	0	0	0
b3479c73-68ba-5423-bb4b-649f234779e4	chr6	162038539	166213692	2	1	1
b3479c73-68ba-5423-bb4b-649f234779e4	chr6	166218680	167066136	1	1	0
b3479c73-68ba-5423-bb4b-649f234779e4	chr6	167067656	168055454	2	1	1
b3479c73-68ba-5423-bb4b-649f234779e4	chr6	168055815	168199288	4	3	1
b3479c73-68ba-5423-bb4b-649f234779e4	chr6	168204444	170741917	1	1	0
b3479c73-68ba-5423-bb4b-649f234779e4	chr7	43259	665647	5	3	2
b3479c73-68ba-5423-bb4b-649f234779e4	chr7	669137	2674049	4	2	2
b3479c73-68ba-5423-bb4b-649f234779e4	chr7	2674701	3892114	5	3	2
b3479c73-68ba-5423-bb4b-649f234779e4	chr7	3894683	4934872	3	2	1
b3479c73-68ba-5423-bb4b-649f234779e4	chr7	4941237	10031678	4	2	2
b3479c73-68ba-5423-bb4b-649f234779e4	chr7	10032481	14978234	5	3	2
b3479c73-68ba-5423-bb4b-649f234779e4	chr7	14979070	18732195	6	3	3
b3479c73-68ba-5423-bb4b-649f234779e4	chr7	18733876	18779052	5	4	1
b3479c73-68ba-5423-bb4b-649f234779e4	chr7	18779183	18790841	10	7	3
b3479c73-68ba-5423-bb4b-649f234779e4	chr7	18790866	19141077	6	4	2
b3479c73-68ba-5423-bb4b-649f234779e4	chr7	19141296	21193255	7	4	3
b3479c73-68ba-5423-bb4b-649f234779e4	chr7	21193496	31975683	5	3	2
b3479c73-68ba-5423-bb4b-649f234779e4	chr7	31975926	32933525	6	3	3
b3479c73-68ba-5423-bb4b-649f234779e4	chr7	32934020	43462935	3	3	0
b3479c73-68ba-5423-bb4b-649f234779e4	chr7	43464658	45063688	2	2	0
b3479c73-68ba-5423-bb4b-649f234779e4	chr7	45064172	45272580	1	1	0
b3479c73-68ba-5423-bb4b-649f234779e4	chr7	45273639	47198866	3	3	0
b3479c73-68ba-5423-bb4b-649f234779e4	chr7	47202384	57960264	2	2	0
b3479c73-68ba-5423-bb4b-649f234779e4	chr7	57960277	70357884	4	2	2
b3479c73-68ba-5423-bb4b-649f234779e4	chr7	70361431	76443274	3	2	1
b3479c73-68ba-5423-bb4b-649f234779e4	chr7	76445663	78259039	4	2	2
b3479c73-68ba-5423-bb4b-649f234779e4	chr7	78261382	78449933	1	1	0
b3479c73-68ba-5423-bb4b-649f234779e4	chr7	78450456	78484633	3	3	0
b3479c73-68ba-5423-bb4b-649f234779e4	chr7	78486869	78616091	0	0	0
b3479c73-68ba-5423-bb4b-649f234779e4	chr7	78616502	79406329	2	2	0
b3479c73-68ba-5423-bb4b-649f234779e4	chr7	79406883	79676432	1	1	0
b3479c73-68ba-5423-bb4b-649f234779e4	chr7	79677808	98532374	2	2	0
b3479c73-68ba-5423-bb4b-649f234779e4	chr7	98532944	144649882	3	3	0
b3479c73-68ba-5423-bb4b-649f234779e4	chr7	144652080	146646593	1	1	0
b3479c73-68ba-5423-bb4b-649f234779e4	chr7	146647013	152955643	3	3	0
b3479c73-68ba-5423-bb4b-649f234779e4	chr7	152956418	154882930	0	0	0
b3479c73-68ba-5423-bb4b-649f234779e4	chr7	154882944	159334314	1	1	0
b3479c73-68ba-5423-bb4b-649f234779e4	chr8	81254	25989755	2	1	1
b3479c73-68ba-5423-bb4b-649f234779e4	chr8	25989985	32058352	3	2	1
b3479c73-68ba-5423-bb4b-649f234779e4	chr8	32061695	43532946	2	1	1
b3479c73-68ba-5423-bb4b-649f234779e4	chr8	43533671	56483314	3	2	1
b3479c73-68ba-5423-bb4b-649f234779e4	chr8	56483358	62040559	4	2	2
b3479c73-68ba-5423-bb4b-649f234779e4	chr8	62041505	89228460	5	3	2
b3479c73-68ba-5423-bb4b-649f234779e4	chr8	89232009	89329957	10	6	4
b3479c73-68ba-5423-bb4b-649f234779e4	chr8	89330972	89343278	5	3	2
b3479c73-68ba-5423-bb4b-649f234779e4	chr8	89343667	89401018	8	4	4
b3479c73-68ba-5423-bb4b-649f234779e4	chr8	89409221	95452674	5	3	2
b3479c73-68ba-5423-bb4b-649f234779e4	chr8	95454638	96226605	6	4	2
b3479c73-68ba-5423-bb4b-649f234779e4	chr8	96226898	99868676	5	3	2
b3479c73-68ba-5423-bb4b-649f234779e4	chr8	99869645	103113031	4	2	2
b3479c73-68ba-5423-bb4b-649f234779e4	chr8	103116779	122614247	5	3	2
b3479c73-68ba-5423-bb4b-649f234779e4	chr8	122614565	125762612	4	2	2
b3479c73-68ba-5423-bb4b-649f234779e4	chr8	125764152	126500598	3	2	1
b3479c73-68ba-5423-bb4b-649f234779e4	chr8	126500718	129751280	4	2	2
b3479c73-68ba-5423-bb4b-649f234779e4	chr8	129752545	130477053	5	3	2
b3479c73-68ba-5423-bb4b-649f234779e4	chr8	130479701	141405338	4	2	2
b3479c73-68ba-5423-bb4b-649f234779e4	chr8	141406880	145072769	5	3	2
b3479c73-68ba-5423-bb4b-649f234779e4	chr9	46587	21933126	2	2	0
b3479c73-68ba-5423-bb4b-649f234779e4	chr9	21933945	22329736	0	0	0
b3479c73-68ba-5423-bb4b-649f234779e4	chr9	22333068	41741113	2	2	0
b3479c73-68ba-5423-bb4b-649f234779e4	chr9	60863881	100238729	3	2	1
b3479c73-68ba-5423-bb4b-649f234779e4	chr9	100239320	100562112	1	1	0
b3479c73-68ba-5423-bb4b-649f234779e4	chr9	100562230	138200944	3	2	1
b3479c73-68ba-5423-bb4b-649f234779e4	chr10	45792	38270793	1	1	0
b3479c73-68ba-5423-bb4b-649f234779e4	chr10	38277716	46291197	4	2	2
b3479c73-68ba-5423-bb4b-649f234779e4	chr10	46291301	51634176	4	3	1
b3479c73-68ba-5423-bb4b-649f234779e4	chr10	51634684	57167139	1	1	0
b3479c73-68ba-5423-bb4b-649f234779e4	chr10	57168903	63971092	2	2	0
b3479c73-68ba-5423-bb4b-649f234779e4	chr10	63976293	64076079	0	0	0
b3479c73-68ba-5423-bb4b-649f234779e4	chr10	64079799	105340164	2	2	0
b3479c73-68ba-5423-bb4b-649f234779e4	chr10	105342384	105557246	6	6	0
b3479c73-68ba-5423-bb4b-649f234779e4	chr10	105560231	126157608	2	2	0
b3479c73-68ba-5423-bb4b-649f234779e4	chr10	126160169	133654968	1	1	0
b3479c73-68ba-5423-bb4b-649f234779e4	chr11	198510	6703150	2	2	0
b3479c73-68ba-5423-bb4b-649f234779e4	chr11	6706989	7439727	1	1	0
b3479c73-68ba-5423-bb4b-649f234779e4	chr11	7439938	7481934	3	3	0
b3479c73-68ba-5423-bb4b-649f234779e4	chr11	7482164	10735038	2	2	0
b3479c73-68ba-5423-bb4b-649f234779e4	chr11	10738164	42436321	3	2	1
b3479c73-68ba-5423-bb4b-649f234779e4	chr11	42436958	43643172	4	2	2
b3479c73-68ba-5423-bb4b-649f234779e4	chr11	43645084	48822872	3	2	1
b3479c73-68ba-5423-bb4b-649f234779e4	chr11	48822906	57877338	4	2	2
b3479c73-68ba-5423-bb4b-649f234779e4	chr11	57880041	58115676	3	3	0
b3479c73-68ba-5423-bb4b-649f234779e4	chr11	58116775	83970169	3	2	1
b3479c73-68ba-5423-bb4b-649f234779e4	chr11	83972110	84620991	1	1	0
b3479c73-68ba-5423-bb4b-649f234779e4	chr11	84622198	112805822	3	2	1
b3479c73-68ba-5423-bb4b-649f234779e4	chr11	112806159	112816445	6	4	2
b3479c73-68ba-5423-bb4b-649f234779e4	chr11	112818936	133959691	3	2	1
b3479c73-68ba-5423-bb4b-649f234779e4	chr11	133959749	135074876	2	1	1
b3479c73-68ba-5423-bb4b-649f234779e4	chr12	51460	1012789	2	2	0
b3479c73-68ba-5423-bb4b-649f234779e4	chr12	1013284	1230345	4	3	1
b3479c73-68ba-5423-bb4b-649f234779e4	chr12	1233708	11433648	2	1	1
b3479c73-68ba-5423-bb4b-649f234779e4	chr12	11433708	11439463	6	4	2
b3479c73-68ba-5423-bb4b-649f234779e4	chr12	11440402	27449190	2	1	1
b3479c73-68ba-5423-bb4b-649f234779e4	chr12	27449252	28535711	4	2	2
b3479c73-68ba-5423-bb4b-649f234779e4	chr12	28535758	28845712	6	4	2
b3479c73-68ba-5423-bb4b-649f234779e4	chr12	28846040	29121722	4	2	2
b3479c73-68ba-5423-bb4b-649f234779e4	chr12	29121768	72567812	3	2	1
b3479c73-68ba-5423-bb4b-649f234779e4	chr12	72581567	72593040	1	1	0
b3479c73-68ba-5423-bb4b-649f234779e4	chr12	72593355	118942232	3	2	1
b3479c73-68ba-5423-bb4b-649f234779e4	chr12	118942263	133201603	4	2	2
b3479c73-68ba-5423-bb4b-649f234779e4	chr13	18452809	22522688	3	2	1
b3479c73-68ba-5423-bb4b-649f234779e4	chr13	22523160	72691779	2	1	1
b3479c73-68ba-5423-bb4b-649f234779e4	chr13	72693312	114342922	1	1	0
b3479c73-68ba-5423-bb4b-649f234779e4	chr14	18239283	27469909	4	2	2
b3479c73-68ba-5423-bb4b-649f234779e4	chr14	27474938	33274733	3	2	1
b3479c73-68ba-5423-bb4b-649f234779e4	chr14	33274973	34788264	4	2	2
b3479c73-68ba-5423-bb4b-649f234779e4	chr14	34789945	47885230	3	2	1
b3479c73-68ba-5423-bb4b-649f234779e4	chr14	47885918	52013879	4	3	1
b3479c73-68ba-5423-bb4b-649f234779e4	chr14	52014034	64321361	3	2	1
b3479c73-68ba-5423-bb4b-649f234779e4	chr14	64321788	78921999	2	2	0
b3479c73-68ba-5423-bb4b-649f234779e4	chr14	78922070	79268266	0	0	0
b3479c73-68ba-5423-bb4b-649f234779e4	chr14	79268424	80962486	2	2	0
b3479c73-68ba-5423-bb4b-649f234779e4	chr14	80962518	89005676	3	2	1
b3479c73-68ba-5423-bb4b-649f234779e4	chr14	89008585	90282543	2	1	1
b3479c73-68ba-5423-bb4b-649f234779e4	chr14	90284865	105520403	3	2	1
b3479c73-68ba-5423-bb4b-649f234779e4	chr14	105521701	106877229	5	3	2
b3479c73-68ba-5423-bb4b-649f234779e4	chr15	19811075	30004805	3	2	1
b3479c73-68ba-5423-bb4b-649f234779e4	chr15	30011572	31861185	2	2	0
b3479c73-68ba-5423-bb4b-649f234779e4	chr15	31861358	33509172	3	2	1
b3479c73-68ba-5423-bb4b-649f234779e4	chr15	33511464	40142850	2	2	0
b3479c73-68ba-5423-bb4b-649f234779e4	chr15	40142915	41207737	2	1	1
b3479c73-68ba-5423-bb4b-649f234779e4	chr15	41208442	51185684	2	2	0
b3479c73-68ba-5423-bb4b-649f234779e4	chr15	51186088	52941870	1	1	0
b3479c73-68ba-5423-bb4b-649f234779e4	chr15	52941997	55602482	2	2	0
b3479c73-68ba-5423-bb4b-649f234779e4	chr15	55606652	56916243	1	1	0
b3479c73-68ba-5423-bb4b-649f234779e4	chr15	56926973	58623004	2	2	0
b3479c73-68ba-5423-bb4b-649f234779e4	chr15	58623239	68320218	4	2	2
b3479c73-68ba-5423-bb4b-649f234779e4	chr15	68321681	69814193	3	2	1
b3479c73-68ba-5423-bb4b-649f234779e4	chr15	69814392	75419109	2	2	0
b3479c73-68ba-5423-bb4b-649f234779e4	chr15	75420140	78353254	4	3	1
b3479c73-68ba-5423-bb4b-649f234779e4	chr15	78355820	81636625	3	2	1
b3479c73-68ba-5423-bb4b-649f234779e4	chr15	81639249	83500218	4	3	1
b3479c73-68ba-5423-bb4b-649f234779e4	chr15	83502466	89425509	4	4	0
b3479c73-68ba-5423-bb4b-649f234779e4	chr15	89427534	90782089	3	3	0
b3479c73-68ba-5423-bb4b-649f234779e4	chr15	90782534	96564074	5	5	0
b3479c73-68ba-5423-bb4b-649f234779e4	chr15	96565470	98355889	4	4	0
b3479c73-68ba-5423-bb4b-649f234779e4	chr15	98358943	101928837	3	3	0
b3479c73-68ba-5423-bb4b-649f234779e4	chr16	10777	6752418	2	1	1
b3479c73-68ba-5423-bb4b-649f234779e4	chr16	6752433	9125030	3	2	1
b3479c73-68ba-5423-bb4b-649f234779e4	chr16	9128386	19131928	2	1	1
b3479c73-68ba-5423-bb4b-649f234779e4	chr16	19132495	20047761	3	2	1
b3479c73-68ba-5423-bb4b-649f234779e4	chr16	20048355	21021509	4	3	1
b3479c73-68ba-5423-bb4b-649f234779e4	chr16	21022292	27689083	2	1	1
b3479c73-68ba-5423-bb4b-649f234779e4	chr16	27689681	27762520	1	1	0
b3479c73-68ba-5423-bb4b-649f234779e4	chr16	27762706	36048855	3	2	1
b3479c73-68ba-5423-bb4b-649f234779e4	chr16	46441986	51979319	1	1	0
b3479c73-68ba-5423-bb4b-649f234779e4	chr16	51980343	73016124	2	1	1
b3479c73-68ba-5423-bb4b-649f234779e4	chr16	73016446	73345910	1	1	0
b3479c73-68ba-5423-bb4b-649f234779e4	chr16	73345923	78384091	2	1	1
b3479c73-68ba-5423-bb4b-649f234779e4	chr16	78385608	78432243	0	0	0
b3479c73-68ba-5423-bb4b-649f234779e4	chr16	78432540	90096867	2	1	1
b3479c73-68ba-5423-bb4b-649f234779e4	chr17	150733	7389366	2	2	0
b3479c73-68ba-5423-bb4b-649f234779e4	chr17	7389407	7711954	1	1	0
b3479c73-68ba-5423-bb4b-649f234779e4	chr17	7713574	9243942	6	6	0
b3479c73-68ba-5423-bb4b-649f234779e4	chr17	9244743	9868602	5	5	0
b3479c73-68ba-5423-bb4b-649f234779e4	chr17	9868916	10303278	7	7	0
b3479c73-68ba-5423-bb4b-649f234779e4	chr17	10304668	13279462	4	4	0
b3479c73-68ba-5423-bb4b-649f234779e4	chr17	13279893	13807593	6	6	0
b3479c73-68ba-5423-bb4b-649f234779e4	chr17	13807638	15028662	4	4	0
b3479c73-68ba-5423-bb4b-649f234779e4	chr17	15028979	16002480	3	3	0
b3479c73-68ba-5423-bb4b-649f234779e4	chr17	16003239	16226810	10	5	5
b3479c73-68ba-5423-bb4b-649f234779e4	chr17	16227543	18386413	6	4	2
b3479c73-68ba-5423-bb4b-649f234779e4	chr17	18386609	19274300	3	2	1
b3479c73-68ba-5423-bb4b-649f234779e4	chr17	19274746	26949301	5	3	2
b3479c73-68ba-5423-bb4b-649f234779e4	chr17	26955079	43107363	2	2	0
b3479c73-68ba-5423-bb4b-649f234779e4	chr17	43107579	72366901	4	2	2
b3479c73-68ba-5423-bb4b-649f234779e4	chr17	72369691	72558668	2	2	0
b3479c73-68ba-5423-bb4b-649f234779e4	chr17	72560304	83091923	4	2	2
b3479c73-68ba-5423-bb4b-649f234779e4	chr18	48133	3678537	2	1	1
b3479c73-68ba-5423-bb4b-649f234779e4	chr18	3678632	7131146	1	1	0
b3479c73-68ba-5423-bb4b-649f234779e4	chr18	7131235	12741371	2	1	1
b3479c73-68ba-5423-bb4b-649f234779e4	chr18	12744254	14108789	3	2	1
b3479c73-68ba-5423-bb4b-649f234779e4	chr18	14113929	15402409	5	3	2
b3479c73-68ba-5423-bb4b-649f234779e4	chr18	20949392	30516684	4	2	2
b3479c73-68ba-5423-bb4b-649f234779e4	chr18	30517355	40406887	3	2	1
b3479c73-68ba-5423-bb4b-649f234779e4	chr18	40407111	49081901	4	2	2
b3479c73-68ba-5423-bb4b-649f234779e4	chr18	49090283	67103950	3	2	1
b3479c73-68ba-5423-bb4b-649f234779e4	chr18	67104695	69436435	4	2	2
b3479c73-68ba-5423-bb4b-649f234779e4	chr18	69440160	69576520	1	1	0
b3479c73-68ba-5423-bb4b-649f234779e4	chr18	69578546	80257174	2	1	1
b3479c73-68ba-5423-bb4b-649f234779e4	chr19	90910	21970074	3	2	1
b3479c73-68ba-5423-bb4b-649f234779e4	chr19	21970198	24166236	4	2	2
b3479c73-68ba-5423-bb4b-649f234779e4	chr19	24166535	28736925	6	3	3
b3479c73-68ba-5423-bb4b-649f234779e4	chr19	28737149	29768529	8	6	2
b3479c73-68ba-5423-bb4b-649f234779e4	chr19	29773409	31905918	5	3	2
b3479c73-68ba-5423-bb4b-649f234779e4	chr19	31908151	36174208	3	2	1
b3479c73-68ba-5423-bb4b-649f234779e4	chr19	36175265	37726096	2	2	0
b3479c73-68ba-5423-bb4b-649f234779e4	chr19	37726443	38356760	5	3	2
b3479c73-68ba-5423-bb4b-649f234779e4	chr19	38358156	58586487	2	2	0
b3479c73-68ba-5423-bb4b-649f234779e4	chr20	80664	10189549	2	2	0
b3479c73-68ba-5423-bb4b-649f234779e4	chr20	10193124	14883586	3	2	1
b3479c73-68ba-5423-bb4b-649f234779e4	chr20	14884510	15184878	2	2	0
b3479c73-68ba-5423-bb4b-649f234779e4	chr20	15185350	18203932	3	2	1
b3479c73-68ba-5423-bb4b-649f234779e4	chr20	18204660	20059192	2	2	0
b3479c73-68ba-5423-bb4b-649f234779e4	chr20	20064463	31287363	3	2	1
b3479c73-68ba-5423-bb4b-649f234779e4	chr20	31288041	32594006	2	1	1
b3479c73-68ba-5423-bb4b-649f234779e4	chr20	32596797	34368346	4	3	1
b3479c73-68ba-5423-bb4b-649f234779e4	chr20	34384272	37517685	3	2	1
b3479c73-68ba-5423-bb4b-649f234779e4	chr20	37520095	51269770	2	1	1
b3479c73-68ba-5423-bb4b-649f234779e4	chr20	51272039	51627306	3	2	1
b3479c73-68ba-5423-bb4b-649f234779e4	chr20	51629193	64324800	2	1	1
b3479c73-68ba-5423-bb4b-649f234779e4	chr21	12973348	14097609	4	3	1
b3479c73-68ba-5423-bb4b-649f234779e4	chr21	14099039	15051023	2	2	0
b3479c73-68ba-5423-bb4b-649f234779e4	chr21	15051694	18124235	3	2	1
b3479c73-68ba-5423-bb4b-649f234779e4	chr21	18124629	26428967	2	2	0
b3479c73-68ba-5423-bb4b-649f234779e4	chr21	26429208	27811472	1	1	0
b3479c73-68ba-5423-bb4b-649f234779e4	chr21	27811877	28439087	2	1	1
b3479c73-68ba-5423-bb4b-649f234779e4	chr21	28439796	31799384	3	2	1
b3479c73-68ba-5423-bb4b-649f234779e4	chr21	31799518	35516800	2	2	0
b3479c73-68ba-5423-bb4b-649f234779e4	chr21	35517151	36724815	1	1	0
b3479c73-68ba-5423-bb4b-649f234779e4	chr21	36724920	39554726	2	2	0
b3479c73-68ba-5423-bb4b-649f234779e4	chr21	39554791	40195124	1	1	0
b3479c73-68ba-5423-bb4b-649f234779e4	chr21	40195477	46677045	2	2	0
b3479c73-68ba-5423-bb4b-649f234779e4	chr22	16392123	22680724	4	2	2
b3479c73-68ba-5423-bb4b-649f234779e4	chr22	22681751	23579240	6	4	2
b3479c73-68ba-5423-bb4b-649f234779e4	chr22	23579394	26584882	6	3	3
b3479c73-68ba-5423-bb4b-649f234779e4	chr22	26585075	41629215	4	2	2
b3479c73-68ba-5423-bb4b-649f234779e4	chr22	41630413	44073070	1	1	0
b3479c73-68ba-5423-bb4b-649f234779e4	chr22	44074335	50796027	2	2	0
b3479c73-68ba-5423-bb4b-649f234779e4	chrX	251810	7169796	4	2	2
b3479c73-68ba-5423-bb4b-649f234779e4	chrX	7170188	10792059	2	2	0
b3479c73-68ba-5423-bb4b-649f234779e4	chrX	10794310	10945603	0	0	0
b3479c73-68ba-5423-bb4b-649f234779e4	chrX	10947519	25029532	2	2	0
b3479c73-68ba-5423-bb4b-649f234779e4	chrX	25029576	25178766	5	3	2
b3479c73-68ba-5423-bb4b-649f234779e4	chrX	25179115	25652553	2	2	0
b3479c73-68ba-5423-bb4b-649f234779e4	chrX	25652775	25817631	5	3	2
b3479c73-68ba-5423-bb4b-649f234779e4	chrX	25818783	26072720	1	1	0
b3479c73-68ba-5423-bb4b-649f234779e4	chrX	26075449	26192469	5	5	0
b3479c73-68ba-5423-bb4b-649f234779e4	chrX	26200545	30706055	2	2	0
b3479c73-68ba-5423-bb4b-649f234779e4	chrX	30706163	31108987	4	2	2
b3479c73-68ba-5423-bb4b-649f234779e4	chrX	31113682	57189924	2	2	0
b3479c73-68ba-5423-bb4b-649f234779e4	chrX	57195202	62802319	4	2	2
b3479c73-68ba-5423-bb4b-649f234779e4	chrX	62831001	73993769	2	2	0
b3479c73-68ba-5423-bb4b-649f234779e4	chrX	73994078	76318123	4	2	2
b3479c73-68ba-5423-bb4b-649f234779e4	chrX	76320080	81852967	3	2	1
b3479c73-68ba-5423-bb4b-649f234779e4	chrX	81856791	83255152	4	2	2
b3479c73-68ba-5423-bb4b-649f234779e4	chrX	83257060	83413693	2	2	0
b3479c73-68ba-5423-bb4b-649f234779e4	chrX	83416053	84958024	7	4	3
b3479c73-68ba-5423-bb4b-649f234779e4	chrX	84960634	85329019	4	2	2
b3479c73-68ba-5423-bb4b-649f234779e4	chrX	85332394	90338984	6	3	3
b3479c73-68ba-5423-bb4b-649f234779e4	chrX	90339047	93923158	4	2	2
b3479c73-68ba-5423-bb4b-649f234779e4	chrX	93923459	156004181	2	2	0
b3479c73-68ba-5423-bb4b-649f234779e4	chrY	2782397	26653788	0	0	0
b3479c73-68ba-5423-bb4b-649f234779e4	chrY	56872112	56872112	8	8	0
