GDC_Aliquot	Chromosome	Start	End	Copy_Number	Major_Copy_Number	Minor_Copy_Number
10ba0d9f-d287-5c8d-a6b3-69e4fb599de2	chr1	62920	35262199	4	2	2
10ba0d9f-d287-5c8d-a6b3-69e4fb599de2	chr1	35270029	36892609	6	4	2
10ba0d9f-d287-5c8d-a6b3-69e4fb599de2	chr1	36898336	37110927	11	9	2
10ba0d9f-d287-5c8d-a6b3-69e4fb599de2	chr1	37111613	37130842	6	5	1
10ba0d9f-d287-5c8d-a6b3-69e4fb599de2	chr1	37131159	38486496	6	4	2
10ba0d9f-d287-5c8d-a6b3-69e4fb599de2	chr1	38487486	72243786	4	2	2
10ba0d9f-d287-5c8d-a6b3-69e4fb599de2	chr1	72245386	73192824	6	3	3
10ba0d9f-d287-5c8d-a6b3-69e4fb599de2	chr1	73198926	102483851	4	2	2
10ba0d9f-d287-5c8d-a6b3-69e4fb599de2	chr1	102485932	108552214	5	3	2
10ba0d9f-d287-5c8d-a6b3-69e4fb599de2	chr1	108552580	112168686	3	2	1
10ba0d9f-d287-5c8d-a6b3-69e4fb599de2	chr1	112168720	115563146	4	2	2
10ba0d9f-d287-5c8d-a6b3-69e4fb599de2	chr1	115563709	121705338	3	2	1
10ba0d9f-d287-5c8d-a6b3-69e4fb599de2	chr1	143541857	148359050	7	5	2
10ba0d9f-d287-5c8d-a6b3-69e4fb599de2	chr1	149761178	151446843	17	16	1
10ba0d9f-d287-5c8d-a6b3-69e4fb599de2	chr1	151449307	151720707	7	5	2
10ba0d9f-d287-5c8d-a6b3-69e4fb599de2	chr1	151722795	152377208	5	3	2
10ba0d9f-d287-5c8d-a6b3-69e4fb599de2	chr1	152380038	152579167	13	12	1
10ba0d9f-d287-5c8d-a6b3-69e4fb599de2	chr1	152579985	152621447	2	2	0
10ba0d9f-d287-5c8d-a6b3-69e4fb599de2	chr1	152621893	152777257	13	11	2
10ba0d9f-d287-5c8d-a6b3-69e4fb599de2	chr1	152777415	154219904	9	7	2
10ba0d9f-d287-5c8d-a6b3-69e4fb599de2	chr1	154224650	155107614	6	4	2
10ba0d9f-d287-5c8d-a6b3-69e4fb599de2	chr1	155109464	193698560	5	3	2
10ba0d9f-d287-5c8d-a6b3-69e4fb599de2	chr1	193698661	195374152	5	4	1
10ba0d9f-d287-5c8d-a6b3-69e4fb599de2	chr1	195374633	195849854	6	3	3
10ba0d9f-d287-5c8d-a6b3-69e4fb599de2	chr1	195850019	195907438	2	2	0
10ba0d9f-d287-5c8d-a6b3-69e4fb599de2	chr1	195907861	247202822	5	3	2
10ba0d9f-d287-5c8d-a6b3-69e4fb599de2	chr1	247204812	247472577	6	3	3
10ba0d9f-d287-5c8d-a6b3-69e4fb599de2	chr1	247472713	248930189	5	3	2
10ba0d9f-d287-5c8d-a6b3-69e4fb599de2	chr2	12784	3158335	4	2	2
10ba0d9f-d287-5c8d-a6b3-69e4fb599de2	chr2	3159967	3346284	4	3	1
10ba0d9f-d287-5c8d-a6b3-69e4fb599de2	chr2	3346552	9287462	4	2	2
10ba0d9f-d287-5c8d-a6b3-69e4fb599de2	chr2	9287920	9412099	4	3	1
10ba0d9f-d287-5c8d-a6b3-69e4fb599de2	chr2	9414126	20613539	4	2	2
10ba0d9f-d287-5c8d-a6b3-69e4fb599de2	chr2	20613897	21039987	4	3	1
10ba0d9f-d287-5c8d-a6b3-69e4fb599de2	chr2	21041404	42743021	4	2	2
10ba0d9f-d287-5c8d-a6b3-69e4fb599de2	chr2	42743850	42914629	4	3	1
10ba0d9f-d287-5c8d-a6b3-69e4fb599de2	chr2	42917790	47222463	4	2	2
10ba0d9f-d287-5c8d-a6b3-69e4fb599de2	chr2	47222882	47306663	4	3	1
10ba0d9f-d287-5c8d-a6b3-69e4fb599de2	chr2	47307670	79339356	4	2	2
10ba0d9f-d287-5c8d-a6b3-69e4fb599de2	chr2	79340195	79362648	7	5	2
10ba0d9f-d287-5c8d-a6b3-69e4fb599de2	chr2	79362751	88691077	4	2	2
10ba0d9f-d287-5c8d-a6b3-69e4fb599de2	chr2	88693836	88834118	5	4	1
10ba0d9f-d287-5c8d-a6b3-69e4fb599de2	chr2	88836539	89118119	15	15	0
10ba0d9f-d287-5c8d-a6b3-69e4fb599de2	chr2	89119438	123530804	6	5	1
10ba0d9f-d287-5c8d-a6b3-69e4fb599de2	chr2	123530828	126421004	7	6	1
10ba0d9f-d287-5c8d-a6b3-69e4fb599de2	chr2	126421023	128359761	6	5	1
10ba0d9f-d287-5c8d-a6b3-69e4fb599de2	chr2	128360641	146104517	7	6	1
10ba0d9f-d287-5c8d-a6b3-69e4fb599de2	chr2	146106836	146109366	0	0	0
10ba0d9f-d287-5c8d-a6b3-69e4fb599de2	chr2	146120238	154370165	7	6	1
10ba0d9f-d287-5c8d-a6b3-69e4fb599de2	chr2	154375897	154415877	9	8	1
10ba0d9f-d287-5c8d-a6b3-69e4fb599de2	chr2	154415941	167600003	7	6	1
10ba0d9f-d287-5c8d-a6b3-69e4fb599de2	chr2	167600283	183476825	6	5	1
10ba0d9f-d287-5c8d-a6b3-69e4fb599de2	chr2	183480933	185405321	8	7	1
10ba0d9f-d287-5c8d-a6b3-69e4fb599de2	chr2	185409890	213816105	7	6	1
10ba0d9f-d287-5c8d-a6b3-69e4fb599de2	chr2	213816450	214279506	9	8	1
10ba0d9f-d287-5c8d-a6b3-69e4fb599de2	chr2	214281041	242147305	6	5	1
10ba0d9f-d287-5c8d-a6b3-69e4fb599de2	chr3	20930	65615984	2	2	0
10ba0d9f-d287-5c8d-a6b3-69e4fb599de2	chr3	65616002	86839101	1	1	0
10ba0d9f-d287-5c8d-a6b3-69e4fb599de2	chr3	86846858	87417330	3	3	0
10ba0d9f-d287-5c8d-a6b3-69e4fb599de2	chr3	87423755	88329198	1	1	0
10ba0d9f-d287-5c8d-a6b3-69e4fb599de2	chr3	88329317	88337652	2	2	0
10ba0d9f-d287-5c8d-a6b3-69e4fb599de2	chr3	88341443	89337811	3	3	0
10ba0d9f-d287-5c8d-a6b3-69e4fb599de2	chr3	89337896	127108796	4	2	2
10ba0d9f-d287-5c8d-a6b3-69e4fb599de2	chr3	127108820	127755970	4	3	1
10ba0d9f-d287-5c8d-a6b3-69e4fb599de2	chr3	127757413	170442615	4	2	2
10ba0d9f-d287-5c8d-a6b3-69e4fb599de2	chr3	170442705	170809511	4	3	1
10ba0d9f-d287-5c8d-a6b3-69e4fb599de2	chr3	170810879	175068193	4	2	2
10ba0d9f-d287-5c8d-a6b3-69e4fb599de2	chr3	175070480	175105049	1	1	0
10ba0d9f-d287-5c8d-a6b3-69e4fb599de2	chr3	175105227	198169247	4	2	2
10ba0d9f-d287-5c8d-a6b3-69e4fb599de2	chr4	68929	7801306	1	1	0
10ba0d9f-d287-5c8d-a6b3-69e4fb599de2	chr4	7801351	10388498	3	2	1
10ba0d9f-d287-5c8d-a6b3-69e4fb599de2	chr4	10389091	10397113	0	0	0
10ba0d9f-d287-5c8d-a6b3-69e4fb599de2	chr4	10397210	28835911	3	2	1
10ba0d9f-d287-5c8d-a6b3-69e4fb599de2	chr4	28835965	34845678	4	2	2
10ba0d9f-d287-5c8d-a6b3-69e4fb599de2	chr4	34845925	48895170	3	2	1
10ba0d9f-d287-5c8d-a6b3-69e4fb599de2	chr4	48898089	52340828	4	3	1
10ba0d9f-d287-5c8d-a6b3-69e4fb599de2	chr4	52345171	53539590	6	3	3
10ba0d9f-d287-5c8d-a6b3-69e4fb599de2	chr4	53539657	57498983	4	3	1
10ba0d9f-d287-5c8d-a6b3-69e4fb599de2	chr4	57500065	66555489	5	4	1
10ba0d9f-d287-5c8d-a6b3-69e4fb599de2	chr4	66555782	68506285	4	3	1
10ba0d9f-d287-5c8d-a6b3-69e4fb599de2	chr4	68509223	68663241	11	11	0
10ba0d9f-d287-5c8d-a6b3-69e4fb599de2	chr4	68671434	86331908	4	3	1
10ba0d9f-d287-5c8d-a6b3-69e4fb599de2	chr4	86332893	86338393	2	2	0
10ba0d9f-d287-5c8d-a6b3-69e4fb599de2	chr4	86341626	190106768	4	3	1
10ba0d9f-d287-5c8d-a6b3-69e4fb599de2	chr5	15532	17195562	4	2	2
10ba0d9f-d287-5c8d-a6b3-69e4fb599de2	chr5	17195863	31067456	5	3	2
10ba0d9f-d287-5c8d-a6b3-69e4fb599de2	chr5	31067685	44555290	4	2	2
10ba0d9f-d287-5c8d-a6b3-69e4fb599de2	chr5	44555765	59604368	3	2	1
10ba0d9f-d287-5c8d-a6b3-69e4fb599de2	chr5	59604505	118078655	2	1	1
10ba0d9f-d287-5c8d-a6b3-69e4fb599de2	chr5	118082806	181363319	3	2	1
10ba0d9f-d287-5c8d-a6b3-69e4fb599de2	chr6	149661	381149	3	2	1
10ba0d9f-d287-5c8d-a6b3-69e4fb599de2	chr6	382559	18371716	4	2	2
10ba0d9f-d287-5c8d-a6b3-69e4fb599de2	chr6	18373352	18442325	4	3	1
10ba0d9f-d287-5c8d-a6b3-69e4fb599de2	chr6	18445351	22743174	4	2	2
10ba0d9f-d287-5c8d-a6b3-69e4fb599de2	chr6	22744178	22880684	6	4	2
10ba0d9f-d287-5c8d-a6b3-69e4fb599de2	chr6	22883729	27313855	4	2	2
10ba0d9f-d287-5c8d-a6b3-69e4fb599de2	chr6	27321571	29294726	4	3	1
10ba0d9f-d287-5c8d-a6b3-69e4fb599de2	chr6	29295179	33954421	4	2	2
10ba0d9f-d287-5c8d-a6b3-69e4fb599de2	chr6	33954575	34671896	4	3	1
10ba0d9f-d287-5c8d-a6b3-69e4fb599de2	chr6	34675956	72647091	4	2	2
10ba0d9f-d287-5c8d-a6b3-69e4fb599de2	chr6	72647857	103286954	3	2	1
10ba0d9f-d287-5c8d-a6b3-69e4fb599de2	chr6	103290101	103314186	8	8	0
10ba0d9f-d287-5c8d-a6b3-69e4fb599de2	chr6	103317795	170741917	3	2	1
10ba0d9f-d287-5c8d-a6b3-69e4fb599de2	chr7	43259	7309864	4	2	2
10ba0d9f-d287-5c8d-a6b3-69e4fb599de2	chr7	7310030	7767046	4	3	1
10ba0d9f-d287-5c8d-a6b3-69e4fb599de2	chr7	7767650	30130312	4	2	2
10ba0d9f-d287-5c8d-a6b3-69e4fb599de2	chr7	30136689	57960277	2	2	0
10ba0d9f-d287-5c8d-a6b3-69e4fb599de2	chr7	61083061	79026111	4	2	2
10ba0d9f-d287-5c8d-a6b3-69e4fb599de2	chr7	79026733	80142696	4	3	1
10ba0d9f-d287-5c8d-a6b3-69e4fb599de2	chr7	80142711	119709145	4	2	2
10ba0d9f-d287-5c8d-a6b3-69e4fb599de2	chr7	119710878	120585824	4	3	1
10ba0d9f-d287-5c8d-a6b3-69e4fb599de2	chr7	120587419	128749813	4	2	2
10ba0d9f-d287-5c8d-a6b3-69e4fb599de2	chr7	128753896	128781933	2	1	1
10ba0d9f-d287-5c8d-a6b3-69e4fb599de2	chr7	128782932	159334314	4	2	2
10ba0d9f-d287-5c8d-a6b3-69e4fb599de2	chr8	81254	6357317	4	2	2
10ba0d9f-d287-5c8d-a6b3-69e4fb599de2	chr8	6357401	6575144	4	3	1
10ba0d9f-d287-5c8d-a6b3-69e4fb599de2	chr8	6580794	9743857	4	2	2
10ba0d9f-d287-5c8d-a6b3-69e4fb599de2	chr8	9744189	9978810	4	3	1
10ba0d9f-d287-5c8d-a6b3-69e4fb599de2	chr8	9981426	15903935	4	2	2
10ba0d9f-d287-5c8d-a6b3-69e4fb599de2	chr8	15905861	15930760	8	4	4
10ba0d9f-d287-5c8d-a6b3-69e4fb599de2	chr8	15931492	27299704	4	2	2
10ba0d9f-d287-5c8d-a6b3-69e4fb599de2	chr8	27302319	27847838	4	3	1
10ba0d9f-d287-5c8d-a6b3-69e4fb599de2	chr8	27848771	33416978	4	2	2
10ba0d9f-d287-5c8d-a6b3-69e4fb599de2	chr8	33419607	39658601	5	3	2
10ba0d9f-d287-5c8d-a6b3-69e4fb599de2	chr8	39662030	46000405	4	2	2
10ba0d9f-d287-5c8d-a6b3-69e4fb599de2	chr8	46000692	47128395	2	2	0
10ba0d9f-d287-5c8d-a6b3-69e4fb599de2	chr8	47135384	48428969	13	11	2
10ba0d9f-d287-5c8d-a6b3-69e4fb599de2	chr8	48428981	48443414	13	13	0
10ba0d9f-d287-5c8d-a6b3-69e4fb599de2	chr8	48444175	48515258	12	12	0
10ba0d9f-d287-5c8d-a6b3-69e4fb599de2	chr8	48520586	49227323	20	19	1
10ba0d9f-d287-5c8d-a6b3-69e4fb599de2	chr8	49230947	100573002	2	2	0
10ba0d9f-d287-5c8d-a6b3-69e4fb599de2	chr8	100573905	101028588	6	4	2
10ba0d9f-d287-5c8d-a6b3-69e4fb599de2	chr8	101031144	104066717	5	3	2
10ba0d9f-d287-5c8d-a6b3-69e4fb599de2	chr8	104067043	104872377	3	2	1
10ba0d9f-d287-5c8d-a6b3-69e4fb599de2	chr8	104877528	106406227	2	2	0
10ba0d9f-d287-5c8d-a6b3-69e4fb599de2	chr8	106406544	110585179	9	7	2
10ba0d9f-d287-5c8d-a6b3-69e4fb599de2	chr8	110585325	113553350	11	9	2
10ba0d9f-d287-5c8d-a6b3-69e4fb599de2	chr8	113554796	115355258	10	8	2
10ba0d9f-d287-5c8d-a6b3-69e4fb599de2	chr8	115356214	116456803	8	6	2
10ba0d9f-d287-5c8d-a6b3-69e4fb599de2	chr8	116457114	117259001	10	8	2
10ba0d9f-d287-5c8d-a6b3-69e4fb599de2	chr8	117260215	118954309	9	7	2
10ba0d9f-d287-5c8d-a6b3-69e4fb599de2	chr8	118958919	119370617	11	9	2
10ba0d9f-d287-5c8d-a6b3-69e4fb599de2	chr8	119371790	123173730	10	8	2
10ba0d9f-d287-5c8d-a6b3-69e4fb599de2	chr8	123173849	124186921	15	13	2
10ba0d9f-d287-5c8d-a6b3-69e4fb599de2	chr8	124188741	128461433	12	10	2
10ba0d9f-d287-5c8d-a6b3-69e4fb599de2	chr8	128461760	130204114	13	11	2
10ba0d9f-d287-5c8d-a6b3-69e4fb599de2	chr8	130204922	133085278	11	9	2
10ba0d9f-d287-5c8d-a6b3-69e4fb599de2	chr8	133086421	141585696	6	4	2
10ba0d9f-d287-5c8d-a6b3-69e4fb599de2	chr8	141585817	145072769	2	2	0
10ba0d9f-d287-5c8d-a6b3-69e4fb599de2	chr9	46587	100880956	4	2	2
10ba0d9f-d287-5c8d-a6b3-69e4fb599de2	chr9	100882303	100905469	3	2	1
10ba0d9f-d287-5c8d-a6b3-69e4fb599de2	chr9	100907492	122565900	4	2	2
10ba0d9f-d287-5c8d-a6b3-69e4fb599de2	chr9	122565972	122585317	2	1	1
10ba0d9f-d287-5c8d-a6b3-69e4fb599de2	chr9	122587722	138200944	4	2	2
10ba0d9f-d287-5c8d-a6b3-69e4fb599de2	chr10	45792	3324642	6	4	2
10ba0d9f-d287-5c8d-a6b3-69e4fb599de2	chr10	3326363	7705919	5	3	2
10ba0d9f-d287-5c8d-a6b3-69e4fb599de2	chr10	7706439	9211251	6	4	2
10ba0d9f-d287-5c8d-a6b3-69e4fb599de2	chr10	9213907	11431953	5	3	2
10ba0d9f-d287-5c8d-a6b3-69e4fb599de2	chr10	11436705	11838479	6	4	2
10ba0d9f-d287-5c8d-a6b3-69e4fb599de2	chr10	11840555	15240690	5	3	2
10ba0d9f-d287-5c8d-a6b3-69e4fb599de2	chr10	15244691	15555047	6	4	2
10ba0d9f-d287-5c8d-a6b3-69e4fb599de2	chr10	15555264	23992663	5	3	2
10ba0d9f-d287-5c8d-a6b3-69e4fb599de2	chr10	23992895	26729181	6	4	2
10ba0d9f-d287-5c8d-a6b3-69e4fb599de2	chr10	26729213	37948509	5	3	2
10ba0d9f-d287-5c8d-a6b3-69e4fb599de2	chr10	37949056	43103735	4	3	1
10ba0d9f-d287-5c8d-a6b3-69e4fb599de2	chr10	43103797	46240999	2	2	0
10ba0d9f-d287-5c8d-a6b3-69e4fb599de2	chr10	46241509	46269369	4	3	1
10ba0d9f-d287-5c8d-a6b3-69e4fb599de2	chr10	46269521	66853990	2	2	0
10ba0d9f-d287-5c8d-a6b3-69e4fb599de2	chr10	66854037	66893848	3	3	0
10ba0d9f-d287-5c8d-a6b3-69e4fb599de2	chr10	66893979	133654968	2	2	0
10ba0d9f-d287-5c8d-a6b3-69e4fb599de2	chr11	198510	83990015	4	2	2
10ba0d9f-d287-5c8d-a6b3-69e4fb599de2	chr11	83995286	84305581	2	1	1
10ba0d9f-d287-5c8d-a6b3-69e4fb599de2	chr11	84306787	133844777	4	2	2
10ba0d9f-d287-5c8d-a6b3-69e4fb599de2	chr11	133848007	135074876	2	2	0
10ba0d9f-d287-5c8d-a6b3-69e4fb599de2	chr12	51460	9477960	3	2	1
10ba0d9f-d287-5c8d-a6b3-69e4fb599de2	chr12	9481274	9583090	0	0	0
10ba0d9f-d287-5c8d-a6b3-69e4fb599de2	chr12	9584060	11343899	3	2	1
10ba0d9f-d287-5c8d-a6b3-69e4fb599de2	chr12	11345065	11953849	4	2	2
10ba0d9f-d287-5c8d-a6b3-69e4fb599de2	chr12	11958046	27584501	3	2	1
10ba0d9f-d287-5c8d-a6b3-69e4fb599de2	chr12	27584550	28310656	4	2	2
10ba0d9f-d287-5c8d-a6b3-69e4fb599de2	chr12	28314868	53867002	3	2	1
10ba0d9f-d287-5c8d-a6b3-69e4fb599de2	chr12	53867372	53893750	1	1	0
10ba0d9f-d287-5c8d-a6b3-69e4fb599de2	chr12	53894868	131513757	3	2	1
10ba0d9f-d287-5c8d-a6b3-69e4fb599de2	chr12	131513827	133201603	2	1	1
10ba0d9f-d287-5c8d-a6b3-69e4fb599de2	chr13	18452809	55268023	2	2	0
10ba0d9f-d287-5c8d-a6b3-69e4fb599de2	chr13	55268456	55310811	1	1	0
10ba0d9f-d287-5c8d-a6b3-69e4fb599de2	chr13	55310903	114342922	2	2	0
10ba0d9f-d287-5c8d-a6b3-69e4fb599de2	chr14	18239283	33118971	4	2	2
10ba0d9f-d287-5c8d-a6b3-69e4fb599de2	chr14	33119305	82614292	3	2	1
10ba0d9f-d287-5c8d-a6b3-69e4fb599de2	chr14	82615201	87498166	4	2	2
10ba0d9f-d287-5c8d-a6b3-69e4fb599de2	chr14	87500221	105733039	3	2	1
10ba0d9f-d287-5c8d-a6b3-69e4fb599de2	chr14	105752248	106320716	7	7	0
10ba0d9f-d287-5c8d-a6b3-69e4fb599de2	chr14	106321086	106877229	4	2	2
10ba0d9f-d287-5c8d-a6b3-69e4fb599de2	chr15	19811075	23409060	3	3	0
10ba0d9f-d287-5c8d-a6b3-69e4fb599de2	chr15	23409147	60645373	3	2	1
10ba0d9f-d287-5c8d-a6b3-69e4fb599de2	chr15	60645682	88861821	6	4	2
10ba0d9f-d287-5c8d-a6b3-69e4fb599de2	chr15	88864850	93412383	4	4	0
10ba0d9f-d287-5c8d-a6b3-69e4fb599de2	chr15	93412532	93420922	6	5	1
10ba0d9f-d287-5c8d-a6b3-69e4fb599de2	chr15	93421134	94878647	4	4	0
10ba0d9f-d287-5c8d-a6b3-69e4fb599de2	chr15	94881980	98059734	25	21	4
10ba0d9f-d287-5c8d-a6b3-69e4fb599de2	chr15	98062267	99101832	22	18	4
10ba0d9f-d287-5c8d-a6b3-69e4fb599de2	chr15	99111179	101928837	4	4	0
10ba0d9f-d287-5c8d-a6b3-69e4fb599de2	chr16	10777	36048855	4	2	2
10ba0d9f-d287-5c8d-a6b3-69e4fb599de2	chr16	46441986	49098908	5	3	2
10ba0d9f-d287-5c8d-a6b3-69e4fb599de2	chr16	49100569	54166302	4	2	2
10ba0d9f-d287-5c8d-a6b3-69e4fb599de2	chr16	54166414	54409311	4	3	1
10ba0d9f-d287-5c8d-a6b3-69e4fb599de2	chr16	54410696	90096867	4	2	2
10ba0d9f-d287-5c8d-a6b3-69e4fb599de2	chr17	150733	14164443	2	2	0
10ba0d9f-d287-5c8d-a6b3-69e4fb599de2	chr17	14165313	14553456	15	13	2
10ba0d9f-d287-5c8d-a6b3-69e4fb599de2	chr17	14553966	14841905	26	25	1
10ba0d9f-d287-5c8d-a6b3-69e4fb599de2	chr17	14842026	15881891	20	18	2
10ba0d9f-d287-5c8d-a6b3-69e4fb599de2	chr17	15882834	17440297	24	23	1
10ba0d9f-d287-5c8d-a6b3-69e4fb599de2	chr17	17440808	19796971	18	17	1
10ba0d9f-d287-5c8d-a6b3-69e4fb599de2	chr17	19798035	22212458	27	25	2
10ba0d9f-d287-5c8d-a6b3-69e4fb599de2	chr17	22218198	22736323	31	30	1
10ba0d9f-d287-5c8d-a6b3-69e4fb599de2	chr17	26943491	32537681	2	2	0
10ba0d9f-d287-5c8d-a6b3-69e4fb599de2	chr17	32537886	46084941	4	2	2
10ba0d9f-d287-5c8d-a6b3-69e4fb599de2	chr17	46085231	46274563	6	4	2
10ba0d9f-d287-5c8d-a6b3-69e4fb599de2	chr17	46275506	76036442	4	2	2
10ba0d9f-d287-5c8d-a6b3-69e4fb599de2	chr17	76039363	76282424	3	2	1
10ba0d9f-d287-5c8d-a6b3-69e4fb599de2	chr17	76282467	83091923	4	2	2
10ba0d9f-d287-5c8d-a6b3-69e4fb599de2	chr18	48133	805638	4	2	2
10ba0d9f-d287-5c8d-a6b3-69e4fb599de2	chr18	807819	993636	7	5	2
10ba0d9f-d287-5c8d-a6b3-69e4fb599de2	chr18	994148	5313840	3	2	1
10ba0d9f-d287-5c8d-a6b3-69e4fb599de2	chr18	5319216	15402409	4	2	2
10ba0d9f-d287-5c8d-a6b3-69e4fb599de2	chr18	20949392	24219916	3	2	1
10ba0d9f-d287-5c8d-a6b3-69e4fb599de2	chr18	24221768	24284706	1	1	0
10ba0d9f-d287-5c8d-a6b3-69e4fb599de2	chr18	24288293	32720146	3	2	1
10ba0d9f-d287-5c8d-a6b3-69e4fb599de2	chr18	32720220	32724472	1	1	0
10ba0d9f-d287-5c8d-a6b3-69e4fb599de2	chr18	32725877	80257174	3	2	1
10ba0d9f-d287-5c8d-a6b3-69e4fb599de2	chr19	90910	58273366	4	2	2
10ba0d9f-d287-5c8d-a6b3-69e4fb599de2	chr19	58273737	58586487	4	3	1
10ba0d9f-d287-5c8d-a6b3-69e4fb599de2	chr20	80664	64324800	4	2	2
10ba0d9f-d287-5c8d-a6b3-69e4fb599de2	chr21	12973348	14720268	5	4	1
10ba0d9f-d287-5c8d-a6b3-69e4fb599de2	chr21	14720338	14972986	12	11	1
10ba0d9f-d287-5c8d-a6b3-69e4fb599de2	chr21	14973212	21949153	1	1	0
10ba0d9f-d287-5c8d-a6b3-69e4fb599de2	chr21	21949196	23294654	13	12	1
10ba0d9f-d287-5c8d-a6b3-69e4fb599de2	chr21	23295534	23321545	20	20	0
10ba0d9f-d287-5c8d-a6b3-69e4fb599de2	chr21	23322056	24133267	11	10	1
10ba0d9f-d287-5c8d-a6b3-69e4fb599de2	chr21	24134044	24958041	1	1	0
10ba0d9f-d287-5c8d-a6b3-69e4fb599de2	chr21	24963820	25584436	5	4	1
10ba0d9f-d287-5c8d-a6b3-69e4fb599de2	chr21	25584634	27696935	1	1	0
10ba0d9f-d287-5c8d-a6b3-69e4fb599de2	chr21	27698328	28197191	21	21	0
10ba0d9f-d287-5c8d-a6b3-69e4fb599de2	chr21	28203705	30461034	30	29	1
10ba0d9f-d287-5c8d-a6b3-69e4fb599de2	chr21	30461342	30803962	22	21	1
10ba0d9f-d287-5c8d-a6b3-69e4fb599de2	chr21	30806255	32127137	36	35	1
10ba0d9f-d287-5c8d-a6b3-69e4fb599de2	chr21	32127330	33284348	29	28	1
10ba0d9f-d287-5c8d-a6b3-69e4fb599de2	chr21	33285501	33584641	19	18	1
10ba0d9f-d287-5c8d-a6b3-69e4fb599de2	chr21	33591761	46677045	3	2	1
10ba0d9f-d287-5c8d-a6b3-69e4fb599de2	chr22	16392123	33772676	4	2	2
10ba0d9f-d287-5c8d-a6b3-69e4fb599de2	chr22	33775943	33861145	2	1	1
10ba0d9f-d287-5c8d-a6b3-69e4fb599de2	chr22	33861233	38376749	4	2	2
10ba0d9f-d287-5c8d-a6b3-69e4fb599de2	chr22	38377359	43421615	3	2	1
10ba0d9f-d287-5c8d-a6b3-69e4fb599de2	chr22	43423752	50796027	4	2	2
10ba0d9f-d287-5c8d-a6b3-69e4fb599de2	chrX	251810	1507164	4	2	2
10ba0d9f-d287-5c8d-a6b3-69e4fb599de2	chrX	1507210	1882751	5	3	2
10ba0d9f-d287-5c8d-a6b3-69e4fb599de2	chrX	1892047	2785914	4	2	2
10ba0d9f-d287-5c8d-a6b3-69e4fb599de2	chrX	2788903	155263428	1	1	0
10ba0d9f-d287-5c8d-a6b3-69e4fb599de2	chrX	155267374	156004181	2	1	1
10ba0d9f-d287-5c8d-a6b3-69e4fb599de2	chrY	2782397	26653788	4	4	0
10ba0d9f-d287-5c8d-a6b3-69e4fb599de2	chrY	56872112	56872112	3	3	0
