GDC_Aliquot	Chromosome	Start	End	Copy_Number	Major_Copy_Number	Minor_Copy_Number
a8440095-6fa0-5560-9f53-6b11eaf650fd	chr1	62920	75236773	2	1	1
a8440095-6fa0-5560-9f53-6b11eaf650fd	chr1	75236989	75248869	1	1	0
a8440095-6fa0-5560-9f53-6b11eaf650fd	chr1	75249570	189014495	2	1	1
a8440095-6fa0-5560-9f53-6b11eaf650fd	chr1	189015149	189068745	1	1	0
a8440095-6fa0-5560-9f53-6b11eaf650fd	chr1	189072224	196745743	2	1	1
a8440095-6fa0-5560-9f53-6b11eaf650fd	chr1	196758720	196832525	0	0	0
a8440095-6fa0-5560-9f53-6b11eaf650fd	chr1	196832720	248930189	2	1	1
a8440095-6fa0-5560-9f53-6b11eaf650fd	chr2	12784	19743992	2	1	1
a8440095-6fa0-5560-9f53-6b11eaf650fd	chr2	19746653	19754052	3	2	1
a8440095-6fa0-5560-9f53-6b11eaf650fd	chr2	19754277	34492601	2	1	1
a8440095-6fa0-5560-9f53-6b11eaf650fd	chr2	34492775	34511990	0	0	0
a8440095-6fa0-5560-9f53-6b11eaf650fd	chr2	34512096	105509456	2	1	1
a8440095-6fa0-5560-9f53-6b11eaf650fd	chr2	105509567	182134909	1	1	0
a8440095-6fa0-5560-9f53-6b11eaf650fd	chr2	182134921	189829540	2	1	1
a8440095-6fa0-5560-9f53-6b11eaf650fd	chr2	189829723	234306489	1	1	0
a8440095-6fa0-5560-9f53-6b11eaf650fd	chr2	234306542	242147305	2	1	1
a8440095-6fa0-5560-9f53-6b11eaf650fd	chr3	20930	32557744	1	1	0
a8440095-6fa0-5560-9f53-6b11eaf650fd	chr3	32558270	32586531	0	0	0
a8440095-6fa0-5560-9f53-6b11eaf650fd	chr3	32588480	60349798	1	1	0
a8440095-6fa0-5560-9f53-6b11eaf650fd	chr3	60350473	60634742	0	0	0
a8440095-6fa0-5560-9f53-6b11eaf650fd	chr3	60634880	90453712	1	1	0
a8440095-6fa0-5560-9f53-6b11eaf650fd	chr3	93800634	116663562	2	1	1
a8440095-6fa0-5560-9f53-6b11eaf650fd	chr3	116666438	116833757	1	1	0
a8440095-6fa0-5560-9f53-6b11eaf650fd	chr3	116834824	117066005	2	2	0
a8440095-6fa0-5560-9f53-6b11eaf650fd	chr3	117067554	140433371	3	2	1
a8440095-6fa0-5560-9f53-6b11eaf650fd	chr3	140433584	140446678	2	2	0
a8440095-6fa0-5560-9f53-6b11eaf650fd	chr3	140446766	166201647	3	2	1
a8440095-6fa0-5560-9f53-6b11eaf650fd	chr3	166202770	166224564	5	3	2
a8440095-6fa0-5560-9f53-6b11eaf650fd	chr3	166224984	198169247	3	2	1
a8440095-6fa0-5560-9f53-6b11eaf650fd	chr4	68929	43324370	1	1	0
a8440095-6fa0-5560-9f53-6b11eaf650fd	chr4	43326292	47366781	2	1	1
a8440095-6fa0-5560-9f53-6b11eaf650fd	chr4	47366816	48515259	1	1	0
a8440095-6fa0-5560-9f53-6b11eaf650fd	chr4	48517248	49501149	2	1	1
a8440095-6fa0-5560-9f53-6b11eaf650fd	chr4	49501768	52800242	7	6	1
a8440095-6fa0-5560-9f53-6b11eaf650fd	chr4	52807833	54939090	10	9	1
a8440095-6fa0-5560-9f53-6b11eaf650fd	chr4	54939225	55863326	9	8	1
a8440095-6fa0-5560-9f53-6b11eaf650fd	chr4	55867995	59102244	4	3	1
a8440095-6fa0-5560-9f53-6b11eaf650fd	chr4	59104152	61991449	3	2	1
a8440095-6fa0-5560-9f53-6b11eaf650fd	chr4	61992194	178761267	2	1	1
a8440095-6fa0-5560-9f53-6b11eaf650fd	chr4	178762121	179032388	1	1	0
a8440095-6fa0-5560-9f53-6b11eaf650fd	chr4	179036770	190106768	2	1	1
a8440095-6fa0-5560-9f53-6b11eaf650fd	chr5	15532	189890	4	3	1
a8440095-6fa0-5560-9f53-6b11eaf650fd	chr5	192727	681187	5	4	1
a8440095-6fa0-5560-9f53-6b11eaf650fd	chr5	685389	1340343	4	3	1
a8440095-6fa0-5560-9f53-6b11eaf650fd	chr5	1344240	16812529	2	1	1
a8440095-6fa0-5560-9f53-6b11eaf650fd	chr5	16814099	24736986	5	4	1
a8440095-6fa0-5560-9f53-6b11eaf650fd	chr5	24739901	38843096	2	1	1
a8440095-6fa0-5560-9f53-6b11eaf650fd	chr5	38848711	40778608	5	4	1
a8440095-6fa0-5560-9f53-6b11eaf650fd	chr5	40780537	41701284	2	1	1
a8440095-6fa0-5560-9f53-6b11eaf650fd	chr5	41701516	42236690	4	3	1
a8440095-6fa0-5560-9f53-6b11eaf650fd	chr5	42238425	46386290	2	1	1
a8440095-6fa0-5560-9f53-6b11eaf650fd	chr5	46389171	55961468	1	1	0
a8440095-6fa0-5560-9f53-6b11eaf650fd	chr5	55967454	56232290	3	2	1
a8440095-6fa0-5560-9f53-6b11eaf650fd	chr5	56232440	56647643	1	1	0
a8440095-6fa0-5560-9f53-6b11eaf650fd	chr5	56648136	58064843	3	2	1
a8440095-6fa0-5560-9f53-6b11eaf650fd	chr5	58071766	78972305	1	1	0
a8440095-6fa0-5560-9f53-6b11eaf650fd	chr5	78972371	79020141	0	0	0
a8440095-6fa0-5560-9f53-6b11eaf650fd	chr5	79021590	181363319	1	1	0
a8440095-6fa0-5560-9f53-6b11eaf650fd	chr6	149661	32463515	2	1	1
a8440095-6fa0-5560-9f53-6b11eaf650fd	chr6	32463775	32735331	4	2	2
a8440095-6fa0-5560-9f53-6b11eaf650fd	chr6	32735385	62757299	2	1	1
a8440095-6fa0-5560-9f53-6b11eaf650fd	chr6	62762728	64548982	5	4	1
a8440095-6fa0-5560-9f53-6b11eaf650fd	chr6	64549323	65394451	7	6	1
a8440095-6fa0-5560-9f53-6b11eaf650fd	chr6	65394752	68180807	3	2	1
a8440095-6fa0-5560-9f53-6b11eaf650fd	chr6	68184818	162092494	1	1	0
a8440095-6fa0-5560-9f53-6b11eaf650fd	chr6	162092735	162152310	0	0	0
a8440095-6fa0-5560-9f53-6b11eaf650fd	chr6	162152389	170741917	1	1	0
a8440095-6fa0-5560-9f53-6b11eaf650fd	chr7	43259	8925319	2	1	1
a8440095-6fa0-5560-9f53-6b11eaf650fd	chr7	8925661	8947192	1	1	0
a8440095-6fa0-5560-9f53-6b11eaf650fd	chr7	8949309	76514308	2	1	1
a8440095-6fa0-5560-9f53-6b11eaf650fd	chr7	76514465	77080295	3	2	1
a8440095-6fa0-5560-9f53-6b11eaf650fd	chr7	77082598	111134723	2	1	1
a8440095-6fa0-5560-9f53-6b11eaf650fd	chr7	111135042	111261530	1	1	0
a8440095-6fa0-5560-9f53-6b11eaf650fd	chr7	111263054	135520674	2	1	1
a8440095-6fa0-5560-9f53-6b11eaf650fd	chr7	135520794	136553490	1	1	0
a8440095-6fa0-5560-9f53-6b11eaf650fd	chr7	136555389	143391774	2	1	1
a8440095-6fa0-5560-9f53-6b11eaf650fd	chr7	143392202	144176859	1	1	0
a8440095-6fa0-5560-9f53-6b11eaf650fd	chr7	144199159	146685681	2	1	1
a8440095-6fa0-5560-9f53-6b11eaf650fd	chr7	146685896	146859320	1	1	0
a8440095-6fa0-5560-9f53-6b11eaf650fd	chr7	146860005	157082056	2	1	1
a8440095-6fa0-5560-9f53-6b11eaf650fd	chr7	157086981	157170830	8	6	2
a8440095-6fa0-5560-9f53-6b11eaf650fd	chr7	157184983	157313784	2	2	0
a8440095-6fa0-5560-9f53-6b11eaf650fd	chr7	157315913	157516762	5	4	1
a8440095-6fa0-5560-9f53-6b11eaf650fd	chr7	157518245	159334314	1	1	0
a8440095-6fa0-5560-9f53-6b11eaf650fd	chr8	81254	32180932	1	1	0
a8440095-6fa0-5560-9f53-6b11eaf650fd	chr8	32183317	32571417	2	1	1
a8440095-6fa0-5560-9f53-6b11eaf650fd	chr8	32571946	32800369	1	1	0
a8440095-6fa0-5560-9f53-6b11eaf650fd	chr8	32802942	33789226	2	1	1
a8440095-6fa0-5560-9f53-6b11eaf650fd	chr8	33789378	37243485	1	1	0
a8440095-6fa0-5560-9f53-6b11eaf650fd	chr8	37246931	38171208	4	3	1
a8440095-6fa0-5560-9f53-6b11eaf650fd	chr8	38172190	38592274	5	4	1
a8440095-6fa0-5560-9f53-6b11eaf650fd	chr8	38592613	38946708	3	2	1
a8440095-6fa0-5560-9f53-6b11eaf650fd	chr8	38947111	145072769	2	1	1
a8440095-6fa0-5560-9f53-6b11eaf650fd	chr9	46587	138116189	2	1	1
a8440095-6fa0-5560-9f53-6b11eaf650fd	chr9	138116734	138200944	3	2	1
a8440095-6fa0-5560-9f53-6b11eaf650fd	chr10	45792	32198439	2	1	1
a8440095-6fa0-5560-9f53-6b11eaf650fd	chr10	32198505	32249576	3	2	1
a8440095-6fa0-5560-9f53-6b11eaf650fd	chr10	32251412	42331264	2	1	1
a8440095-6fa0-5560-9f53-6b11eaf650fd	chr10	42332543	45719983	3	2	1
a8440095-6fa0-5560-9f53-6b11eaf650fd	chr10	45720318	46370859	1	1	0
a8440095-6fa0-5560-9f53-6b11eaf650fd	chr10	46514459	49402440	2	1	1
a8440095-6fa0-5560-9f53-6b11eaf650fd	chr10	49407168	52357378	1	1	0
a8440095-6fa0-5560-9f53-6b11eaf650fd	chr10	52357774	53006592	2	1	1
a8440095-6fa0-5560-9f53-6b11eaf650fd	chr10	53010753	58749641	2	2	0
a8440095-6fa0-5560-9f53-6b11eaf650fd	chr10	58751999	87544133	1	1	0
a8440095-6fa0-5560-9f53-6b11eaf650fd	chr10	87545362	89024484	0	0	0
a8440095-6fa0-5560-9f53-6b11eaf650fd	chr10	89024998	133420688	1	1	0
a8440095-6fa0-5560-9f53-6b11eaf650fd	chr10	133429369	133576392	4	3	1
a8440095-6fa0-5560-9f53-6b11eaf650fd	chr10	133582780	133654968	2	2	0
a8440095-6fa0-5560-9f53-6b11eaf650fd	chr11	198510	103447622	2	1	1
a8440095-6fa0-5560-9f53-6b11eaf650fd	chr11	103447712	103716340	3	2	1
a8440095-6fa0-5560-9f53-6b11eaf650fd	chr11	103722235	112390114	2	1	1
a8440095-6fa0-5560-9f53-6b11eaf650fd	chr11	112390362	112398305	1	1	0
a8440095-6fa0-5560-9f53-6b11eaf650fd	chr11	112399712	120108243	2	1	1
a8440095-6fa0-5560-9f53-6b11eaf650fd	chr11	120113827	120134005	3	2	1
a8440095-6fa0-5560-9f53-6b11eaf650fd	chr11	120134925	135074876	2	1	1
a8440095-6fa0-5560-9f53-6b11eaf650fd	chr12	51460	37547741	1	1	0
a8440095-6fa0-5560-9f53-6b11eaf650fd	chr12	37548820	133201603	2	1	1
a8440095-6fa0-5560-9f53-6b11eaf650fd	chr13	18452809	28618693	1	1	0
a8440095-6fa0-5560-9f53-6b11eaf650fd	chr13	28618798	28629067	0	0	0
a8440095-6fa0-5560-9f53-6b11eaf650fd	chr13	28629821	114342922	1	1	0
a8440095-6fa0-5560-9f53-6b11eaf650fd	chr14	18239283	20054410	3	2	1
a8440095-6fa0-5560-9f53-6b11eaf650fd	chr14	20054562	23326767	2	1	1
a8440095-6fa0-5560-9f53-6b11eaf650fd	chr14	23333316	24267338	3	2	1
a8440095-6fa0-5560-9f53-6b11eaf650fd	chr14	24273020	25401863	2	1	1
a8440095-6fa0-5560-9f53-6b11eaf650fd	chr14	25402477	29270415	4	3	1
a8440095-6fa0-5560-9f53-6b11eaf650fd	chr14	29270729	30165783	2	1	1
a8440095-6fa0-5560-9f53-6b11eaf650fd	chr14	30169586	30441733	3	2	1
a8440095-6fa0-5560-9f53-6b11eaf650fd	chr14	30445615	30974990	2	1	1
a8440095-6fa0-5560-9f53-6b11eaf650fd	chr14	30975478	34281083	3	2	1
a8440095-6fa0-5560-9f53-6b11eaf650fd	chr14	34281729	36823194	2	1	1
a8440095-6fa0-5560-9f53-6b11eaf650fd	chr14	36823941	49271526	3	2	1
a8440095-6fa0-5560-9f53-6b11eaf650fd	chr14	49271873	61959143	2	1	1
a8440095-6fa0-5560-9f53-6b11eaf650fd	chr14	61961913	63863160	3	2	1
a8440095-6fa0-5560-9f53-6b11eaf650fd	chr14	63868160	82843061	2	1	1
a8440095-6fa0-5560-9f53-6b11eaf650fd	chr14	82843076	82982276	3	2	1
a8440095-6fa0-5560-9f53-6b11eaf650fd	chr14	82982490	105656902	2	1	1
a8440095-6fa0-5560-9f53-6b11eaf650fd	chr14	105659061	106877229	5	4	1
a8440095-6fa0-5560-9f53-6b11eaf650fd	chr15	19811075	101928837	1	1	0
a8440095-6fa0-5560-9f53-6b11eaf650fd	chr16	10777	90096867	1	1	0
a8440095-6fa0-5560-9f53-6b11eaf650fd	chr17	150733	4092611	2	1	1
a8440095-6fa0-5560-9f53-6b11eaf650fd	chr17	4094737	4181444	3	2	1
a8440095-6fa0-5560-9f53-6b11eaf650fd	chr17	4181794	6493736	2	1	1
a8440095-6fa0-5560-9f53-6b11eaf650fd	chr17	6494438	7028821	1	1	0
a8440095-6fa0-5560-9f53-6b11eaf650fd	chr17	7029358	7363157	2	2	0
a8440095-6fa0-5560-9f53-6b11eaf650fd	chr17	7366036	8410536	1	1	0
a8440095-6fa0-5560-9f53-6b11eaf650fd	chr17	8410634	14525468	2	1	1
a8440095-6fa0-5560-9f53-6b11eaf650fd	chr17	14525666	14661532	1	1	0
a8440095-6fa0-5560-9f53-6b11eaf650fd	chr17	14662502	14745969	2	1	1
a8440095-6fa0-5560-9f53-6b11eaf650fd	chr17	14747609	14810683	1	1	0
a8440095-6fa0-5560-9f53-6b11eaf650fd	chr17	14810715	18029839	2	1	1
a8440095-6fa0-5560-9f53-6b11eaf650fd	chr17	18032563	18757203	1	1	0
a8440095-6fa0-5560-9f53-6b11eaf650fd	chr17	18758014	33139373	2	1	1
a8440095-6fa0-5560-9f53-6b11eaf650fd	chr17	33139614	42541326	1	1	0
a8440095-6fa0-5560-9f53-6b11eaf650fd	chr17	42545129	44277289	3	2	1
a8440095-6fa0-5560-9f53-6b11eaf650fd	chr17	44277325	45043709	2	1	1
a8440095-6fa0-5560-9f53-6b11eaf650fd	chr17	45043940	48805638	3	2	1
a8440095-6fa0-5560-9f53-6b11eaf650fd	chr17	48805683	49709881	2	1	1
a8440095-6fa0-5560-9f53-6b11eaf650fd	chr17	49714142	50212700	3	2	1
a8440095-6fa0-5560-9f53-6b11eaf650fd	chr17	50213651	57425050	2	1	1
a8440095-6fa0-5560-9f53-6b11eaf650fd	chr17	57426052	57505557	1	1	0
a8440095-6fa0-5560-9f53-6b11eaf650fd	chr17	57505571	61171185	2	1	1
a8440095-6fa0-5560-9f53-6b11eaf650fd	chr17	61171910	63632013	3	2	1
a8440095-6fa0-5560-9f53-6b11eaf650fd	chr17	63636915	72094012	2	1	1
a8440095-6fa0-5560-9f53-6b11eaf650fd	chr17	72094434	74399945	3	2	1
a8440095-6fa0-5560-9f53-6b11eaf650fd	chr17	74403590	75444150	2	2	0
a8440095-6fa0-5560-9f53-6b11eaf650fd	chr17	75445009	75734402	2	1	1
a8440095-6fa0-5560-9f53-6b11eaf650fd	chr17	75734740	76739594	3	2	1
a8440095-6fa0-5560-9f53-6b11eaf650fd	chr17	76741926	83091923	2	1	1
a8440095-6fa0-5560-9f53-6b11eaf650fd	chr18	48133	15402409	2	1	1
a8440095-6fa0-5560-9f53-6b11eaf650fd	chr18	20949392	22435310	1	1	0
a8440095-6fa0-5560-9f53-6b11eaf650fd	chr18	22435464	80257174	2	1	1
a8440095-6fa0-5560-9f53-6b11eaf650fd	chr19	90910	17284246	2	1	1
a8440095-6fa0-5560-9f53-6b11eaf650fd	chr19	17285740	17464977	3	2	1
a8440095-6fa0-5560-9f53-6b11eaf650fd	chr19	17474099	47374717	2	1	1
a8440095-6fa0-5560-9f53-6b11eaf650fd	chr19	47374901	48857998	1	1	0
a8440095-6fa0-5560-9f53-6b11eaf650fd	chr19	48858184	58586487	2	1	1
a8440095-6fa0-5560-9f53-6b11eaf650fd	chr20	80664	21040910	1	1	0
a8440095-6fa0-5560-9f53-6b11eaf650fd	chr20	21041437	22467260	2	1	1
a8440095-6fa0-5560-9f53-6b11eaf650fd	chr20	22467316	24238978	3	2	1
a8440095-6fa0-5560-9f53-6b11eaf650fd	chr20	24239291	64324800	2	1	1
a8440095-6fa0-5560-9f53-6b11eaf650fd	chr21	12973348	21140026	1	1	0
a8440095-6fa0-5560-9f53-6b11eaf650fd	chr21	21144814	21272827	2	2	0
a8440095-6fa0-5560-9f53-6b11eaf650fd	chr21	21280504	22455999	1	1	0
a8440095-6fa0-5560-9f53-6b11eaf650fd	chr21	22458804	22555128	2	2	0
a8440095-6fa0-5560-9f53-6b11eaf650fd	chr21	22556647	26490716	4	4	0
a8440095-6fa0-5560-9f53-6b11eaf650fd	chr21	26493101	46677045	2	2	0
a8440095-6fa0-5560-9f53-6b11eaf650fd	chr22	16392123	50796027	1	1	0
a8440095-6fa0-5560-9f53-6b11eaf650fd	chrX	251810	1456048	2	1	1
a8440095-6fa0-5560-9f53-6b11eaf650fd	chrX	1464647	5365200	1	1	0
a8440095-6fa0-5560-9f53-6b11eaf650fd	chrX	5368305	7871225	2	1	1
a8440095-6fa0-5560-9f53-6b11eaf650fd	chrX	7871935	7893838	3	2	1
a8440095-6fa0-5560-9f53-6b11eaf650fd	chrX	7894908	8951274	2	1	1
a8440095-6fa0-5560-9f53-6b11eaf650fd	chrX	8954691	9161749	3	2	1
a8440095-6fa0-5560-9f53-6b11eaf650fd	chrX	9162241	35640250	2	1	1
a8440095-6fa0-5560-9f53-6b11eaf650fd	chrX	35640383	35642671	4	2	2
a8440095-6fa0-5560-9f53-6b11eaf650fd	chrX	35642965	40228747	2	1	1
a8440095-6fa0-5560-9f53-6b11eaf650fd	chrX	40236608	40300903	2	2	0
a8440095-6fa0-5560-9f53-6b11eaf650fd	chrX	40303272	62509359	1	1	0
a8440095-6fa0-5560-9f53-6b11eaf650fd	chrX	62532810	83794062	2	1	1
a8440095-6fa0-5560-9f53-6b11eaf650fd	chrX	83794680	83948410	1	1	0
a8440095-6fa0-5560-9f53-6b11eaf650fd	chrX	83949586	88914201	2	1	1
a8440095-6fa0-5560-9f53-6b11eaf650fd	chrX	88917574	94547712	1	1	0
a8440095-6fa0-5560-9f53-6b11eaf650fd	chrX	94548286	98593698	2	1	1
a8440095-6fa0-5560-9f53-6b11eaf650fd	chrX	98593894	98636354	1	1	0
a8440095-6fa0-5560-9f53-6b11eaf650fd	chrX	98638723	114557647	2	1	1
a8440095-6fa0-5560-9f53-6b11eaf650fd	chrX	114557794	115651625	1	1	0
a8440095-6fa0-5560-9f53-6b11eaf650fd	chrX	115654758	156004181	2	1	1
a8440095-6fa0-5560-9f53-6b11eaf650fd	chrY	2782397	26653788	0	0	0
a8440095-6fa0-5560-9f53-6b11eaf650fd	chrY	56872112	56872112	3	3	0
