GDC_Aliquot	Chromosome	Start	End	Copy_Number	Major_Copy_Number	Minor_Copy_Number
fff431af-69ad-5294-b478-69c2c2fc5650	chr1	62920	30821565	4	2	2
fff431af-69ad-5294-b478-69c2c2fc5650	chr1	30827002	30903048	2	1	1
fff431af-69ad-5294-b478-69c2c2fc5650	chr1	30903828	31283052	3	2	1
fff431af-69ad-5294-b478-69c2c2fc5650	chr1	31284864	31487004	1	1	0
fff431af-69ad-5294-b478-69c2c2fc5650	chr1	31493478	33670674	4	2	2
fff431af-69ad-5294-b478-69c2c2fc5650	chr1	33671289	33685570	2	1	1
fff431af-69ad-5294-b478-69c2c2fc5650	chr1	33685629	33685660	3	3	0
fff431af-69ad-5294-b478-69c2c2fc5650	chr1	33686583	33835828	2	2	0
fff431af-69ad-5294-b478-69c2c2fc5650	chr1	33838262	34972879	4	2	2
fff431af-69ad-5294-b478-69c2c2fc5650	chr1	34974315	35547588	6	4	2
fff431af-69ad-5294-b478-69c2c2fc5650	chr1	35549410	35735787	1	1	0
fff431af-69ad-5294-b478-69c2c2fc5650	chr1	35739565	36479180	4	2	2
fff431af-69ad-5294-b478-69c2c2fc5650	chr1	36479958	37818074	2	2	0
fff431af-69ad-5294-b478-69c2c2fc5650	chr1	37824174	38307409	6	4	2
fff431af-69ad-5294-b478-69c2c2fc5650	chr1	38313023	38944344	2	2	0
fff431af-69ad-5294-b478-69c2c2fc5650	chr1	38946430	39287656	4	3	1
fff431af-69ad-5294-b478-69c2c2fc5650	chr1	39288861	41672357	2	2	0
fff431af-69ad-5294-b478-69c2c2fc5650	chr1	41673505	41987516	1	1	0
fff431af-69ad-5294-b478-69c2c2fc5650	chr1	41987646	42169834	4	3	1
fff431af-69ad-5294-b478-69c2c2fc5650	chr1	42171942	42915394	1	1	0
fff431af-69ad-5294-b478-69c2c2fc5650	chr1	42921631	43129560	4	3	1
fff431af-69ad-5294-b478-69c2c2fc5650	chr1	43130022	44642733	2	2	0
fff431af-69ad-5294-b478-69c2c2fc5650	chr1	44643429	44839820	4	3	1
fff431af-69ad-5294-b478-69c2c2fc5650	chr1	44844138	46108785	2	2	0
fff431af-69ad-5294-b478-69c2c2fc5650	chr1	46111035	46684122	4	2	2
fff431af-69ad-5294-b478-69c2c2fc5650	chr1	46684553	47894853	2	2	0
fff431af-69ad-5294-b478-69c2c2fc5650	chr1	47896708	48148587	4	2	2
fff431af-69ad-5294-b478-69c2c2fc5650	chr1	48148792	49133668	2	2	0
fff431af-69ad-5294-b478-69c2c2fc5650	chr1	49133888	50541555	4	2	2
fff431af-69ad-5294-b478-69c2c2fc5650	chr1	50551341	51960281	1	1	0
fff431af-69ad-5294-b478-69c2c2fc5650	chr1	51963810	56692472	4	2	2
fff431af-69ad-5294-b478-69c2c2fc5650	chr1	56692620	57138605	2	2	0
fff431af-69ad-5294-b478-69c2c2fc5650	chr1	57138868	61779952	4	2	2
fff431af-69ad-5294-b478-69c2c2fc5650	chr1	61780594	61837276	9	6	3
fff431af-69ad-5294-b478-69c2c2fc5650	chr1	61838187	62039169	4	2	2
fff431af-69ad-5294-b478-69c2c2fc5650	chr1	62039267	63123023	6	4	2
fff431af-69ad-5294-b478-69c2c2fc5650	chr1	63123054	63406688	4	2	2
fff431af-69ad-5294-b478-69c2c2fc5650	chr1	63408327	69527829	6	4	2
fff431af-69ad-5294-b478-69c2c2fc5650	chr1	69528897	69842548	4	2	2
fff431af-69ad-5294-b478-69c2c2fc5650	chr1	69843633	73575278	7	5	2
fff431af-69ad-5294-b478-69c2c2fc5650	chr1	73575504	80927517	4	2	2
fff431af-69ad-5294-b478-69c2c2fc5650	chr1	80928824	81996757	5	3	2
fff431af-69ad-5294-b478-69c2c2fc5650	chr1	82003925	82036465	12	8	4
fff431af-69ad-5294-b478-69c2c2fc5650	chr1	82040319	248202650	4	2	2
fff431af-69ad-5294-b478-69c2c2fc5650	chr1	248205381	248930189	2	2	0
fff431af-69ad-5294-b478-69c2c2fc5650	chr2	12784	145911	7	7	0
fff431af-69ad-5294-b478-69c2c2fc5650	chr2	151032	4045135	2	2	0
fff431af-69ad-5294-b478-69c2c2fc5650	chr2	4045661	6832083	1	1	0
fff431af-69ad-5294-b478-69c2c2fc5650	chr2	6832210	7077754	4	2	2
fff431af-69ad-5294-b478-69c2c2fc5650	chr2	7080323	7915228	9	7	2
fff431af-69ad-5294-b478-69c2c2fc5650	chr2	7915377	8649069	7	6	1
fff431af-69ad-5294-b478-69c2c2fc5650	chr2	8651319	8892947	4	4	0
fff431af-69ad-5294-b478-69c2c2fc5650	chr2	8896673	13052723	8	7	1
fff431af-69ad-5294-b478-69c2c2fc5650	chr2	13053095	13189755	11	11	0
fff431af-69ad-5294-b478-69c2c2fc5650	chr2	13190088	15246940	14	13	1
fff431af-69ad-5294-b478-69c2c2fc5650	chr2	15253192	60624285	2	2	0
fff431af-69ad-5294-b478-69c2c2fc5650	chr2	60626804	230200212	4	2	2
fff431af-69ad-5294-b478-69c2c2fc5650	chr2	230200367	242147305	2	2	0
fff431af-69ad-5294-b478-69c2c2fc5650	chr3	20930	1775015	0	0	0
fff431af-69ad-5294-b478-69c2c2fc5650	chr3	1778550	1812038	3	3	0
fff431af-69ad-5294-b478-69c2c2fc5650	chr3	1812636	11438024	4	4	0
fff431af-69ad-5294-b478-69c2c2fc5650	chr3	11442295	11620648	9	9	0
fff431af-69ad-5294-b478-69c2c2fc5650	chr3	11621921	11680319	0	0	0
fff431af-69ad-5294-b478-69c2c2fc5650	chr3	11683752	27783895	4	4	0
fff431af-69ad-5294-b478-69c2c2fc5650	chr3	27786242	41720759	2	2	0
fff431af-69ad-5294-b478-69c2c2fc5650	chr3	41722703	41809598	4	4	0
fff431af-69ad-5294-b478-69c2c2fc5650	chr3	41810017	48192136	2	2	0
fff431af-69ad-5294-b478-69c2c2fc5650	chr3	48194592	50973037	4	2	2
fff431af-69ad-5294-b478-69c2c2fc5650	chr3	50981520	52970809	1	1	0
fff431af-69ad-5294-b478-69c2c2fc5650	chr3	52972039	57709942	2	2	0
fff431af-69ad-5294-b478-69c2c2fc5650	chr3	57717529	60736045	4	2	2
fff431af-69ad-5294-b478-69c2c2fc5650	chr3	60738177	60795146	2	1	1
fff431af-69ad-5294-b478-69c2c2fc5650	chr3	60795294	63314701	2	2	0
fff431af-69ad-5294-b478-69c2c2fc5650	chr3	63321143	63345164	4	4	0
fff431af-69ad-5294-b478-69c2c2fc5650	chr3	63345802	63480706	2	2	0
fff431af-69ad-5294-b478-69c2c2fc5650	chr3	63481551	69968921	4	2	2
fff431af-69ad-5294-b478-69c2c2fc5650	chr3	69970472	70361058	2	2	0
fff431af-69ad-5294-b478-69c2c2fc5650	chr3	70362649	70546399	1	1	0
fff431af-69ad-5294-b478-69c2c2fc5650	chr3	70548696	88650441	4	2	2
fff431af-69ad-5294-b478-69c2c2fc5650	chr3	88650645	99294455	4	3	1
fff431af-69ad-5294-b478-69c2c2fc5650	chr3	99294524	118630229	3	2	1
fff431af-69ad-5294-b478-69c2c2fc5650	chr3	118630600	123155076	5	3	2
fff431af-69ad-5294-b478-69c2c2fc5650	chr3	123158159	123650881	3	2	1
fff431af-69ad-5294-b478-69c2c2fc5650	chr3	123653126	165727769	5	3	2
fff431af-69ad-5294-b478-69c2c2fc5650	chr3	165729169	179380608	4	2	2
fff431af-69ad-5294-b478-69c2c2fc5650	chr3	179381967	180832914	2	2	0
fff431af-69ad-5294-b478-69c2c2fc5650	chr3	180832936	182415634	4	2	2
fff431af-69ad-5294-b478-69c2c2fc5650	chr3	182416726	185996579	4	3	1
fff431af-69ad-5294-b478-69c2c2fc5650	chr3	185996925	189428312	4	2	2
fff431af-69ad-5294-b478-69c2c2fc5650	chr3	189429957	191141280	4	3	1
fff431af-69ad-5294-b478-69c2c2fc5650	chr3	191143470	191151726	5	3	2
fff431af-69ad-5294-b478-69c2c2fc5650	chr3	191151922	191170670	5	5	0
fff431af-69ad-5294-b478-69c2c2fc5650	chr3	191172789	192581099	1	1	0
fff431af-69ad-5294-b478-69c2c2fc5650	chr3	192581400	198169247	2	2	0
fff431af-69ad-5294-b478-69c2c2fc5650	chr4	68929	6684946	4	2	2
fff431af-69ad-5294-b478-69c2c2fc5650	chr4	6685386	10208766	4	3	1
fff431af-69ad-5294-b478-69c2c2fc5650	chr4	10212536	10233542	11	11	0
fff431af-69ad-5294-b478-69c2c2fc5650	chr4	10233558	11626847	4	3	1
fff431af-69ad-5294-b478-69c2c2fc5650	chr4	11627198	22284378	4	2	2
fff431af-69ad-5294-b478-69c2c2fc5650	chr4	22284923	22404712	3	2	1
fff431af-69ad-5294-b478-69c2c2fc5650	chr4	22405238	24421725	4	2	2
fff431af-69ad-5294-b478-69c2c2fc5650	chr4	24422531	24458631	3	2	1
fff431af-69ad-5294-b478-69c2c2fc5650	chr4	24461877	25462905	4	2	2
fff431af-69ad-5294-b478-69c2c2fc5650	chr4	25464520	66309091	4	3	1
fff431af-69ad-5294-b478-69c2c2fc5650	chr4	66309328	68509237	5	4	1
fff431af-69ad-5294-b478-69c2c2fc5650	chr4	68509442	68623617	1	1	0
fff431af-69ad-5294-b478-69c2c2fc5650	chr4	68639397	89549882	5	4	1
fff431af-69ad-5294-b478-69c2c2fc5650	chr4	89551369	113259849	3	2	1
fff431af-69ad-5294-b478-69c2c2fc5650	chr4	113260385	113387887	4	3	1
fff431af-69ad-5294-b478-69c2c2fc5650	chr4	113388127	182526357	3	2	1
fff431af-69ad-5294-b478-69c2c2fc5650	chr4	182528763	182663537	2	2	0
fff431af-69ad-5294-b478-69c2c2fc5650	chr4	182663732	190106768	3	2	1
fff431af-69ad-5294-b478-69c2c2fc5650	chr5	15532	1997338	2	2	0
fff431af-69ad-5294-b478-69c2c2fc5650	chr5	1999755	2014875	4	4	0
fff431af-69ad-5294-b478-69c2c2fc5650	chr5	2014989	2014989	2	2	0
fff431af-69ad-5294-b478-69c2c2fc5650	chr5	2015034	2080115	4	3	1
fff431af-69ad-5294-b478-69c2c2fc5650	chr5	2081711	2896626	2	2	0
fff431af-69ad-5294-b478-69c2c2fc5650	chr5	2901128	3024493	4	2	2
fff431af-69ad-5294-b478-69c2c2fc5650	chr5	3025338	3054975	6	4	2
fff431af-69ad-5294-b478-69c2c2fc5650	chr5	3055359	40166960	4	2	2
fff431af-69ad-5294-b478-69c2c2fc5650	chr5	40167039	40204857	2	1	1
fff431af-69ad-5294-b478-69c2c2fc5650	chr5	40206702	50225758	4	2	2
fff431af-69ad-5294-b478-69c2c2fc5650	chr5	50230193	52908460	7	5	2
fff431af-69ad-5294-b478-69c2c2fc5650	chr5	52917554	58025759	2	2	0
fff431af-69ad-5294-b478-69c2c2fc5650	chr5	58025819	58037466	5	5	0
fff431af-69ad-5294-b478-69c2c2fc5650	chr5	58037688	60012689	2	2	0
fff431af-69ad-5294-b478-69c2c2fc5650	chr5	60013335	61281033	4	2	2
fff431af-69ad-5294-b478-69c2c2fc5650	chr5	61285544	68277635	2	2	0
fff431af-69ad-5294-b478-69c2c2fc5650	chr5	68278091	68711071	3	3	0
fff431af-69ad-5294-b478-69c2c2fc5650	chr5	68712643	75789981	2	2	0
fff431af-69ad-5294-b478-69c2c2fc5650	chr5	75792832	77465578	4	2	2
fff431af-69ad-5294-b478-69c2c2fc5650	chr5	77469538	78129756	2	2	0
fff431af-69ad-5294-b478-69c2c2fc5650	chr5	78129963	78228430	6	5	1
fff431af-69ad-5294-b478-69c2c2fc5650	chr5	78232247	78415732	2	2	0
fff431af-69ad-5294-b478-69c2c2fc5650	chr5	78416349	79401807	4	2	2
fff431af-69ad-5294-b478-69c2c2fc5650	chr5	79403713	92192248	2	2	0
fff431af-69ad-5294-b478-69c2c2fc5650	chr5	92193400	128897208	4	2	2
fff431af-69ad-5294-b478-69c2c2fc5650	chr5	128897527	181363319	3	3	0
fff431af-69ad-5294-b478-69c2c2fc5650	chr6	149661	251648	4	2	2
fff431af-69ad-5294-b478-69c2c2fc5650	chr6	252049	3577636	4	3	1
fff431af-69ad-5294-b478-69c2c2fc5650	chr6	3579380	4321912	4	2	2
fff431af-69ad-5294-b478-69c2c2fc5650	chr6	4323065	4367834	2	1	1
fff431af-69ad-5294-b478-69c2c2fc5650	chr6	4368022	51792064	4	2	2
fff431af-69ad-5294-b478-69c2c2fc5650	chr6	51800799	51806523	3	2	1
fff431af-69ad-5294-b478-69c2c2fc5650	chr6	51806552	62888548	4	2	2
fff431af-69ad-5294-b478-69c2c2fc5650	chr6	62890243	63778755	2	2	0
fff431af-69ad-5294-b478-69c2c2fc5650	chr6	63779600	68127798	4	4	0
fff431af-69ad-5294-b478-69c2c2fc5650	chr6	68127836	68824147	6	4	2
fff431af-69ad-5294-b478-69c2c2fc5650	chr6	68824215	75146164	4	4	0
fff431af-69ad-5294-b478-69c2c2fc5650	chr6	75150085	103290313	2	2	0
fff431af-69ad-5294-b478-69c2c2fc5650	chr6	103290349	103314186	4	4	0
fff431af-69ad-5294-b478-69c2c2fc5650	chr6	103317795	119834171	2	2	0
fff431af-69ad-5294-b478-69c2c2fc5650	chr6	119834385	119947560	1	1	0
fff431af-69ad-5294-b478-69c2c2fc5650	chr6	119953236	120729696	4	2	2
fff431af-69ad-5294-b478-69c2c2fc5650	chr6	120730298	121349297	5	3	2
fff431af-69ad-5294-b478-69c2c2fc5650	chr6	121352658	130317359	4	2	2
fff431af-69ad-5294-b478-69c2c2fc5650	chr6	130317581	130331912	2	1	1
fff431af-69ad-5294-b478-69c2c2fc5650	chr6	130332533	161744729	4	2	2
fff431af-69ad-5294-b478-69c2c2fc5650	chr6	161745131	161860380	5	3	2
fff431af-69ad-5294-b478-69c2c2fc5650	chr6	161860501	170741917	4	2	2
fff431af-69ad-5294-b478-69c2c2fc5650	chr7	43259	5198964	2	2	0
fff431af-69ad-5294-b478-69c2c2fc5650	chr7	5211136	5567033	6	4	2
fff431af-69ad-5294-b478-69c2c2fc5650	chr7	5569301	8268130	4	2	2
fff431af-69ad-5294-b478-69c2c2fc5650	chr7	8270431	9987488	6	4	2
fff431af-69ad-5294-b478-69c2c2fc5650	chr7	9990722	10480755	4	2	2
fff431af-69ad-5294-b478-69c2c2fc5650	chr7	10481422	11534141	6	4	2
fff431af-69ad-5294-b478-69c2c2fc5650	chr7	11540166	11952230	4	2	2
fff431af-69ad-5294-b478-69c2c2fc5650	chr7	11952528	12215313	7	5	2
fff431af-69ad-5294-b478-69c2c2fc5650	chr7	12219129	49398410	4	2	2
fff431af-69ad-5294-b478-69c2c2fc5650	chr7	49398493	50475181	1	1	0
fff431af-69ad-5294-b478-69c2c2fc5650	chr7	50475229	145130039	2	2	0
fff431af-69ad-5294-b478-69c2c2fc5650	chr7	145130157	145158054	1	1	0
fff431af-69ad-5294-b478-69c2c2fc5650	chr7	145160753	159334314	2	2	0
fff431af-69ad-5294-b478-69c2c2fc5650	chr8	81254	32834838	2	2	0
fff431af-69ad-5294-b478-69c2c2fc5650	chr8	32834852	40442940	2	1	1
fff431af-69ad-5294-b478-69c2c2fc5650	chr8	40445071	41232537	7	6	1
fff431af-69ad-5294-b478-69c2c2fc5650	chr8	41234270	41244867	5	5	0
fff431af-69ad-5294-b478-69c2c2fc5650	chr8	41244918	49934755	4	3	1
fff431af-69ad-5294-b478-69c2c2fc5650	chr8	49935026	54601199	4	2	2
fff431af-69ad-5294-b478-69c2c2fc5650	chr8	54602003	59479666	4	3	1
fff431af-69ad-5294-b478-69c2c2fc5650	chr8	59486273	60565059	1	1	0
fff431af-69ad-5294-b478-69c2c2fc5650	chr8	60570102	111213438	4	3	1
fff431af-69ad-5294-b478-69c2c2fc5650	chr8	111222410	117300074	1	1	0
fff431af-69ad-5294-b478-69c2c2fc5650	chr8	117300773	118523089	2	2	0
fff431af-69ad-5294-b478-69c2c2fc5650	chr8	118523766	118540853	1	1	0
fff431af-69ad-5294-b478-69c2c2fc5650	chr8	118543121	129095592	2	2	0
fff431af-69ad-5294-b478-69c2c2fc5650	chr8	129096756	129190893	5	5	0
fff431af-69ad-5294-b478-69c2c2fc5650	chr8	129191358	129399660	13	13	0
fff431af-69ad-5294-b478-69c2c2fc5650	chr8	129400192	129494076	3	3	0
fff431af-69ad-5294-b478-69c2c2fc5650	chr8	129499025	136142494	2	2	0
fff431af-69ad-5294-b478-69c2c2fc5650	chr8	136142938	137810080	4	4	0
fff431af-69ad-5294-b478-69c2c2fc5650	chr8	137811491	138010154	6	6	0
fff431af-69ad-5294-b478-69c2c2fc5650	chr8	138016714	138363430	4	4	0
fff431af-69ad-5294-b478-69c2c2fc5650	chr8	138363591	138447533	2	2	0
fff431af-69ad-5294-b478-69c2c2fc5650	chr8	138447929	138548164	4	4	0
fff431af-69ad-5294-b478-69c2c2fc5650	chr8	138549151	139313505	6	6	0
fff431af-69ad-5294-b478-69c2c2fc5650	chr8	139316666	139493260	4	4	0
fff431af-69ad-5294-b478-69c2c2fc5650	chr8	139494136	141195138	6	6	0
fff431af-69ad-5294-b478-69c2c2fc5650	chr8	141195805	143105500	5	5	0
fff431af-69ad-5294-b478-69c2c2fc5650	chr8	143108927	143566339	3	3	0
fff431af-69ad-5294-b478-69c2c2fc5650	chr8	143580513	144568162	5	5	0
fff431af-69ad-5294-b478-69c2c2fc5650	chr8	144568943	145072769	3	3	0
fff431af-69ad-5294-b478-69c2c2fc5650	chr9	46587	2315321	2	2	0
fff431af-69ad-5294-b478-69c2c2fc5650	chr9	2320623	5701896	4	2	2
fff431af-69ad-5294-b478-69c2c2fc5650	chr9	5703394	27232615	2	2	0
fff431af-69ad-5294-b478-69c2c2fc5650	chr9	27233159	27276516	1	1	0
fff431af-69ad-5294-b478-69c2c2fc5650	chr9	27279629	38542355	2	2	0
fff431af-69ad-5294-b478-69c2c2fc5650	chr9	38549026	41741113	4	2	2
fff431af-69ad-5294-b478-69c2c2fc5650	chr9	60863881	104756792	2	2	0
fff431af-69ad-5294-b478-69c2c2fc5650	chr9	104757234	122565635	4	2	2
fff431af-69ad-5294-b478-69c2c2fc5650	chr9	122565866	122740508	3	2	1
fff431af-69ad-5294-b478-69c2c2fc5650	chr9	122740590	130894630	4	2	2
fff431af-69ad-5294-b478-69c2c2fc5650	chr9	130894835	131828570	3	2	1
fff431af-69ad-5294-b478-69c2c2fc5650	chr9	131831224	136157310	4	3	1
fff431af-69ad-5294-b478-69c2c2fc5650	chr9	136158612	136918125	3	3	0
fff431af-69ad-5294-b478-69c2c2fc5650	chr9	136928090	138200944	3	2	1
fff431af-69ad-5294-b478-69c2c2fc5650	chr10	45792	19894020	2	2	0
fff431af-69ad-5294-b478-69c2c2fc5650	chr10	19894676	36417293	2	1	1
fff431af-69ad-5294-b478-69c2c2fc5650	chr10	36419579	38752615	2	2	0
fff431af-69ad-5294-b478-69c2c2fc5650	chr10	38752733	62683379	4	2	2
fff431af-69ad-5294-b478-69c2c2fc5650	chr10	62683428	63320419	6	4	2
fff431af-69ad-5294-b478-69c2c2fc5650	chr10	63327617	133654968	4	2	2
fff431af-69ad-5294-b478-69c2c2fc5650	chr11	198510	5766175	2	2	0
fff431af-69ad-5294-b478-69c2c2fc5650	chr11	5766850	5787909	0	0	0
fff431af-69ad-5294-b478-69c2c2fc5650	chr11	5788108	55608804	2	2	0
fff431af-69ad-5294-b478-69c2c2fc5650	chr11	55609022	55654863	0	0	0
fff431af-69ad-5294-b478-69c2c2fc5650	chr11	55661931	64038240	2	2	0
fff431af-69ad-5294-b478-69c2c2fc5650	chr11	64043443	65226867	4	2	2
fff431af-69ad-5294-b478-69c2c2fc5650	chr11	65232773	66919072	2	2	0
fff431af-69ad-5294-b478-69c2c2fc5650	chr11	66923475	69998007	4	2	2
fff431af-69ad-5294-b478-69c2c2fc5650	chr11	69999579	82516510	2	2	0
fff431af-69ad-5294-b478-69c2c2fc5650	chr11	82521298	88051176	1	1	0
fff431af-69ad-5294-b478-69c2c2fc5650	chr11	88051253	101300660	2	2	0
fff431af-69ad-5294-b478-69c2c2fc5650	chr11	101300945	101436881	4	2	2
fff431af-69ad-5294-b478-69c2c2fc5650	chr11	101438479	101669458	2	2	0
fff431af-69ad-5294-b478-69c2c2fc5650	chr11	101672204	101754458	4	3	1
fff431af-69ad-5294-b478-69c2c2fc5650	chr11	101755379	104368401	2	2	0
fff431af-69ad-5294-b478-69c2c2fc5650	chr11	104369268	104558000	6	4	2
fff431af-69ad-5294-b478-69c2c2fc5650	chr11	104569815	105318986	2	2	0
fff431af-69ad-5294-b478-69c2c2fc5650	chr11	105319520	105718976	13	11	2
fff431af-69ad-5294-b478-69c2c2fc5650	chr11	105719375	105919761	20	18	2
fff431af-69ad-5294-b478-69c2c2fc5650	chr11	105920509	110360970	6	4	2
fff431af-69ad-5294-b478-69c2c2fc5650	chr11	110360998	113429188	4	2	2
fff431af-69ad-5294-b478-69c2c2fc5650	chr11	113434153	113533669	2	1	1
fff431af-69ad-5294-b478-69c2c2fc5650	chr11	113534027	113537935	3	3	0
fff431af-69ad-5294-b478-69c2c2fc5650	chr11	113538220	133639648	2	2	0
fff431af-69ad-5294-b478-69c2c2fc5650	chr11	133646952	135074876	4	4	0
fff431af-69ad-5294-b478-69c2c2fc5650	chr12	51460	955362	5	3	2
fff431af-69ad-5294-b478-69c2c2fc5650	chr12	960472	989209	3	2	1
fff431af-69ad-5294-b478-69c2c2fc5650	chr12	989472	2860261	3	3	0
fff431af-69ad-5294-b478-69c2c2fc5650	chr12	2861835	4050282	5	3	2
fff431af-69ad-5294-b478-69c2c2fc5650	chr12	4051728	4420975	4	3	1
fff431af-69ad-5294-b478-69c2c2fc5650	chr12	4421148	9074365	3	3	0
fff431af-69ad-5294-b478-69c2c2fc5650	chr12	9074388	13104904	1	1	0
fff431af-69ad-5294-b478-69c2c2fc5650	chr12	13105096	13839720	5	4	1
fff431af-69ad-5294-b478-69c2c2fc5650	chr12	13841933	20234033	4	3	1
fff431af-69ad-5294-b478-69c2c2fc5650	chr12	20235367	53867372	4	2	2
fff431af-69ad-5294-b478-69c2c2fc5650	chr12	53867683	53893586	3	2	1
fff431af-69ad-5294-b478-69c2c2fc5650	chr12	53893661	73249973	4	2	2
fff431af-69ad-5294-b478-69c2c2fc5650	chr12	73256820	82348496	2	2	0
fff431af-69ad-5294-b478-69c2c2fc5650	chr12	82349930	82925579	3	2	1
fff431af-69ad-5294-b478-69c2c2fc5650	chr12	82929563	83177494	2	2	0
fff431af-69ad-5294-b478-69c2c2fc5650	chr12	83178888	84175816	3	2	1
fff431af-69ad-5294-b478-69c2c2fc5650	chr12	84184310	91804539	2	2	0
fff431af-69ad-5294-b478-69c2c2fc5650	chr12	91810067	92110608	3	2	1
fff431af-69ad-5294-b478-69c2c2fc5650	chr12	92111747	94636534	2	2	0
fff431af-69ad-5294-b478-69c2c2fc5650	chr12	94638237	109467334	3	2	1
fff431af-69ad-5294-b478-69c2c2fc5650	chr12	109473670	110708998	6	4	2
fff431af-69ad-5294-b478-69c2c2fc5650	chr12	110711281	116202085	8	6	2
fff431af-69ad-5294-b478-69c2c2fc5650	chr12	116203875	118624411	3	2	1
fff431af-69ad-5294-b478-69c2c2fc5650	chr12	118625106	120550901	7	5	2
fff431af-69ad-5294-b478-69c2c2fc5650	chr12	120557343	120727236	3	2	1
fff431af-69ad-5294-b478-69c2c2fc5650	chr12	120729941	121091201	7	5	2
fff431af-69ad-5294-b478-69c2c2fc5650	chr12	121091695	121417958	11	9	2
fff431af-69ad-5294-b478-69c2c2fc5650	chr12	121422116	122180775	7	5	2
fff431af-69ad-5294-b478-69c2c2fc5650	chr12	122186925	122396157	11	9	2
fff431af-69ad-5294-b478-69c2c2fc5650	chr12	122401672	123654956	6	4	2
fff431af-69ad-5294-b478-69c2c2fc5650	chr12	123655050	124639246	4	2	2
fff431af-69ad-5294-b478-69c2c2fc5650	chr12	124640852	124777047	3	2	1
fff431af-69ad-5294-b478-69c2c2fc5650	chr12	124777251	125016225	2	2	0
fff431af-69ad-5294-b478-69c2c2fc5650	chr12	125017001	125167613	3	2	1
fff431af-69ad-5294-b478-69c2c2fc5650	chr12	125176507	125662662	6	4	2
fff431af-69ad-5294-b478-69c2c2fc5650	chr12	125665000	125972075	10	8	2
fff431af-69ad-5294-b478-69c2c2fc5650	chr12	125974254	126367366	7	5	2
fff431af-69ad-5294-b478-69c2c2fc5650	chr12	126367971	127814326	4	2	2
fff431af-69ad-5294-b478-69c2c2fc5650	chr12	127816096	130232195	2	2	0
fff431af-69ad-5294-b478-69c2c2fc5650	chr12	130232672	130316415	4	2	2
fff431af-69ad-5294-b478-69c2c2fc5650	chr12	130316586	131549026	7	5	2
fff431af-69ad-5294-b478-69c2c2fc5650	chr12	131549683	131753645	11	9	2
fff431af-69ad-5294-b478-69c2c2fc5650	chr12	131755651	133201603	7	5	2
fff431af-69ad-5294-b478-69c2c2fc5650	chr13	18452809	55267803	2	2	0
fff431af-69ad-5294-b478-69c2c2fc5650	chr13	55268023	55310133	1	1	0
fff431af-69ad-5294-b478-69c2c2fc5650	chr13	55310215	114342922	2	2	0
fff431af-69ad-5294-b478-69c2c2fc5650	chr14	18239283	21149922	3	2	1
fff431af-69ad-5294-b478-69c2c2fc5650	chr14	21149940	32678208	4	2	2
fff431af-69ad-5294-b478-69c2c2fc5650	chr14	32678559	83544528	3	2	1
fff431af-69ad-5294-b478-69c2c2fc5650	chr14	83547133	84119714	4	2	2
fff431af-69ad-5294-b478-69c2c2fc5650	chr14	84120168	87933954	3	2	1
fff431af-69ad-5294-b478-69c2c2fc5650	chr14	87933970	90598617	4	2	2
fff431af-69ad-5294-b478-69c2c2fc5650	chr14	90600096	90876213	3	2	1
fff431af-69ad-5294-b478-69c2c2fc5650	chr14	90876337	103145318	4	2	2
fff431af-69ad-5294-b478-69c2c2fc5650	chr14	103145941	103302425	3	2	1
fff431af-69ad-5294-b478-69c2c2fc5650	chr14	103304299	105365126	4	2	2
fff431af-69ad-5294-b478-69c2c2fc5650	chr14	105382554	106877229	2	2	0
fff431af-69ad-5294-b478-69c2c2fc5650	chr15	19811075	23425837	4	3	1
fff431af-69ad-5294-b478-69c2c2fc5650	chr15	23426699	36121145	4	2	2
fff431af-69ad-5294-b478-69c2c2fc5650	chr15	36121610	37254840	6	4	2
fff431af-69ad-5294-b478-69c2c2fc5650	chr15	37255134	75079743	4	2	2
fff431af-69ad-5294-b478-69c2c2fc5650	chr15	75082145	75144218	3	2	1
fff431af-69ad-5294-b478-69c2c2fc5650	chr15	75147439	76598900	4	2	2
fff431af-69ad-5294-b478-69c2c2fc5650	chr15	76599170	76603434	0	0	0
fff431af-69ad-5294-b478-69c2c2fc5650	chr15	76609838	86860100	4	2	2
fff431af-69ad-5294-b478-69c2c2fc5650	chr15	86860281	86869064	4	3	1
fff431af-69ad-5294-b478-69c2c2fc5650	chr15	86869430	87048852	6	4	2
fff431af-69ad-5294-b478-69c2c2fc5650	chr15	87050154	94062410	4	2	2
fff431af-69ad-5294-b478-69c2c2fc5650	chr15	94062625	94373197	6	4	2
fff431af-69ad-5294-b478-69c2c2fc5650	chr15	94376118	101443122	4	2	2
fff431af-69ad-5294-b478-69c2c2fc5650	chr15	101443660	101928837	2	2	0
fff431af-69ad-5294-b478-69c2c2fc5650	chr16	10777	351226	1	1	0
fff431af-69ad-5294-b478-69c2c2fc5650	chr16	357326	23809102	2	2	0
fff431af-69ad-5294-b478-69c2c2fc5650	chr16	23811027	30551357	4	2	2
fff431af-69ad-5294-b478-69c2c2fc5650	chr16	30553205	31565389	4	3	1
fff431af-69ad-5294-b478-69c2c2fc5650	chr16	31566613	31791503	5	3	2
fff431af-69ad-5294-b478-69c2c2fc5650	chr16	31792977	36048855	6	4	2
fff431af-69ad-5294-b478-69c2c2fc5650	chr16	46441986	64731080	2	2	0
fff431af-69ad-5294-b478-69c2c2fc5650	chr16	64734044	69394738	1	1	0
fff431af-69ad-5294-b478-69c2c2fc5650	chr16	69396942	77283407	5	4	1
fff431af-69ad-5294-b478-69c2c2fc5650	chr16	77283500	80366356	5	3	2
fff431af-69ad-5294-b478-69c2c2fc5650	chr16	80369399	83859123	4	2	2
fff431af-69ad-5294-b478-69c2c2fc5650	chr16	83859161	83862794	2	1	1
fff431af-69ad-5294-b478-69c2c2fc5650	chr16	83863669	89962800	4	2	2
fff431af-69ad-5294-b478-69c2c2fc5650	chr16	89965824	90096867	4	3	1
fff431af-69ad-5294-b478-69c2c2fc5650	chr17	150733	1992612	4	4	0
fff431af-69ad-5294-b478-69c2c2fc5650	chr17	1995506	15756100	2	2	0
fff431af-69ad-5294-b478-69c2c2fc5650	chr17	15761790	15770470	3	2	1
fff431af-69ad-5294-b478-69c2c2fc5650	chr17	15770691	15834610	2	2	0
fff431af-69ad-5294-b478-69c2c2fc5650	chr17	15850379	16475125	4	3	1
fff431af-69ad-5294-b478-69c2c2fc5650	chr17	16478687	19485911	2	2	0
fff431af-69ad-5294-b478-69c2c2fc5650	chr17	19486783	22720241	0	0	0
fff431af-69ad-5294-b478-69c2c2fc5650	chr17	22727748	45415609	2	2	0
fff431af-69ad-5294-b478-69c2c2fc5650	chr17	45415735	46208674	4	2	2
fff431af-69ad-5294-b478-69c2c2fc5650	chr17	46209250	50363098	2	2	0
fff431af-69ad-5294-b478-69c2c2fc5650	chr17	50366471	50642042	4	2	2
fff431af-69ad-5294-b478-69c2c2fc5650	chr17	50642229	52931960	2	2	0
fff431af-69ad-5294-b478-69c2c2fc5650	chr17	52934422	53104221	0	0	0
fff431af-69ad-5294-b478-69c2c2fc5650	chr17	53104294	53895416	2	2	0
fff431af-69ad-5294-b478-69c2c2fc5650	chr17	53896298	54582106	4	2	2
fff431af-69ad-5294-b478-69c2c2fc5650	chr17	54584863	57837837	2	2	0
fff431af-69ad-5294-b478-69c2c2fc5650	chr17	57838579	61259830	4	2	2
fff431af-69ad-5294-b478-69c2c2fc5650	chr17	61262180	62003771	2	2	0
fff431af-69ad-5294-b478-69c2c2fc5650	chr17	62004761	70666354	4	2	2
fff431af-69ad-5294-b478-69c2c2fc5650	chr17	70667082	71413188	5	3	2
fff431af-69ad-5294-b478-69c2c2fc5650	chr17	71413673	74645301	4	2	2
fff431af-69ad-5294-b478-69c2c2fc5650	chr17	74649473	75056554	4	3	1
fff431af-69ad-5294-b478-69c2c2fc5650	chr17	75061675	83091923	3	2	1
fff431af-69ad-5294-b478-69c2c2fc5650	chr18	48133	487281	1	1	0
fff431af-69ad-5294-b478-69c2c2fc5650	chr18	489242	2501071	5	4	1
fff431af-69ad-5294-b478-69c2c2fc5650	chr18	2502417	5069839	3	2	1
fff431af-69ad-5294-b478-69c2c2fc5650	chr18	5071786	8467709	1	1	0
fff431af-69ad-5294-b478-69c2c2fc5650	chr18	8467796	9401970	3	2	1
fff431af-69ad-5294-b478-69c2c2fc5650	chr18	9402457	10698513	1	1	0
fff431af-69ad-5294-b478-69c2c2fc5650	chr18	10699234	13159493	3	2	1
fff431af-69ad-5294-b478-69c2c2fc5650	chr18	13159766	13403110	5	3	2
fff431af-69ad-5294-b478-69c2c2fc5650	chr18	13403157	15402409	4	2	2
fff431af-69ad-5294-b478-69c2c2fc5650	chr18	20949392	20961945	3	3	0
fff431af-69ad-5294-b478-69c2c2fc5650	chr18	20966787	21335966	4	4	0
fff431af-69ad-5294-b478-69c2c2fc5650	chr18	21336430	24738617	6	4	2
fff431af-69ad-5294-b478-69c2c2fc5650	chr18	24738849	24888630	9	7	2
fff431af-69ad-5294-b478-69c2c2fc5650	chr18	24891420	26206891	6	4	2
fff431af-69ad-5294-b478-69c2c2fc5650	chr18	26208184	27764290	4	2	2
fff431af-69ad-5294-b478-69c2c2fc5650	chr18	27764394	29435032	1	1	0
fff431af-69ad-5294-b478-69c2c2fc5650	chr18	29440877	29926299	6	4	2
fff431af-69ad-5294-b478-69c2c2fc5650	chr18	29928145	39265416	4	2	2
fff431af-69ad-5294-b478-69c2c2fc5650	chr18	39265912	45969024	2	2	0
fff431af-69ad-5294-b478-69c2c2fc5650	chr18	45973044	46319799	9	9	0
fff431af-69ad-5294-b478-69c2c2fc5650	chr18	46320121	48402613	2	2	0
fff431af-69ad-5294-b478-69c2c2fc5650	chr18	48403505	48530590	10	10	0
fff431af-69ad-5294-b478-69c2c2fc5650	chr18	48531444	48931093	2	2	0
fff431af-69ad-5294-b478-69c2c2fc5650	chr18	48933630	49371591	9	9	0
fff431af-69ad-5294-b478-69c2c2fc5650	chr18	49376918	51402653	2	2	0
fff431af-69ad-5294-b478-69c2c2fc5650	chr18	51404591	65874476	8	8	0
fff431af-69ad-5294-b478-69c2c2fc5650	chr18	65874787	68567221	9	9	0
fff431af-69ad-5294-b478-69c2c2fc5650	chr18	68567512	69479536	7	7	0
fff431af-69ad-5294-b478-69c2c2fc5650	chr18	69480020	70813858	8	8	0
fff431af-69ad-5294-b478-69c2c2fc5650	chr18	70817901	71589005	7	7	0
fff431af-69ad-5294-b478-69c2c2fc5650	chr18	71593608	71771454	9	9	0
fff431af-69ad-5294-b478-69c2c2fc5650	chr18	71771837	71982219	7	7	0
fff431af-69ad-5294-b478-69c2c2fc5650	chr18	71982538	72477693	10	10	0
fff431af-69ad-5294-b478-69c2c2fc5650	chr18	72479576	79308129	8	8	0
fff431af-69ad-5294-b478-69c2c2fc5650	chr18	79308353	80257174	6	6	0
fff431af-69ad-5294-b478-69c2c2fc5650	chr19	90910	6427658	2	2	0
fff431af-69ad-5294-b478-69c2c2fc5650	chr19	6429017	7103970	3	2	1
fff431af-69ad-5294-b478-69c2c2fc5650	chr19	7106712	22199241	4	2	2
fff431af-69ad-5294-b478-69c2c2fc5650	chr19	22199278	27286478	6	4	2
fff431af-69ad-5294-b478-69c2c2fc5650	chr19	27290048	58586487	4	2	2
fff431af-69ad-5294-b478-69c2c2fc5650	chr20	80664	19120072	2	2	0
fff431af-69ad-5294-b478-69c2c2fc5650	chr20	19121778	19406862	4	2	2
fff431af-69ad-5294-b478-69c2c2fc5650	chr20	19407931	33716405	2	2	0
fff431af-69ad-5294-b478-69c2c2fc5650	chr20	33716496	34535157	4	2	2
fff431af-69ad-5294-b478-69c2c2fc5650	chr20	34537767	34818536	2	2	0
fff431af-69ad-5294-b478-69c2c2fc5650	chr20	34819912	34998031	4	2	2
fff431af-69ad-5294-b478-69c2c2fc5650	chr20	35005328	62991745	2	2	0
fff431af-69ad-5294-b478-69c2c2fc5650	chr20	63002918	63223716	3	2	1
fff431af-69ad-5294-b478-69c2c2fc5650	chr20	63224538	64324800	2	2	0
fff431af-69ad-5294-b478-69c2c2fc5650	chr21	12973348	15125436	3	2	1
fff431af-69ad-5294-b478-69c2c2fc5650	chr21	15128609	16072565	4	2	2
fff431af-69ad-5294-b478-69c2c2fc5650	chr21	16072808	16292103	6	4	2
fff431af-69ad-5294-b478-69c2c2fc5650	chr21	16292390	22500413	4	2	2
fff431af-69ad-5294-b478-69c2c2fc5650	chr21	22504568	22644664	2	1	1
fff431af-69ad-5294-b478-69c2c2fc5650	chr21	22648816	35356886	4	2	2
fff431af-69ad-5294-b478-69c2c2fc5650	chr21	35357827	35673907	7	5	2
fff431af-69ad-5294-b478-69c2c2fc5650	chr21	35674441	35756994	6	3	3
fff431af-69ad-5294-b478-69c2c2fc5650	chr21	35757922	46096437	4	2	2
fff431af-69ad-5294-b478-69c2c2fc5650	chr21	46099112	46677045	4	3	1
fff431af-69ad-5294-b478-69c2c2fc5650	chr22	16392123	50796027	4	2	2
fff431af-69ad-5294-b478-69c2c2fc5650	chrX	251810	703748	2	2	0
fff431af-69ad-5294-b478-69c2c2fc5650	chrX	704504	776893	3	3	0
fff431af-69ad-5294-b478-69c2c2fc5650	chrX	786390	1471764	2	2	0
fff431af-69ad-5294-b478-69c2c2fc5650	chrX	1478792	1507378	1	1	0
fff431af-69ad-5294-b478-69c2c2fc5650	chrX	1520566	33657193	2	2	0
fff431af-69ad-5294-b478-69c2c2fc5650	chrX	33657474	38485932	1	1	0
fff431af-69ad-5294-b478-69c2c2fc5650	chrX	38486270	38543248	2	1	1
fff431af-69ad-5294-b478-69c2c2fc5650	chrX	38543329	68662693	1	1	0
fff431af-69ad-5294-b478-69c2c2fc5650	chrX	68662804	70008776	2	2	0
fff431af-69ad-5294-b478-69c2c2fc5650	chrX	70008933	112396513	1	1	0
fff431af-69ad-5294-b478-69c2c2fc5650	chrX	112400587	112436422	0	0	0
fff431af-69ad-5294-b478-69c2c2fc5650	chrX	112439698	129976374	1	1	0
fff431af-69ad-5294-b478-69c2c2fc5650	chrX	129977221	130200339	2	1	1
fff431af-69ad-5294-b478-69c2c2fc5650	chrX	130203822	130666582	9	9	0
fff431af-69ad-5294-b478-69c2c2fc5650	chrX	130668247	137611315	1	1	0
fff431af-69ad-5294-b478-69c2c2fc5650	chrX	137616538	146336119	4	4	0
fff431af-69ad-5294-b478-69c2c2fc5650	chrX	146337624	146350980	0	0	0
fff431af-69ad-5294-b478-69c2c2fc5650	chrX	146353402	147717423	4	4	0
fff431af-69ad-5294-b478-69c2c2fc5650	chrX	147722856	156004181	6	6	0
fff431af-69ad-5294-b478-69c2c2fc5650	chrY	2782397	10089586	0	0	0
fff431af-69ad-5294-b478-69c2c2fc5650	chrY	10090113	10236314	1	1	0
fff431af-69ad-5294-b478-69c2c2fc5650	chrY	10624017	56872112	0	0	0
