GDC_Aliquot	Chromosome	Start	End	Copy_Number	Major_Copy_Number	Minor_Copy_Number
2d9d9eb7-9630-56b0-96b7-a8298ac1d1f8	chr1	62920	8683241	2	2	0
2d9d9eb7-9630-56b0-96b7-a8298ac1d1f8	chr1	8683544	21503843	5	3	2
2d9d9eb7-9630-56b0-96b7-a8298ac1d1f8	chr1	21508618	67792211	4	2	2
2d9d9eb7-9630-56b0-96b7-a8298ac1d1f8	chr1	67793719	87958105	5	3	2
2d9d9eb7-9630-56b0-96b7-a8298ac1d1f8	chr1	87959924	94048902	4	2	2
2d9d9eb7-9630-56b0-96b7-a8298ac1d1f8	chr1	94052877	108552580	5	3	2
2d9d9eb7-9630-56b0-96b7-a8298ac1d1f8	chr1	108556115	121705338	4	2	2
2d9d9eb7-9630-56b0-96b7-a8298ac1d1f8	chr1	143541857	152583230	6	3	3
2d9d9eb7-9630-56b0-96b7-a8298ac1d1f8	chr1	152583291	152614064	0	0	0
2d9d9eb7-9630-56b0-96b7-a8298ac1d1f8	chr1	152614100	155827038	6	3	3
2d9d9eb7-9630-56b0-96b7-a8298ac1d1f8	chr1	155829832	158007880	7	4	3
2d9d9eb7-9630-56b0-96b7-a8298ac1d1f8	chr1	158007963	234146294	6	3	3
2d9d9eb7-9630-56b0-96b7-a8298ac1d1f8	chr1	234146848	237594313	7	4	3
2d9d9eb7-9630-56b0-96b7-a8298ac1d1f8	chr1	237596139	242802393	6	3	3
2d9d9eb7-9630-56b0-96b7-a8298ac1d1f8	chr1	242806440	248930189	8	4	4
2d9d9eb7-9630-56b0-96b7-a8298ac1d1f8	chr2	12784	35245661	5	3	2
2d9d9eb7-9630-56b0-96b7-a8298ac1d1f8	chr2	35245790	35679740	4	3	1
2d9d9eb7-9630-56b0-96b7-a8298ac1d1f8	chr2	35680604	88706284	5	3	2
2d9d9eb7-9630-56b0-96b7-a8298ac1d1f8	chr2	88707239	94797094	7	5	2
2d9d9eb7-9630-56b0-96b7-a8298ac1d1f8	chr2	94801070	197670098	4	3	1
2d9d9eb7-9630-56b0-96b7-a8298ac1d1f8	chr2	197670842	211980567	6	5	1
2d9d9eb7-9630-56b0-96b7-a8298ac1d1f8	chr2	211980736	239256559	5	4	1
2d9d9eb7-9630-56b0-96b7-a8298ac1d1f8	chr2	239260176	239339635	5	3	2
2d9d9eb7-9630-56b0-96b7-a8298ac1d1f8	chr2	239340592	242147305	6	4	2
2d9d9eb7-9630-56b0-96b7-a8298ac1d1f8	chr3	20930	7900224	3	3	0
2d9d9eb7-9630-56b0-96b7-a8298ac1d1f8	chr3	7900373	7916558	4	4	0
2d9d9eb7-9630-56b0-96b7-a8298ac1d1f8	chr3	7916802	76870249	3	3	0
2d9d9eb7-9630-56b0-96b7-a8298ac1d1f8	chr3	76875613	117264794	4	3	1
2d9d9eb7-9630-56b0-96b7-a8298ac1d1f8	chr3	117264974	173540076	5	3	2
2d9d9eb7-9630-56b0-96b7-a8298ac1d1f8	chr3	173543641	173564525	8	4	4
2d9d9eb7-9630-56b0-96b7-a8298ac1d1f8	chr3	173565439	189218022	5	3	2
2d9d9eb7-9630-56b0-96b7-a8298ac1d1f8	chr3	189218969	189321822	9	7	2
2d9d9eb7-9630-56b0-96b7-a8298ac1d1f8	chr3	189322190	198169247	5	3	2
2d9d9eb7-9630-56b0-96b7-a8298ac1d1f8	chr4	68929	10221792	3	2	1
2d9d9eb7-9630-56b0-96b7-a8298ac1d1f8	chr4	10222004	10233558	8	8	0
2d9d9eb7-9630-56b0-96b7-a8298ac1d1f8	chr4	10233644	58502393	3	2	1
2d9d9eb7-9630-56b0-96b7-a8298ac1d1f8	chr4	58505823	58522514	2	2	0
2d9d9eb7-9630-56b0-96b7-a8298ac1d1f8	chr4	58522594	147309086	3	2	1
2d9d9eb7-9630-56b0-96b7-a8298ac1d1f8	chr4	147313787	147411684	7	5	2
2d9d9eb7-9630-56b0-96b7-a8298ac1d1f8	chr4	147414520	148458464	4	2	2
2d9d9eb7-9630-56b0-96b7-a8298ac1d1f8	chr4	148461984	172852208	3	2	1
2d9d9eb7-9630-56b0-96b7-a8298ac1d1f8	chr4	172862318	173198711	4	2	2
2d9d9eb7-9630-56b0-96b7-a8298ac1d1f8	chr4	173200184	181139016	3	2	1
2d9d9eb7-9630-56b0-96b7-a8298ac1d1f8	chr4	181141171	181327260	1	1	0
2d9d9eb7-9630-56b0-96b7-a8298ac1d1f8	chr4	181328793	185304836	3	2	1
2d9d9eb7-9630-56b0-96b7-a8298ac1d1f8	chr4	185305925	190106768	4	2	2
2d9d9eb7-9630-56b0-96b7-a8298ac1d1f8	chr5	15532	2085242	8	4	4
2d9d9eb7-9630-56b0-96b7-a8298ac1d1f8	chr5	2086334	2555232	9	6	3
2d9d9eb7-9630-56b0-96b7-a8298ac1d1f8	chr5	2555400	2702655	10	7	3
2d9d9eb7-9630-56b0-96b7-a8298ac1d1f8	chr5	2703742	3060797	10	6	4
2d9d9eb7-9630-56b0-96b7-a8298ac1d1f8	chr5	3060914	9982854	9	5	4
2d9d9eb7-9630-56b0-96b7-a8298ac1d1f8	chr5	9982952	9997519	6	3	3
2d9d9eb7-9630-56b0-96b7-a8298ac1d1f8	chr5	9997673	11898723	9	5	4
2d9d9eb7-9630-56b0-96b7-a8298ac1d1f8	chr5	11900663	15283152	8	4	4
2d9d9eb7-9630-56b0-96b7-a8298ac1d1f8	chr5	15287522	19992635	3	3	0
2d9d9eb7-9630-56b0-96b7-a8298ac1d1f8	chr5	19992802	21056980	7	4	3
2d9d9eb7-9630-56b0-96b7-a8298ac1d1f8	chr5	21058791	23017277	4	4	0
2d9d9eb7-9630-56b0-96b7-a8298ac1d1f8	chr5	23023729	23579688	5	4	1
2d9d9eb7-9630-56b0-96b7-a8298ac1d1f8	chr5	23580878	23825307	4	4	0
2d9d9eb7-9630-56b0-96b7-a8298ac1d1f8	chr5	23827049	24133178	10	6	4
2d9d9eb7-9630-56b0-96b7-a8298ac1d1f8	chr5	24136389	25345647	9	5	4
2d9d9eb7-9630-56b0-96b7-a8298ac1d1f8	chr5	25345700	25728395	14	9	5
2d9d9eb7-9630-56b0-96b7-a8298ac1d1f8	chr5	25736279	26007881	9	5	4
2d9d9eb7-9630-56b0-96b7-a8298ac1d1f8	chr5	26008790	29899376	8	4	4
2d9d9eb7-9630-56b0-96b7-a8298ac1d1f8	chr5	29900318	29913916	3	2	1
2d9d9eb7-9630-56b0-96b7-a8298ac1d1f8	chr5	29914239	33839873	5	4	1
2d9d9eb7-9630-56b0-96b7-a8298ac1d1f8	chr5	33840975	42397061	6	4	2
2d9d9eb7-9630-56b0-96b7-a8298ac1d1f8	chr5	42398203	43902227	9	5	4
2d9d9eb7-9630-56b0-96b7-a8298ac1d1f8	chr5	43904187	45636311	6	5	1
2d9d9eb7-9630-56b0-96b7-a8298ac1d1f8	chr5	45637162	46382550	10	6	4
2d9d9eb7-9630-56b0-96b7-a8298ac1d1f8	chr5	46383233	132420840	5	4	1
2d9d9eb7-9630-56b0-96b7-a8298ac1d1f8	chr5	132422622	163523399	4	3	1
2d9d9eb7-9630-56b0-96b7-a8298ac1d1f8	chr5	163523455	168953411	5	4	1
2d9d9eb7-9630-56b0-96b7-a8298ac1d1f8	chr5	168953433	181363319	4	3	1
2d9d9eb7-9630-56b0-96b7-a8298ac1d1f8	chr6	149661	18907205	3	3	0
2d9d9eb7-9630-56b0-96b7-a8298ac1d1f8	chr6	18908441	28828079	5	5	0
2d9d9eb7-9630-56b0-96b7-a8298ac1d1f8	chr6	28833606	42221564	4	4	0
2d9d9eb7-9630-56b0-96b7-a8298ac1d1f8	chr6	42222692	53357251	2	2	0
2d9d9eb7-9630-56b0-96b7-a8298ac1d1f8	chr6	53358470	53495947	6	5	1
2d9d9eb7-9630-56b0-96b7-a8298ac1d1f8	chr6	53496478	170741917	2	2	0
2d9d9eb7-9630-56b0-96b7-a8298ac1d1f8	chr7	43259	65503	5	3	2
2d9d9eb7-9630-56b0-96b7-a8298ac1d1f8	chr7	65765	36038243	2	2	0
2d9d9eb7-9630-56b0-96b7-a8298ac1d1f8	chr7	36039450	57308413	3	3	0
2d9d9eb7-9630-56b0-96b7-a8298ac1d1f8	chr7	57309358	62322298	4	3	1
2d9d9eb7-9630-56b0-96b7-a8298ac1d1f8	chr7	62324395	67106408	6	5	1
2d9d9eb7-9630-56b0-96b7-a8298ac1d1f8	chr7	67107269	68412245	15	12	3
2d9d9eb7-9630-56b0-96b7-a8298ac1d1f8	chr7	68414742	72919953	5	3	2
2d9d9eb7-9630-56b0-96b7-a8298ac1d1f8	chr7	72920091	75828101	3	3	0
2d9d9eb7-9630-56b0-96b7-a8298ac1d1f8	chr7	75836167	76550397	8	5	3
2d9d9eb7-9630-56b0-96b7-a8298ac1d1f8	chr7	76568113	88244563	3	3	0
2d9d9eb7-9630-56b0-96b7-a8298ac1d1f8	chr7	88245077	90828265	6	3	3
2d9d9eb7-9630-56b0-96b7-a8298ac1d1f8	chr7	90828728	92600128	3	3	0
2d9d9eb7-9630-56b0-96b7-a8298ac1d1f8	chr7	92600848	94189791	6	3	3
2d9d9eb7-9630-56b0-96b7-a8298ac1d1f8	chr7	94195445	107149020	3	3	0
2d9d9eb7-9630-56b0-96b7-a8298ac1d1f8	chr7	107149493	108087383	19	15	4
2d9d9eb7-9630-56b0-96b7-a8298ac1d1f8	chr7	108089120	108715638	20	17	3
2d9d9eb7-9630-56b0-96b7-a8298ac1d1f8	chr7	108720413	109823192	13	9	4
2d9d9eb7-9630-56b0-96b7-a8298ac1d1f8	chr7	109829613	109829783	8	8	0
2d9d9eb7-9630-56b0-96b7-a8298ac1d1f8	chr7	109830217	109925629	10	5	5
2d9d9eb7-9630-56b0-96b7-a8298ac1d1f8	chr7	109928579	111986481	6	3	3
2d9d9eb7-9630-56b0-96b7-a8298ac1d1f8	chr7	111988915	127586512	3	3	0
2d9d9eb7-9630-56b0-96b7-a8298ac1d1f8	chr7	127586947	150364075	6	3	3
2d9d9eb7-9630-56b0-96b7-a8298ac1d1f8	chr7	150370625	151319789	3	3	0
2d9d9eb7-9630-56b0-96b7-a8298ac1d1f8	chr7	151321159	152678387	4	3	1
2d9d9eb7-9630-56b0-96b7-a8298ac1d1f8	chr7	152684065	154238463	3	3	0
2d9d9eb7-9630-56b0-96b7-a8298ac1d1f8	chr7	154239190	156071820	4	3	1
2d9d9eb7-9630-56b0-96b7-a8298ac1d1f8	chr7	156071994	158283633	3	3	0
2d9d9eb7-9630-56b0-96b7-a8298ac1d1f8	chr7	158284658	159334314	4	3	1
2d9d9eb7-9630-56b0-96b7-a8298ac1d1f8	chr8	81254	50454025	3	2	1
2d9d9eb7-9630-56b0-96b7-a8298ac1d1f8	chr8	50455923	50466983	4	3	1
2d9d9eb7-9630-56b0-96b7-a8298ac1d1f8	chr8	50467417	56073619	6	4	2
2d9d9eb7-9630-56b0-96b7-a8298ac1d1f8	chr8	56078823	57715793	3	2	1
2d9d9eb7-9630-56b0-96b7-a8298ac1d1f8	chr8	57717154	72734573	6	4	2
2d9d9eb7-9630-56b0-96b7-a8298ac1d1f8	chr8	72736812	73211475	4	2	2
2d9d9eb7-9630-56b0-96b7-a8298ac1d1f8	chr8	73211924	77481913	6	4	2
2d9d9eb7-9630-56b0-96b7-a8298ac1d1f8	chr8	77486089	79576436	5	3	2
2d9d9eb7-9630-56b0-96b7-a8298ac1d1f8	chr8	79578658	80342706	6	4	2
2d9d9eb7-9630-56b0-96b7-a8298ac1d1f8	chr8	80343173	88920947	5	3	2
2d9d9eb7-9630-56b0-96b7-a8298ac1d1f8	chr8	88921488	89949284	6	4	2
2d9d9eb7-9630-56b0-96b7-a8298ac1d1f8	chr8	89949387	92038119	5	3	2
2d9d9eb7-9630-56b0-96b7-a8298ac1d1f8	chr8	92040582	94104923	8	6	2
2d9d9eb7-9630-56b0-96b7-a8298ac1d1f8	chr8	94105324	103699344	7	5	2
2d9d9eb7-9630-56b0-96b7-a8298ac1d1f8	chr8	103704512	105739124	8	6	2
2d9d9eb7-9630-56b0-96b7-a8298ac1d1f8	chr8	105741510	106830822	6	4	2
2d9d9eb7-9630-56b0-96b7-a8298ac1d1f8	chr8	106833629	106866672	3	2	1
2d9d9eb7-9630-56b0-96b7-a8298ac1d1f8	chr8	106868636	107575663	2	2	0
2d9d9eb7-9630-56b0-96b7-a8298ac1d1f8	chr8	107590914	107998764	5	3	2
2d9d9eb7-9630-56b0-96b7-a8298ac1d1f8	chr8	108000447	108584352	2	2	0
2d9d9eb7-9630-56b0-96b7-a8298ac1d1f8	chr8	108594766	111370242	6	4	2
2d9d9eb7-9630-56b0-96b7-a8298ac1d1f8	chr8	111371132	111581832	9	7	2
2d9d9eb7-9630-56b0-96b7-a8298ac1d1f8	chr8	111584544	113624527	13	11	2
2d9d9eb7-9630-56b0-96b7-a8298ac1d1f8	chr8	113625640	114650552	6	4	2
2d9d9eb7-9630-56b0-96b7-a8298ac1d1f8	chr8	114653157	116960038	8	6	2
2d9d9eb7-9630-56b0-96b7-a8298ac1d1f8	chr8	116960530	117537137	13	11	2
2d9d9eb7-9630-56b0-96b7-a8298ac1d1f8	chr8	117537208	119368352	22	20	2
2d9d9eb7-9630-56b0-96b7-a8298ac1d1f8	chr8	119370352	119701440	12	10	2
2d9d9eb7-9630-56b0-96b7-a8298ac1d1f8	chr8	119701534	119886619	22	20	2
2d9d9eb7-9630-56b0-96b7-a8298ac1d1f8	chr8	119887008	120034374	15	13	2
2d9d9eb7-9630-56b0-96b7-a8298ac1d1f8	chr8	120035559	120598198	27	25	2
2d9d9eb7-9630-56b0-96b7-a8298ac1d1f8	chr8	120598891	121485223	18	16	2
2d9d9eb7-9630-56b0-96b7-a8298ac1d1f8	chr8	121487536	125291605	23	21	2
2d9d9eb7-9630-56b0-96b7-a8298ac1d1f8	chr8	125291625	125767377	13	11	2
2d9d9eb7-9630-56b0-96b7-a8298ac1d1f8	chr8	125767502	126089495	11	9	2
2d9d9eb7-9630-56b0-96b7-a8298ac1d1f8	chr8	126091571	129257079	18	16	2
2d9d9eb7-9630-56b0-96b7-a8298ac1d1f8	chr8	129257172	129865451	7	5	2
2d9d9eb7-9630-56b0-96b7-a8298ac1d1f8	chr8	129865524	131783531	4	2	2
2d9d9eb7-9630-56b0-96b7-a8298ac1d1f8	chr8	131789315	138309704	3	2	1
2d9d9eb7-9630-56b0-96b7-a8298ac1d1f8	chr8	138310967	138836586	4	2	2
2d9d9eb7-9630-56b0-96b7-a8298ac1d1f8	chr8	138836664	144377043	3	2	1
2d9d9eb7-9630-56b0-96b7-a8298ac1d1f8	chr8	144377663	145072769	1	1	0
2d9d9eb7-9630-56b0-96b7-a8298ac1d1f8	chr9	46587	8094390	5	3	2
2d9d9eb7-9630-56b0-96b7-a8298ac1d1f8	chr9	8094773	13705897	6	3	3
2d9d9eb7-9630-56b0-96b7-a8298ac1d1f8	chr9	13705974	18279532	5	3	2
2d9d9eb7-9630-56b0-96b7-a8298ac1d1f8	chr9	18280145	36940410	2	2	0
2d9d9eb7-9630-56b0-96b7-a8298ac1d1f8	chr9	36942566	37677136	3	2	1
2d9d9eb7-9630-56b0-96b7-a8298ac1d1f8	chr9	37677663	80490292	2	2	0
2d9d9eb7-9630-56b0-96b7-a8298ac1d1f8	chr9	80490727	97915474	3	2	1
2d9d9eb7-9630-56b0-96b7-a8298ac1d1f8	chr9	97917987	99809014	6	4	2
2d9d9eb7-9630-56b0-96b7-a8298ac1d1f8	chr9	99811491	101111139	5	3	2
2d9d9eb7-9630-56b0-96b7-a8298ac1d1f8	chr9	101111256	101776683	3	2	1
2d9d9eb7-9630-56b0-96b7-a8298ac1d1f8	chr9	101778452	104274940	5	3	2
2d9d9eb7-9630-56b0-96b7-a8298ac1d1f8	chr9	104277383	106490889	3	2	1
2d9d9eb7-9630-56b0-96b7-a8298ac1d1f8	chr9	106491854	114094885	5	3	2
2d9d9eb7-9630-56b0-96b7-a8298ac1d1f8	chr9	114111033	122458945	3	2	1
2d9d9eb7-9630-56b0-96b7-a8298ac1d1f8	chr9	122464190	138200944	6	3	3
2d9d9eb7-9630-56b0-96b7-a8298ac1d1f8	chr10	45792	3555199	4	3	1
2d9d9eb7-9630-56b0-96b7-a8298ac1d1f8	chr10	3558748	5297111	3	2	1
2d9d9eb7-9630-56b0-96b7-a8298ac1d1f8	chr10	5298353	6592658	6	5	1
2d9d9eb7-9630-56b0-96b7-a8298ac1d1f8	chr10	6593084	38178804	3	2	1
2d9d9eb7-9630-56b0-96b7-a8298ac1d1f8	chr10	38182622	68263809	4	3	1
2d9d9eb7-9630-56b0-96b7-a8298ac1d1f8	chr10	68266178	68270137	2	2	0
2d9d9eb7-9630-56b0-96b7-a8298ac1d1f8	chr10	68270301	133654968	4	3	1
2d9d9eb7-9630-56b0-96b7-a8298ac1d1f8	chr11	198510	5004295	2	2	0
2d9d9eb7-9630-56b0-96b7-a8298ac1d1f8	chr11	5004696	5030255	1	1	0
2d9d9eb7-9630-56b0-96b7-a8298ac1d1f8	chr11	5032415	18928121	2	2	0
2d9d9eb7-9630-56b0-96b7-a8298ac1d1f8	chr11	18928175	18949201	6	6	0
2d9d9eb7-9630-56b0-96b7-a8298ac1d1f8	chr11	18949628	42683328	2	2	0
2d9d9eb7-9630-56b0-96b7-a8298ac1d1f8	chr11	42683959	42729553	1	1	0
2d9d9eb7-9630-56b0-96b7-a8298ac1d1f8	chr11	42729752	62495270	2	2	0
2d9d9eb7-9630-56b0-96b7-a8298ac1d1f8	chr11	62495406	78035139	5	3	2
2d9d9eb7-9630-56b0-96b7-a8298ac1d1f8	chr11	78036308	78062669	3	2	1
2d9d9eb7-9630-56b0-96b7-a8298ac1d1f8	chr11	78062880	84617427	5	3	2
2d9d9eb7-9630-56b0-96b7-a8298ac1d1f8	chr11	84620991	84917220	3	2	1
2d9d9eb7-9630-56b0-96b7-a8298ac1d1f8	chr11	84919128	135074876	5	3	2
2d9d9eb7-9630-56b0-96b7-a8298ac1d1f8	chr12	51460	50850919	2	2	0
2d9d9eb7-9630-56b0-96b7-a8298ac1d1f8	chr12	50855898	50862177	3	2	1
2d9d9eb7-9630-56b0-96b7-a8298ac1d1f8	chr12	50862282	128244698	5	3	2
2d9d9eb7-9630-56b0-96b7-a8298ac1d1f8	chr12	128245321	128246357	7	4	3
2d9d9eb7-9630-56b0-96b7-a8298ac1d1f8	chr12	128249465	130497627	4	2	2
2d9d9eb7-9630-56b0-96b7-a8298ac1d1f8	chr12	130499577	133201603	2	2	0
2d9d9eb7-9630-56b0-96b7-a8298ac1d1f8	chr13	18452809	34857801	3	3	0
2d9d9eb7-9630-56b0-96b7-a8298ac1d1f8	chr13	34859826	37318686	4	4	0
2d9d9eb7-9630-56b0-96b7-a8298ac1d1f8	chr13	37318822	37705790	3	3	0
2d9d9eb7-9630-56b0-96b7-a8298ac1d1f8	chr13	37706293	39516605	4	4	0
2d9d9eb7-9630-56b0-96b7-a8298ac1d1f8	chr13	39516999	48397388	3	3	0
2d9d9eb7-9630-56b0-96b7-a8298ac1d1f8	chr13	48397437	48448588	8	8	0
2d9d9eb7-9630-56b0-96b7-a8298ac1d1f8	chr13	48461331	49186408	0	0	0
2d9d9eb7-9630-56b0-96b7-a8298ac1d1f8	chr13	49193153	49416318	4	4	0
2d9d9eb7-9630-56b0-96b7-a8298ac1d1f8	chr13	49416907	50013406	7	7	0
2d9d9eb7-9630-56b0-96b7-a8298ac1d1f8	chr13	50015016	66743707	3	3	0
2d9d9eb7-9630-56b0-96b7-a8298ac1d1f8	chr13	66743867	76522260	4	4	0
2d9d9eb7-9630-56b0-96b7-a8298ac1d1f8	chr13	76522562	76585282	4	3	1
2d9d9eb7-9630-56b0-96b7-a8298ac1d1f8	chr13	76587202	76961973	1	1	0
2d9d9eb7-9630-56b0-96b7-a8298ac1d1f8	chr13	76963123	83527056	6	5	1
2d9d9eb7-9630-56b0-96b7-a8298ac1d1f8	chr13	83531714	83581877	1	1	0
2d9d9eb7-9630-56b0-96b7-a8298ac1d1f8	chr13	83586994	96881991	6	5	1
2d9d9eb7-9630-56b0-96b7-a8298ac1d1f8	chr13	96882139	97184851	6	4	2
2d9d9eb7-9630-56b0-96b7-a8298ac1d1f8	chr13	97185526	98901941	5	4	1
2d9d9eb7-9630-56b0-96b7-a8298ac1d1f8	chr13	98919690	100890309	4	4	0
2d9d9eb7-9630-56b0-96b7-a8298ac1d1f8	chr13	100899980	100979063	9	7	2
2d9d9eb7-9630-56b0-96b7-a8298ac1d1f8	chr13	100979497	101328851	4	4	0
2d9d9eb7-9630-56b0-96b7-a8298ac1d1f8	chr13	101333391	103524454	5	4	1
2d9d9eb7-9630-56b0-96b7-a8298ac1d1f8	chr13	103525953	108120898	7	5	2
2d9d9eb7-9630-56b0-96b7-a8298ac1d1f8	chr13	108121808	110207872	5	4	1
2d9d9eb7-9630-56b0-96b7-a8298ac1d1f8	chr13	110207996	114342922	6	4	2
2d9d9eb7-9630-56b0-96b7-a8298ac1d1f8	chr14	18239283	23487170	4	3	1
2d9d9eb7-9630-56b0-96b7-a8298ac1d1f8	chr14	23487294	25215740	8	4	4
2d9d9eb7-9630-56b0-96b7-a8298ac1d1f8	chr14	25219445	28014824	4	3	1
2d9d9eb7-9630-56b0-96b7-a8298ac1d1f8	chr14	28015715	50228690	8	4	4
2d9d9eb7-9630-56b0-96b7-a8298ac1d1f8	chr14	50232682	51626718	4	4	0
2d9d9eb7-9630-56b0-96b7-a8298ac1d1f8	chr14	51627344	51678387	7	7	0
2d9d9eb7-9630-56b0-96b7-a8298ac1d1f8	chr14	51679458	99738925	4	4	0
2d9d9eb7-9630-56b0-96b7-a8298ac1d1f8	chr14	99739644	100613154	3	3	0
2d9d9eb7-9630-56b0-96b7-a8298ac1d1f8	chr14	100613522	101794655	4	4	0
2d9d9eb7-9630-56b0-96b7-a8298ac1d1f8	chr14	101794908	106877229	7	7	0
2d9d9eb7-9630-56b0-96b7-a8298ac1d1f8	chr15	19811075	34421922	2	2	0
2d9d9eb7-9630-56b0-96b7-a8298ac1d1f8	chr15	34430601	34508394	0	0	0
2d9d9eb7-9630-56b0-96b7-a8298ac1d1f8	chr15	34517887	43025942	2	2	0
2d9d9eb7-9630-56b0-96b7-a8298ac1d1f8	chr15	43030707	101928837	6	3	3
2d9d9eb7-9630-56b0-96b7-a8298ac1d1f8	chr16	10777	5723287	2	1	1
2d9d9eb7-9630-56b0-96b7-a8298ac1d1f8	chr16	5723739	5739201	4	2	2
2d9d9eb7-9630-56b0-96b7-a8298ac1d1f8	chr16	5743162	22579924	2	1	1
2d9d9eb7-9630-56b0-96b7-a8298ac1d1f8	chr16	22591547	22692541	1	1	0
2d9d9eb7-9630-56b0-96b7-a8298ac1d1f8	chr16	22693199	27423212	2	1	1
2d9d9eb7-9630-56b0-96b7-a8298ac1d1f8	chr16	27423606	36048855	3	2	1
2d9d9eb7-9630-56b0-96b7-a8298ac1d1f8	chr16	46441986	50306243	5	3	2
2d9d9eb7-9630-56b0-96b7-a8298ac1d1f8	chr16	50306306	53271712	3	2	1
2d9d9eb7-9630-56b0-96b7-a8298ac1d1f8	chr16	53272439	63645431	4	3	1
2d9d9eb7-9630-56b0-96b7-a8298ac1d1f8	chr16	63645556	68697582	3	2	1
2d9d9eb7-9630-56b0-96b7-a8298ac1d1f8	chr16	68697903	68835364	1	1	0
2d9d9eb7-9630-56b0-96b7-a8298ac1d1f8	chr16	68835607	90096867	3	2	1
2d9d9eb7-9630-56b0-96b7-a8298ac1d1f8	chr17	150733	7675361	2	2	0
2d9d9eb7-9630-56b0-96b7-a8298ac1d1f8	chr17	7676734	27873787	4	4	0
2d9d9eb7-9630-56b0-96b7-a8298ac1d1f8	chr17	27874192	27903454	4	3	1
2d9d9eb7-9630-56b0-96b7-a8298ac1d1f8	chr17	27904930	31506083	1	1	0
2d9d9eb7-9630-56b0-96b7-a8298ac1d1f8	chr17	31506635	31514595	3	2	1
2d9d9eb7-9630-56b0-96b7-a8298ac1d1f8	chr17	31515452	32655834	1	1	0
2d9d9eb7-9630-56b0-96b7-a8298ac1d1f8	chr17	32656081	40310095	2	2	0
2d9d9eb7-9630-56b0-96b7-a8298ac1d1f8	chr17	40310125	83091923	5	3	2
2d9d9eb7-9630-56b0-96b7-a8298ac1d1f8	chr18	48133	15402409	3	2	1
2d9d9eb7-9630-56b0-96b7-a8298ac1d1f8	chr18	20949392	22528537	4	2	2
2d9d9eb7-9630-56b0-96b7-a8298ac1d1f8	chr18	22535891	24387401	6	3	3
2d9d9eb7-9630-56b0-96b7-a8298ac1d1f8	chr18	24390091	26382714	4	2	2
2d9d9eb7-9630-56b0-96b7-a8298ac1d1f8	chr18	26383721	28613182	6	3	3
2d9d9eb7-9630-56b0-96b7-a8298ac1d1f8	chr18	28613293	28684507	4	2	2
2d9d9eb7-9630-56b0-96b7-a8298ac1d1f8	chr18	28686971	29567990	3	2	1
2d9d9eb7-9630-56b0-96b7-a8298ac1d1f8	chr18	29570151	30566175	6	3	3
2d9d9eb7-9630-56b0-96b7-a8298ac1d1f8	chr18	30572318	32694802	8	5	3
2d9d9eb7-9630-56b0-96b7-a8298ac1d1f8	chr18	32695258	32721845	4	2	2
2d9d9eb7-9630-56b0-96b7-a8298ac1d1f8	chr18	32723666	35709306	5	3	2
2d9d9eb7-9630-56b0-96b7-a8298ac1d1f8	chr18	35710150	36268185	3	2	1
2d9d9eb7-9630-56b0-96b7-a8298ac1d1f8	chr18	36268370	37407689	7	4	3
2d9d9eb7-9630-56b0-96b7-a8298ac1d1f8	chr18	37412106	39522728	3	2	1
2d9d9eb7-9630-56b0-96b7-a8298ac1d1f8	chr18	39525222	40678763	5	3	2
2d9d9eb7-9630-56b0-96b7-a8298ac1d1f8	chr18	40680456	40685425	0	0	0
2d9d9eb7-9630-56b0-96b7-a8298ac1d1f8	chr18	40688060	43741154	5	3	2
2d9d9eb7-9630-56b0-96b7-a8298ac1d1f8	chr18	43744178	62480855	4	2	2
2d9d9eb7-9630-56b0-96b7-a8298ac1d1f8	chr18	62481496	80257174	3	2	1
2d9d9eb7-9630-56b0-96b7-a8298ac1d1f8	chr19	90910	2427970	1	1	0
2d9d9eb7-9630-56b0-96b7-a8298ac1d1f8	chr19	2431642	20986748	3	2	1
2d9d9eb7-9630-56b0-96b7-a8298ac1d1f8	chr19	20994330	27974735	4	3	1
2d9d9eb7-9630-56b0-96b7-a8298ac1d1f8	chr19	27975002	29017217	5	3	2
2d9d9eb7-9630-56b0-96b7-a8298ac1d1f8	chr19	29017582	36574347	3	2	1
2d9d9eb7-9630-56b0-96b7-a8298ac1d1f8	chr19	36577854	44505638	5	3	2
2d9d9eb7-9630-56b0-96b7-a8298ac1d1f8	chr19	44505925	45549196	6	4	2
2d9d9eb7-9630-56b0-96b7-a8298ac1d1f8	chr19	45549855	45994523	5	3	2
2d9d9eb7-9630-56b0-96b7-a8298ac1d1f8	chr19	45995470	46415943	7	5	2
2d9d9eb7-9630-56b0-96b7-a8298ac1d1f8	chr19	46420495	54330126	4	2	2
2d9d9eb7-9630-56b0-96b7-a8298ac1d1f8	chr19	54336316	56101475	7	5	2
2d9d9eb7-9630-56b0-96b7-a8298ac1d1f8	chr19	56101851	57760112	4	2	2
2d9d9eb7-9630-56b0-96b7-a8298ac1d1f8	chr19	57764436	58586487	2	2	0
2d9d9eb7-9630-56b0-96b7-a8298ac1d1f8	chr20	80664	1580276	6	4	2
2d9d9eb7-9630-56b0-96b7-a8298ac1d1f8	chr20	1580305	1613247	40	40	0
2d9d9eb7-9630-56b0-96b7-a8298ac1d1f8	chr20	1617300	8103757	6	4	2
2d9d9eb7-9630-56b0-96b7-a8298ac1d1f8	chr20	8103825	8421069	5	3	2
2d9d9eb7-9630-56b0-96b7-a8298ac1d1f8	chr20	8422212	10252616	6	4	2
2d9d9eb7-9630-56b0-96b7-a8298ac1d1f8	chr20	10253609	21144075	5	3	2
2d9d9eb7-9630-56b0-96b7-a8298ac1d1f8	chr20	21146186	24942248	6	3	3
2d9d9eb7-9630-56b0-96b7-a8298ac1d1f8	chr20	24942621	25756480	7	4	3
2d9d9eb7-9630-56b0-96b7-a8298ac1d1f8	chr20	25757989	64324800	6	4	2
2d9d9eb7-9630-56b0-96b7-a8298ac1d1f8	chr21	12973348	14121229	7	5	2
2d9d9eb7-9630-56b0-96b7-a8298ac1d1f8	chr21	14122133	17944190	7	6	1
2d9d9eb7-9630-56b0-96b7-a8298ac1d1f8	chr21	17944688	31342452	5	4	1
2d9d9eb7-9630-56b0-96b7-a8298ac1d1f8	chr21	31344387	31485408	6	4	2
2d9d9eb7-9630-56b0-96b7-a8298ac1d1f8	chr21	31485907	40193485	7	4	3
2d9d9eb7-9630-56b0-96b7-a8298ac1d1f8	chr21	40194058	40203578	10	5	5
2d9d9eb7-9630-56b0-96b7-a8298ac1d1f8	chr21	40203789	46677045	6	3	3
2d9d9eb7-9630-56b0-96b7-a8298ac1d1f8	chr22	16392123	50796027	3	2	1
2d9d9eb7-9630-56b0-96b7-a8298ac1d1f8	chrX	251810	35326267	2	1	1
2d9d9eb7-9630-56b0-96b7-a8298ac1d1f8	chrX	35326443	35372776	3	2	1
2d9d9eb7-9630-56b0-96b7-a8298ac1d1f8	chrX	35374154	156004181	2	1	1
2d9d9eb7-9630-56b0-96b7-a8298ac1d1f8	chrY	2782397	21611351	0	0	0
2d9d9eb7-9630-56b0-96b7-a8298ac1d1f8	chrY	21611541	26653788	1	1	0
2d9d9eb7-9630-56b0-96b7-a8298ac1d1f8	chrY	56872112	56872112	12	12	0
