GDC_Aliquot	Chromosome	Start	End	Copy_Number	Major_Copy_Number	Minor_Copy_Number
5aad5584-3b16-50f2-9990-5d4487600493	chr1	62920	9726559	4	2	2
5aad5584-3b16-50f2-9990-5d4487600493	chr1	9729792	34447952	3	2	1
5aad5584-3b16-50f2-9990-5d4487600493	chr1	34448105	34746998	4	3	1
5aad5584-3b16-50f2-9990-5d4487600493	chr1	34750159	47258494	3	2	1
5aad5584-3b16-50f2-9990-5d4487600493	chr1	47258743	51940760	4	2	2
5aad5584-3b16-50f2-9990-5d4487600493	chr1	51941200	57141073	3	2	1
5aad5584-3b16-50f2-9990-5d4487600493	chr1	57144256	73067024	4	2	2
5aad5584-3b16-50f2-9990-5d4487600493	chr1	73075388	79197008	3	2	1
5aad5584-3b16-50f2-9990-5d4487600493	chr1	79202141	86792387	4	2	2
5aad5584-3b16-50f2-9990-5d4487600493	chr1	86795511	87637007	7	5	2
5aad5584-3b16-50f2-9990-5d4487600493	chr1	87637529	91305219	6	4	2
5aad5584-3b16-50f2-9990-5d4487600493	chr1	91307235	91907273	9	7	2
5aad5584-3b16-50f2-9990-5d4487600493	chr1	91907380	103893707	6	4	2
5aad5584-3b16-50f2-9990-5d4487600493	chr1	103895280	109519561	5	3	2
5aad5584-3b16-50f2-9990-5d4487600493	chr1	109519876	113488979	4	2	2
5aad5584-3b16-50f2-9990-5d4487600493	chr1	113494003	121705338	5	3	2
5aad5584-3b16-50f2-9990-5d4487600493	chr1	143541857	147053445	8	5	3
5aad5584-3b16-50f2-9990-5d4487600493	chr1	147053722	227395896	4	2	2
5aad5584-3b16-50f2-9990-5d4487600493	chr1	227396950	229394348	6	4	2
5aad5584-3b16-50f2-9990-5d4487600493	chr1	229394763	245604672	4	2	2
5aad5584-3b16-50f2-9990-5d4487600493	chr1	245604734	248930189	3	2	1
5aad5584-3b16-50f2-9990-5d4487600493	chr2	12784	24322961	2	2	0
5aad5584-3b16-50f2-9990-5d4487600493	chr2	24323673	37682244	3	2	1
5aad5584-3b16-50f2-9990-5d4487600493	chr2	37682749	37750977	2	2	0
5aad5584-3b16-50f2-9990-5d4487600493	chr2	37751065	62027257	4	2	2
5aad5584-3b16-50f2-9990-5d4487600493	chr2	62030114	64083266	3	2	1
5aad5584-3b16-50f2-9990-5d4487600493	chr2	64085008	88831554	4	2	2
5aad5584-3b16-50f2-9990-5d4487600493	chr2	88833611	89118119	13	13	0
5aad5584-3b16-50f2-9990-5d4487600493	chr2	89119438	117015988	4	2	2
5aad5584-3b16-50f2-9990-5d4487600493	chr2	117016269	125395259	5	3	2
5aad5584-3b16-50f2-9990-5d4487600493	chr2	125395672	126430497	4	2	2
5aad5584-3b16-50f2-9990-5d4487600493	chr2	126431059	141217853	3	2	1
5aad5584-3b16-50f2-9990-5d4487600493	chr2	141219051	141385462	2	1	1
5aad5584-3b16-50f2-9990-5d4487600493	chr2	141385836	168150983	3	2	1
5aad5584-3b16-50f2-9990-5d4487600493	chr2	168153055	168173993	2	1	1
5aad5584-3b16-50f2-9990-5d4487600493	chr2	168174978	170172705	3	2	1
5aad5584-3b16-50f2-9990-5d4487600493	chr2	170172742	203567240	4	2	2
5aad5584-3b16-50f2-9990-5d4487600493	chr2	203567881	205718240	2	2	0
5aad5584-3b16-50f2-9990-5d4487600493	chr2	205719047	242147305	4	2	2
5aad5584-3b16-50f2-9990-5d4487600493	chr3	20930	269080	6	4	2
5aad5584-3b16-50f2-9990-5d4487600493	chr3	270168	3101583	7	5	2
5aad5584-3b16-50f2-9990-5d4487600493	chr3	3102204	9828730	6	4	2
5aad5584-3b16-50f2-9990-5d4487600493	chr3	9830778	14852633	4	4	0
5aad5584-3b16-50f2-9990-5d4487600493	chr3	14852681	14986971	3	3	0
5aad5584-3b16-50f2-9990-5d4487600493	chr3	14988763	61065839	4	4	0
5aad5584-3b16-50f2-9990-5d4487600493	chr3	61065916	61073759	3	3	0
5aad5584-3b16-50f2-9990-5d4487600493	chr3	61074940	65767501	4	4	0
5aad5584-3b16-50f2-9990-5d4487600493	chr3	65767739	116408948	2	2	0
5aad5584-3b16-50f2-9990-5d4487600493	chr3	116409084	117233479	0	0	0
5aad5584-3b16-50f2-9990-5d4487600493	chr3	117234207	124390966	2	2	0
5aad5584-3b16-50f2-9990-5d4487600493	chr3	124391713	126565659	6	4	2
5aad5584-3b16-50f2-9990-5d4487600493	chr3	126566570	141260079	4	2	2
5aad5584-3b16-50f2-9990-5d4487600493	chr3	141265484	143135122	24	22	2
5aad5584-3b16-50f2-9990-5d4487600493	chr3	143135159	144695531	12	10	2
5aad5584-3b16-50f2-9990-5d4487600493	chr3	144702169	145231666	6	4	2
5aad5584-3b16-50f2-9990-5d4487600493	chr3	145231981	145426906	28	26	2
5aad5584-3b16-50f2-9990-5d4487600493	chr3	145428494	145565016	14	12	2
5aad5584-3b16-50f2-9990-5d4487600493	chr3	145565409	146538495	26	24	2
5aad5584-3b16-50f2-9990-5d4487600493	chr3	146538692	148286240	21	19	2
5aad5584-3b16-50f2-9990-5d4487600493	chr3	148286351	149477385	25	24	1
5aad5584-3b16-50f2-9990-5d4487600493	chr3	149477962	150240040	21	19	2
5aad5584-3b16-50f2-9990-5d4487600493	chr3	150243010	179384600	2	2	0
5aad5584-3b16-50f2-9990-5d4487600493	chr3	179384654	190018584	4	2	2
5aad5584-3b16-50f2-9990-5d4487600493	chr3	190018936	190165435	1	1	0
5aad5584-3b16-50f2-9990-5d4487600493	chr3	190166028	198169247	4	2	2
5aad5584-3b16-50f2-9990-5d4487600493	chr4	68929	11571280	4	4	0
5aad5584-3b16-50f2-9990-5d4487600493	chr4	11571763	12594175	17	13	4
5aad5584-3b16-50f2-9990-5d4487600493	chr4	12594569	12649506	18	12	6
5aad5584-3b16-50f2-9990-5d4487600493	chr4	12655112	13713724	6	4	2
5aad5584-3b16-50f2-9990-5d4487600493	chr4	13713962	32876310	4	4	0
5aad5584-3b16-50f2-9990-5d4487600493	chr4	32877455	34753970	19	15	4
5aad5584-3b16-50f2-9990-5d4487600493	chr4	34755297	35201168	15	12	3
5aad5584-3b16-50f2-9990-5d4487600493	chr4	35208645	35529540	4	4	0
5aad5584-3b16-50f2-9990-5d4487600493	chr4	35533946	53532609	6	4	2
5aad5584-3b16-50f2-9990-5d4487600493	chr4	53534241	56288351	11	9	2
5aad5584-3b16-50f2-9990-5d4487600493	chr4	56288571	56288571	6	6	0
5aad5584-3b16-50f2-9990-5d4487600493	chr4	56288788	56306909	10	7	3
5aad5584-3b16-50f2-9990-5d4487600493	chr4	56307968	59036255	6	4	2
5aad5584-3b16-50f2-9990-5d4487600493	chr4	59036947	59690142	9	7	2
5aad5584-3b16-50f2-9990-5d4487600493	chr4	59690551	60940213	7	5	2
5aad5584-3b16-50f2-9990-5d4487600493	chr4	60940231	60956869	3	2	1
5aad5584-3b16-50f2-9990-5d4487600493	chr4	60957394	123525118	2	2	0
5aad5584-3b16-50f2-9990-5d4487600493	chr4	123526965	123528719	1	1	0
5aad5584-3b16-50f2-9990-5d4487600493	chr4	123534761	123632466	2	2	0
5aad5584-3b16-50f2-9990-5d4487600493	chr4	123633612	188996718	4	2	2
5aad5584-3b16-50f2-9990-5d4487600493	chr4	189001733	190106768	2	2	0
5aad5584-3b16-50f2-9990-5d4487600493	chr5	15532	1002949	10	9	1
5aad5584-3b16-50f2-9990-5d4487600493	chr5	1003020	1372498	16	15	1
5aad5584-3b16-50f2-9990-5d4487600493	chr5	1372589	2368425	15	13	2
5aad5584-3b16-50f2-9990-5d4487600493	chr5	2368535	8404133	11	9	2
5aad5584-3b16-50f2-9990-5d4487600493	chr5	8404495	9067192	12	10	2
5aad5584-3b16-50f2-9990-5d4487600493	chr5	9069471	9513335	17	15	2
5aad5584-3b16-50f2-9990-5d4487600493	chr5	9515079	10680885	11	9	2
5aad5584-3b16-50f2-9990-5d4487600493	chr5	10680998	10866348	15	13	2
5aad5584-3b16-50f2-9990-5d4487600493	chr5	10870479	12473017	11	9	2
5aad5584-3b16-50f2-9990-5d4487600493	chr5	12473675	13005104	6	4	2
5aad5584-3b16-50f2-9990-5d4487600493	chr5	13014395	16991802	11	9	2
5aad5584-3b16-50f2-9990-5d4487600493	chr5	16992024	20743177	7	5	2
5aad5584-3b16-50f2-9990-5d4487600493	chr5	20746731	32998825	13	11	2
5aad5584-3b16-50f2-9990-5d4487600493	chr5	33006590	33170411	16	14	2
5aad5584-3b16-50f2-9990-5d4487600493	chr5	33170717	34036639	12	10	2
5aad5584-3b16-50f2-9990-5d4487600493	chr5	34036998	34454217	18	17	1
5aad5584-3b16-50f2-9990-5d4487600493	chr5	34456281	34945017	12	10	2
5aad5584-3b16-50f2-9990-5d4487600493	chr5	34945839	35201479	8	6	2
5aad5584-3b16-50f2-9990-5d4487600493	chr5	35203290	36031016	6	4	2
5aad5584-3b16-50f2-9990-5d4487600493	chr5	36031768	37577204	11	9	2
5aad5584-3b16-50f2-9990-5d4487600493	chr5	37578722	37832731	6	4	2
5aad5584-3b16-50f2-9990-5d4487600493	chr5	37846648	39416137	13	11	2
5aad5584-3b16-50f2-9990-5d4487600493	chr5	39416192	39526149	17	16	1
5aad5584-3b16-50f2-9990-5d4487600493	chr5	39530778	40251222	12	10	2
5aad5584-3b16-50f2-9990-5d4487600493	chr5	40252192	43598003	6	4	2
5aad5584-3b16-50f2-9990-5d4487600493	chr5	43598250	44626731	8	5	3
5aad5584-3b16-50f2-9990-5d4487600493	chr5	44631082	50206422	14	12	2
5aad5584-3b16-50f2-9990-5d4487600493	chr5	50224178	84495539	2	2	0
5aad5584-3b16-50f2-9990-5d4487600493	chr5	84495854	84616705	0	0	0
5aad5584-3b16-50f2-9990-5d4487600493	chr5	84620337	181363319	2	2	0
5aad5584-3b16-50f2-9990-5d4487600493	chr6	149661	18379791	2	2	0
5aad5584-3b16-50f2-9990-5d4487600493	chr6	18381922	19212174	4	4	0
5aad5584-3b16-50f2-9990-5d4487600493	chr6	19217306	19467767	18	18	0
5aad5584-3b16-50f2-9990-5d4487600493	chr6	19468573	20496446	23	23	0
5aad5584-3b16-50f2-9990-5d4487600493	chr6	20499678	21490275	4	4	0
5aad5584-3b16-50f2-9990-5d4487600493	chr6	21490960	22717644	27	27	0
5aad5584-3b16-50f2-9990-5d4487600493	chr6	22717682	22876116	19	19	0
5aad5584-3b16-50f2-9990-5d4487600493	chr6	22880684	24129717	6	6	0
5aad5584-3b16-50f2-9990-5d4487600493	chr6	24130335	25521234	3	3	0
5aad5584-3b16-50f2-9990-5d4487600493	chr6	25534449	26067366	8	8	0
5aad5584-3b16-50f2-9990-5d4487600493	chr6	26068338	30667816	4	4	0
5aad5584-3b16-50f2-9990-5d4487600493	chr6	30690462	30829306	17	13	4
5aad5584-3b16-50f2-9990-5d4487600493	chr6	30829438	31240676	7	5	2
5aad5584-3b16-50f2-9990-5d4487600493	chr6	31240833	31294684	18	13	5
5aad5584-3b16-50f2-9990-5d4487600493	chr6	31295092	32249315	13	12	1
5aad5584-3b16-50f2-9990-5d4487600493	chr6	32249408	32978356	21	19	2
5aad5584-3b16-50f2-9990-5d4487600493	chr6	32985934	33334889	12	11	1
5aad5584-3b16-50f2-9990-5d4487600493	chr6	33339017	33791167	4	2	2
5aad5584-3b16-50f2-9990-5d4487600493	chr6	33791513	34331187	7	7	0
5aad5584-3b16-50f2-9990-5d4487600493	chr6	34341051	35630742	14	7	7
5aad5584-3b16-50f2-9990-5d4487600493	chr6	35632600	35925932	8	8	0
5aad5584-3b16-50f2-9990-5d4487600493	chr6	35927119	38279698	13	7	6
5aad5584-3b16-50f2-9990-5d4487600493	chr6	38279842	39036948	5	5	0
5aad5584-3b16-50f2-9990-5d4487600493	chr6	39047693	39202622	23	22	1
5aad5584-3b16-50f2-9990-5d4487600493	chr6	39206791	39528954	6	6	0
5aad5584-3b16-50f2-9990-5d4487600493	chr6	39539293	40361086	8	6	2
5aad5584-3b16-50f2-9990-5d4487600493	chr6	40361242	40388442	26	26	0
5aad5584-3b16-50f2-9990-5d4487600493	chr6	40389355	41829273	8	6	2
5aad5584-3b16-50f2-9990-5d4487600493	chr6	41835369	42130341	15	8	7
5aad5584-3b16-50f2-9990-5d4487600493	chr6	42130357	43905801	7	7	0
5aad5584-3b16-50f2-9990-5d4487600493	chr6	43907336	44317639	15	8	7
5aad5584-3b16-50f2-9990-5d4487600493	chr6	44318496	44802544	24	17	7
5aad5584-3b16-50f2-9990-5d4487600493	chr6	44803304	45497174	28	20	8
5aad5584-3b16-50f2-9990-5d4487600493	chr6	45497231	45562240	44	36	8
5aad5584-3b16-50f2-9990-5d4487600493	chr6	45562734	46240844	32	32	0
5aad5584-3b16-50f2-9990-5d4487600493	chr6	46242842	48513766	24	24	0
5aad5584-3b16-50f2-9990-5d4487600493	chr6	48514212	49557793	21	21	0
5aad5584-3b16-50f2-9990-5d4487600493	chr6	49561446	50109994	23	23	0
5aad5584-3b16-50f2-9990-5d4487600493	chr6	50110174	50565240	13	12	1
5aad5584-3b16-50f2-9990-5d4487600493	chr6	50566772	51096982	20	19	1
5aad5584-3b16-50f2-9990-5d4487600493	chr6	51098044	51724291	20	20	0
5aad5584-3b16-50f2-9990-5d4487600493	chr6	51725280	52276872	18	18	0
5aad5584-3b16-50f2-9990-5d4487600493	chr6	52277294	52289833	11	11	0
5aad5584-3b16-50f2-9990-5d4487600493	chr6	52297976	55412369	8	8	0
5aad5584-3b16-50f2-9990-5d4487600493	chr6	55412576	55531346	17	14	3
5aad5584-3b16-50f2-9990-5d4487600493	chr6	55532168	56007884	8	8	0
5aad5584-3b16-50f2-9990-5d4487600493	chr6	56008082	56505218	18	9	9
5aad5584-3b16-50f2-9990-5d4487600493	chr6	56506900	57216828	11	10	1
5aad5584-3b16-50f2-9990-5d4487600493	chr6	57217080	57434226	9	7	2
5aad5584-3b16-50f2-9990-5d4487600493	chr6	57434511	58432750	16	13	3
5aad5584-3b16-50f2-9990-5d4487600493	chr6	58448438	62028458	4	2	2
5aad5584-3b16-50f2-9990-5d4487600493	chr6	62029618	62526453	2	2	0
5aad5584-3b16-50f2-9990-5d4487600493	chr6	62528131	65112412	4	2	2
5aad5584-3b16-50f2-9990-5d4487600493	chr6	65114789	65324815	7	5	2
5aad5584-3b16-50f2-9990-5d4487600493	chr6	65334666	100571212	2	2	0
5aad5584-3b16-50f2-9990-5d4487600493	chr6	100572937	100950313	3	3	0
5aad5584-3b16-50f2-9990-5d4487600493	chr6	100950478	101449658	2	2	0
5aad5584-3b16-50f2-9990-5d4487600493	chr6	101452238	101518952	1	1	0
5aad5584-3b16-50f2-9990-5d4487600493	chr6	101521454	140291169	3	2	1
5aad5584-3b16-50f2-9990-5d4487600493	chr6	140296354	140421932	0	0	0
5aad5584-3b16-50f2-9990-5d4487600493	chr6	140422572	170741917	3	2	1
5aad5584-3b16-50f2-9990-5d4487600493	chr7	43259	2213571	3	2	1
5aad5584-3b16-50f2-9990-5d4487600493	chr7	2218449	4606619	5	4	1
5aad5584-3b16-50f2-9990-5d4487600493	chr7	4607100	5909197	4	3	1
5aad5584-3b16-50f2-9990-5d4487600493	chr7	5911197	8493103	6	4	2
5aad5584-3b16-50f2-9990-5d4487600493	chr7	8493214	8952743	5	3	2
5aad5584-3b16-50f2-9990-5d4487600493	chr7	8952899	14452530	6	3	3
5aad5584-3b16-50f2-9990-5d4487600493	chr7	14453788	14677612	6	4	2
5aad5584-3b16-50f2-9990-5d4487600493	chr7	14681098	18776264	7	5	2
5aad5584-3b16-50f2-9990-5d4487600493	chr7	18776341	18789915	9	6	3
5aad5584-3b16-50f2-9990-5d4487600493	chr7	18790841	21472664	7	5	2
5aad5584-3b16-50f2-9990-5d4487600493	chr7	21474776	32975949	4	2	2
5aad5584-3b16-50f2-9990-5d4487600493	chr7	32977043	34193208	5	3	2
5aad5584-3b16-50f2-9990-5d4487600493	chr7	34193524	47559008	4	2	2
5aad5584-3b16-50f2-9990-5d4487600493	chr7	47561484	78690271	3	2	1
5aad5584-3b16-50f2-9990-5d4487600493	chr7	78690578	78745304	2	1	1
5aad5584-3b16-50f2-9990-5d4487600493	chr7	78745750	103715828	3	2	1
5aad5584-3b16-50f2-9990-5d4487600493	chr7	103715849	103843929	2	1	1
5aad5584-3b16-50f2-9990-5d4487600493	chr7	103845181	159334314	3	2	1
5aad5584-3b16-50f2-9990-5d4487600493	chr8	81254	1911082	2	2	0
5aad5584-3b16-50f2-9990-5d4487600493	chr8	1911771	1928343	3	2	1
5aad5584-3b16-50f2-9990-5d4487600493	chr8	1928465	11368105	4	2	2
5aad5584-3b16-50f2-9990-5d4487600493	chr8	11368401	11381893	2	1	1
5aad5584-3b16-50f2-9990-5d4487600493	chr8	11382253	39292849	4	2	2
5aad5584-3b16-50f2-9990-5d4487600493	chr8	39295608	39531260	0	0	0
5aad5584-3b16-50f2-9990-5d4487600493	chr8	39531496	39728839	4	2	2
5aad5584-3b16-50f2-9990-5d4487600493	chr8	39728869	39728869	2	2	0
5aad5584-3b16-50f2-9990-5d4487600493	chr8	39730568	103865786	4	2	2
5aad5584-3b16-50f2-9990-5d4487600493	chr8	103865883	122123195	5	3	2
5aad5584-3b16-50f2-9990-5d4487600493	chr8	122126417	145072769	4	2	2
5aad5584-3b16-50f2-9990-5d4487600493	chr9	46587	469701	4	2	2
5aad5584-3b16-50f2-9990-5d4487600493	chr9	469767	579442	5	3	2
5aad5584-3b16-50f2-9990-5d4487600493	chr9	579853	29748026	4	2	2
5aad5584-3b16-50f2-9990-5d4487600493	chr9	29748206	29762018	2	1	1
5aad5584-3b16-50f2-9990-5d4487600493	chr9	29762237	71099885	4	2	2
5aad5584-3b16-50f2-9990-5d4487600493	chr9	71099933	113342125	3	2	1
5aad5584-3b16-50f2-9990-5d4487600493	chr9	113342246	113360674	2	1	1
5aad5584-3b16-50f2-9990-5d4487600493	chr9	113361391	138200944	3	2	1
5aad5584-3b16-50f2-9990-5d4487600493	chr10	45792	133654968	2	2	0
5aad5584-3b16-50f2-9990-5d4487600493	chr11	198510	78035023	4	2	2
5aad5584-3b16-50f2-9990-5d4487600493	chr11	78035072	78058973	3	2	1
5aad5584-3b16-50f2-9990-5d4487600493	chr11	78062669	84640287	4	2	2
5aad5584-3b16-50f2-9990-5d4487600493	chr11	84641652	84775960	2	1	1
5aad5584-3b16-50f2-9990-5d4487600493	chr11	84782192	120096696	4	2	2
5aad5584-3b16-50f2-9990-5d4487600493	chr11	120097511	120100426	2	1	1
5aad5584-3b16-50f2-9990-5d4487600493	chr11	120101279	135074876	4	2	2
5aad5584-3b16-50f2-9990-5d4487600493	chr12	51460	581307	2	2	0
5aad5584-3b16-50f2-9990-5d4487600493	chr12	586698	9474642	4	2	2
5aad5584-3b16-50f2-9990-5d4487600493	chr12	9477960	9582374	0	0	0
5aad5584-3b16-50f2-9990-5d4487600493	chr12	9583090	39156887	4	2	2
5aad5584-3b16-50f2-9990-5d4487600493	chr12	39157539	46045569	3	2	1
5aad5584-3b16-50f2-9990-5d4487600493	chr12	46046540	46086859	2	1	1
5aad5584-3b16-50f2-9990-5d4487600493	chr12	46088681	116702339	3	2	1
5aad5584-3b16-50f2-9990-5d4487600493	chr12	116702814	133201603	4	2	2
5aad5584-3b16-50f2-9990-5d4487600493	chr13	18452809	21213217	2	2	0
5aad5584-3b16-50f2-9990-5d4487600493	chr13	21221051	21977739	4	2	2
5aad5584-3b16-50f2-9990-5d4487600493	chr13	21978044	22573309	6	3	3
5aad5584-3b16-50f2-9990-5d4487600493	chr13	22580608	23752615	2	2	0
5aad5584-3b16-50f2-9990-5d4487600493	chr13	23754987	23785731	6	5	1
5aad5584-3b16-50f2-9990-5d4487600493	chr13	23787629	25210224	2	2	0
5aad5584-3b16-50f2-9990-5d4487600493	chr13	25210691	25586564	5	3	2
5aad5584-3b16-50f2-9990-5d4487600493	chr13	25590883	26401988	2	2	0
5aad5584-3b16-50f2-9990-5d4487600493	chr13	26403540	26590112	3	2	1
5aad5584-3b16-50f2-9990-5d4487600493	chr13	26590649	28989208	2	2	0
5aad5584-3b16-50f2-9990-5d4487600493	chr13	28990031	29073667	6	4	2
5aad5584-3b16-50f2-9990-5d4487600493	chr13	29074095	30786800	2	2	0
5aad5584-3b16-50f2-9990-5d4487600493	chr13	30788439	30947497	6	4	2
5aad5584-3b16-50f2-9990-5d4487600493	chr13	30950488	31719918	2	2	0
5aad5584-3b16-50f2-9990-5d4487600493	chr13	31722515	31868210	10	8	2
5aad5584-3b16-50f2-9990-5d4487600493	chr13	31870229	33103851	2	2	0
5aad5584-3b16-50f2-9990-5d4487600493	chr13	33103928	33202369	6	4	2
5aad5584-3b16-50f2-9990-5d4487600493	chr13	33202689	34586888	2	2	0
5aad5584-3b16-50f2-9990-5d4487600493	chr13	34589060	35007394	4	2	2
5aad5584-3b16-50f2-9990-5d4487600493	chr13	35013401	35232541	6	4	2
5aad5584-3b16-50f2-9990-5d4487600493	chr13	35235657	36719540	2	2	0
5aad5584-3b16-50f2-9990-5d4487600493	chr13	36721966	37199050	4	2	2
5aad5584-3b16-50f2-9990-5d4487600493	chr13	37205332	37347673	8	6	2
5aad5584-3b16-50f2-9990-5d4487600493	chr13	37348760	37425374	4	2	2
5aad5584-3b16-50f2-9990-5d4487600493	chr13	37426574	37445331	8	6	2
5aad5584-3b16-50f2-9990-5d4487600493	chr13	37445628	37773156	4	2	2
5aad5584-3b16-50f2-9990-5d4487600493	chr13	37773309	37849357	6	4	2
5aad5584-3b16-50f2-9990-5d4487600493	chr13	37852272	39475284	2	2	0
5aad5584-3b16-50f2-9990-5d4487600493	chr13	39475762	40014031	4	2	2
5aad5584-3b16-50f2-9990-5d4487600493	chr13	40015928	40927691	2	2	0
5aad5584-3b16-50f2-9990-5d4487600493	chr13	40934832	41045936	6	6	0
5aad5584-3b16-50f2-9990-5d4487600493	chr13	41056958	43825869	2	2	0
5aad5584-3b16-50f2-9990-5d4487600493	chr13	43827964	43888848	7	5	2
5aad5584-3b16-50f2-9990-5d4487600493	chr13	43895699	45038415	2	2	0
5aad5584-3b16-50f2-9990-5d4487600493	chr13	45038768	45315777	4	4	0
5aad5584-3b16-50f2-9990-5d4487600493	chr13	45317716	48159090	1	1	0
5aad5584-3b16-50f2-9990-5d4487600493	chr13	48160317	48242723	5	5	0
5aad5584-3b16-50f2-9990-5d4487600493	chr13	48243152	48335065	1	1	0
5aad5584-3b16-50f2-9990-5d4487600493	chr13	48337128	48397388	5	5	0
5aad5584-3b16-50f2-9990-5d4487600493	chr13	48397437	48648461	1	1	0
5aad5584-3b16-50f2-9990-5d4487600493	chr13	48649640	49042843	2	1	1
5aad5584-3b16-50f2-9990-5d4487600493	chr13	49045206	49218999	1	1	0
5aad5584-3b16-50f2-9990-5d4487600493	chr13	49224038	49908054	3	2	1
5aad5584-3b16-50f2-9990-5d4487600493	chr13	49917827	50139945	1	1	0
5aad5584-3b16-50f2-9990-5d4487600493	chr13	50146981	50261702	5	4	1
5aad5584-3b16-50f2-9990-5d4487600493	chr13	50261832	50455992	9	8	1
5aad5584-3b16-50f2-9990-5d4487600493	chr13	50456608	50760877	5	4	1
5aad5584-3b16-50f2-9990-5d4487600493	chr13	50761288	50828966	1	1	0
5aad5584-3b16-50f2-9990-5d4487600493	chr13	50830053	51455625	3	2	1
5aad5584-3b16-50f2-9990-5d4487600493	chr13	51457659	53199569	1	1	0
5aad5584-3b16-50f2-9990-5d4487600493	chr13	53206789	53410093	5	4	1
5aad5584-3b16-50f2-9990-5d4487600493	chr13	53412036	53822796	1	1	0
5aad5584-3b16-50f2-9990-5d4487600493	chr13	53822889	53861102	6	6	0
5aad5584-3b16-50f2-9990-5d4487600493	chr13	53862867	55463742	1	1	0
5aad5584-3b16-50f2-9990-5d4487600493	chr13	55464118	55530814	5	4	1
5aad5584-3b16-50f2-9990-5d4487600493	chr13	55534306	59463719	1	1	0
5aad5584-3b16-50f2-9990-5d4487600493	chr13	59465234	60212412	5	4	1
5aad5584-3b16-50f2-9990-5d4487600493	chr13	60213922	60715998	1	1	0
5aad5584-3b16-50f2-9990-5d4487600493	chr13	60716964	60989420	3	2	1
5aad5584-3b16-50f2-9990-5d4487600493	chr13	60997026	61208494	1	1	0
5aad5584-3b16-50f2-9990-5d4487600493	chr13	61212911	61423487	3	2	1
5aad5584-3b16-50f2-9990-5d4487600493	chr13	61424458	62309512	1	1	0
5aad5584-3b16-50f2-9990-5d4487600493	chr13	62310401	62385052	3	2	1
5aad5584-3b16-50f2-9990-5d4487600493	chr13	62386990	63371834	1	1	0
5aad5584-3b16-50f2-9990-5d4487600493	chr13	63375948	63416120	6	5	1
5aad5584-3b16-50f2-9990-5d4487600493	chr13	63416139	66801541	1	1	0
5aad5584-3b16-50f2-9990-5d4487600493	chr13	66802321	67426919	3	3	0
5aad5584-3b16-50f2-9990-5d4487600493	chr13	67428917	67771152	7	4	3
5aad5584-3b16-50f2-9990-5d4487600493	chr13	67777175	69910970	3	3	0
5aad5584-3b16-50f2-9990-5d4487600493	chr13	69911446	70062024	5	3	2
5aad5584-3b16-50f2-9990-5d4487600493	chr13	70062120	73285929	3	3	0
5aad5584-3b16-50f2-9990-5d4487600493	chr13	73291157	73816808	7	4	3
5aad5584-3b16-50f2-9990-5d4487600493	chr13	73817449	74950957	9	6	3
5aad5584-3b16-50f2-9990-5d4487600493	chr13	74956089	75759711	3	3	0
5aad5584-3b16-50f2-9990-5d4487600493	chr13	75764472	75882685	11	8	3
5aad5584-3b16-50f2-9990-5d4487600493	chr13	75882973	76017245	7	4	3
5aad5584-3b16-50f2-9990-5d4487600493	chr13	76017639	77600948	3	3	0
5aad5584-3b16-50f2-9990-5d4487600493	chr13	77601329	77726374	5	4	1
5aad5584-3b16-50f2-9990-5d4487600493	chr13	77729304	79919193	3	3	0
5aad5584-3b16-50f2-9990-5d4487600493	chr13	79920719	80025624	6	5	1
5aad5584-3b16-50f2-9990-5d4487600493	chr13	80025951	88401550	3	3	0
5aad5584-3b16-50f2-9990-5d4487600493	chr13	88406529	88432391	7	5	2
5aad5584-3b16-50f2-9990-5d4487600493	chr13	88434093	88622941	3	3	0
5aad5584-3b16-50f2-9990-5d4487600493	chr13	88623384	88680488	7	5	2
5aad5584-3b16-50f2-9990-5d4487600493	chr13	88682840	90777623	3	3	0
5aad5584-3b16-50f2-9990-5d4487600493	chr13	90783449	91271464	5	3	2
5aad5584-3b16-50f2-9990-5d4487600493	chr13	91272032	93045236	3	3	0
5aad5584-3b16-50f2-9990-5d4487600493	chr13	93046950	93235722	5	3	2
5aad5584-3b16-50f2-9990-5d4487600493	chr13	93235990	93580876	3	3	0
5aad5584-3b16-50f2-9990-5d4487600493	chr13	93583384	93684926	8	6	2
5aad5584-3b16-50f2-9990-5d4487600493	chr13	93685309	98993596	3	3	0
5aad5584-3b16-50f2-9990-5d4487600493	chr13	98995297	99122470	3	2	1
5aad5584-3b16-50f2-9990-5d4487600493	chr13	99122582	99381398	6	3	3
5aad5584-3b16-50f2-9990-5d4487600493	chr13	99381635	99441614	10	7	3
5aad5584-3b16-50f2-9990-5d4487600493	chr13	99441835	99588275	6	3	3
5aad5584-3b16-50f2-9990-5d4487600493	chr13	99593729	99621511	12	8	4
5aad5584-3b16-50f2-9990-5d4487600493	chr13	99621899	100018461	7	4	3
5aad5584-3b16-50f2-9990-5d4487600493	chr13	100020572	101088788	3	3	0
5aad5584-3b16-50f2-9990-5d4487600493	chr13	101092588	101342469	4	3	1
5aad5584-3b16-50f2-9990-5d4487600493	chr13	101342648	101734429	7	4	3
5aad5584-3b16-50f2-9990-5d4487600493	chr13	101736063	102451874	3	3	0
5aad5584-3b16-50f2-9990-5d4487600493	chr13	102452513	102556135	7	6	1
5aad5584-3b16-50f2-9990-5d4487600493	chr13	102559843	103017624	3	3	0
5aad5584-3b16-50f2-9990-5d4487600493	chr13	103023144	103174646	7	4	3
5aad5584-3b16-50f2-9990-5d4487600493	chr13	103176255	103793810	3	3	0
5aad5584-3b16-50f2-9990-5d4487600493	chr13	103794222	104066771	7	4	3
5aad5584-3b16-50f2-9990-5d4487600493	chr13	104075900	104455244	3	3	0
5aad5584-3b16-50f2-9990-5d4487600493	chr13	104457449	104493180	7	6	1
5aad5584-3b16-50f2-9990-5d4487600493	chr13	104493209	104962476	3	3	0
5aad5584-3b16-50f2-9990-5d4487600493	chr13	104962571	105093413	7	4	3
5aad5584-3b16-50f2-9990-5d4487600493	chr13	105094284	105330599	3	3	0
5aad5584-3b16-50f2-9990-5d4487600493	chr13	105333588	105734251	5	3	2
5aad5584-3b16-50f2-9990-5d4487600493	chr13	105734598	106180856	3	3	0
5aad5584-3b16-50f2-9990-5d4487600493	chr13	106182531	106264301	7	5	2
5aad5584-3b16-50f2-9990-5d4487600493	chr13	106264640	107324734	3	3	0
5aad5584-3b16-50f2-9990-5d4487600493	chr13	107325503	107362923	7	5	2
5aad5584-3b16-50f2-9990-5d4487600493	chr13	107363076	110083417	3	3	0
5aad5584-3b16-50f2-9990-5d4487600493	chr13	110087483	110147979	4	3	1
5aad5584-3b16-50f2-9990-5d4487600493	chr13	110155544	110680728	2	2	0
5aad5584-3b16-50f2-9990-5d4487600493	chr13	110691955	110930649	7	5	2
5aad5584-3b16-50f2-9990-5d4487600493	chr13	110931170	112338959	3	3	0
5aad5584-3b16-50f2-9990-5d4487600493	chr13	112340952	112373495	7	7	0
5aad5584-3b16-50f2-9990-5d4487600493	chr13	112374228	114342922	3	3	0
5aad5584-3b16-50f2-9990-5d4487600493	chr14	18239283	19955213	15	10	5
5aad5584-3b16-50f2-9990-5d4487600493	chr14	19956767	20374583	9	6	3
5aad5584-3b16-50f2-9990-5d4487600493	chr14	20376700	26451287	8	4	4
5aad5584-3b16-50f2-9990-5d4487600493	chr14	26458189	28369256	5	4	1
5aad5584-3b16-50f2-9990-5d4487600493	chr14	28372303	29267469	4	3	1
5aad5584-3b16-50f2-9990-5d4487600493	chr14	29267632	30136370	5	4	1
5aad5584-3b16-50f2-9990-5d4487600493	chr14	30137993	71705504	2	1	1
5aad5584-3b16-50f2-9990-5d4487600493	chr14	71706696	71964198	3	2	1
5aad5584-3b16-50f2-9990-5d4487600493	chr14	71964561	73875710	2	1	1
5aad5584-3b16-50f2-9990-5d4487600493	chr14	73876413	106877229	3	2	1
5aad5584-3b16-50f2-9990-5d4487600493	chr15	19811075	26131179	4	2	2
5aad5584-3b16-50f2-9990-5d4487600493	chr15	26134687	79173207	3	2	1
5aad5584-3b16-50f2-9990-5d4487600493	chr15	79173552	81254836	4	2	2
5aad5584-3b16-50f2-9990-5d4487600493	chr15	81257762	82670412	3	2	1
5aad5584-3b16-50f2-9990-5d4487600493	chr15	82673993	88050864	4	2	2
5aad5584-3b16-50f2-9990-5d4487600493	chr15	88051208	88976928	3	2	1
5aad5584-3b16-50f2-9990-5d4487600493	chr15	88980833	91043350	4	2	2
5aad5584-3b16-50f2-9990-5d4487600493	chr15	91045317	92477285	5	3	2
5aad5584-3b16-50f2-9990-5d4487600493	chr15	92480269	101928837	3	2	1
5aad5584-3b16-50f2-9990-5d4487600493	chr16	10777	35225338	4	2	2
5aad5584-3b16-50f2-9990-5d4487600493	chr16	35232200	35530722	8	8	0
5aad5584-3b16-50f2-9990-5d4487600493	chr16	35530845	48628764	5	3	2
5aad5584-3b16-50f2-9990-5d4487600493	chr16	48632589	72974455	4	2	2
5aad5584-3b16-50f2-9990-5d4487600493	chr16	72975125	73195970	2	1	1
5aad5584-3b16-50f2-9990-5d4487600493	chr16	73199933	90096867	4	2	2
5aad5584-3b16-50f2-9990-5d4487600493	chr17	150733	6263854	3	3	0
5aad5584-3b16-50f2-9990-5d4487600493	chr17	6264065	7679972	2	2	0
5aad5584-3b16-50f2-9990-5d4487600493	chr17	7680387	8598243	4	2	2
5aad5584-3b16-50f2-9990-5d4487600493	chr17	8599224	9575357	12	10	2
5aad5584-3b16-50f2-9990-5d4487600493	chr17	9576359	14057121	13	11	2
5aad5584-3b16-50f2-9990-5d4487600493	chr17	14057341	14543953	15	13	2
5aad5584-3b16-50f2-9990-5d4487600493	chr17	14549127	14609386	2	2	0
5aad5584-3b16-50f2-9990-5d4487600493	chr17	14609947	16438313	15	13	2
5aad5584-3b16-50f2-9990-5d4487600493	chr17	16442121	19918863	10	8	2
5aad5584-3b16-50f2-9990-5d4487600493	chr17	19924419	22339160	14	12	2
5aad5584-3b16-50f2-9990-5d4487600493	chr17	22345444	22736323	32	30	2
5aad5584-3b16-50f2-9990-5d4487600493	chr17	26943491	43354897	2	2	0
5aad5584-3b16-50f2-9990-5d4487600493	chr17	43361222	57191393	3	2	1
5aad5584-3b16-50f2-9990-5d4487600493	chr17	57192086	58113647	5	3	2
5aad5584-3b16-50f2-9990-5d4487600493	chr17	58113739	60880672	7	5	2
5aad5584-3b16-50f2-9990-5d4487600493	chr17	60888039	60981224	3	3	0
5aad5584-3b16-50f2-9990-5d4487600493	chr17	60984207	60984304	1	1	0
5aad5584-3b16-50f2-9990-5d4487600493	chr17	60984723	62914541	3	2	1
5aad5584-3b16-50f2-9990-5d4487600493	chr17	62914995	65252278	9	7	2
5aad5584-3b16-50f2-9990-5d4487600493	chr17	65254058	66048922	7	5	2
5aad5584-3b16-50f2-9990-5d4487600493	chr17	66051258	66888092	4	2	2
5aad5584-3b16-50f2-9990-5d4487600493	chr17	66888754	67056188	6	4	2
5aad5584-3b16-50f2-9990-5d4487600493	chr17	67057315	69233783	5	3	2
5aad5584-3b16-50f2-9990-5d4487600493	chr17	69239564	78998287	4	2	2
5aad5584-3b16-50f2-9990-5d4487600493	chr17	78999123	83091923	3	2	1
5aad5584-3b16-50f2-9990-5d4487600493	chr18	48133	65242084	2	2	0
5aad5584-3b16-50f2-9990-5d4487600493	chr18	65242825	65269602	3	3	0
5aad5584-3b16-50f2-9990-5d4487600493	chr18	65270244	80257174	2	2	0
5aad5584-3b16-50f2-9990-5d4487600493	chr19	90910	21275892	4	2	2
5aad5584-3b16-50f2-9990-5d4487600493	chr19	21276231	27260767	5	3	2
5aad5584-3b16-50f2-9990-5d4487600493	chr19	27275080	28404348	3	2	1
5aad5584-3b16-50f2-9990-5d4487600493	chr19	28407490	29285681	4	2	2
5aad5584-3b16-50f2-9990-5d4487600493	chr19	29286726	29862870	6	4	2
5aad5584-3b16-50f2-9990-5d4487600493	chr19	29863596	30492025	5	3	2
5aad5584-3b16-50f2-9990-5d4487600493	chr19	30492974	30785425	3	2	1
5aad5584-3b16-50f2-9990-5d4487600493	chr19	30785698	30973325	2	2	0
5aad5584-3b16-50f2-9990-5d4487600493	chr19	30975289	31607722	3	2	1
5aad5584-3b16-50f2-9990-5d4487600493	chr19	31607771	33124242	2	2	0
5aad5584-3b16-50f2-9990-5d4487600493	chr19	33125350	36574347	3	2	1
5aad5584-3b16-50f2-9990-5d4487600493	chr19	36577854	37217889	4	2	2
5aad5584-3b16-50f2-9990-5d4487600493	chr19	37225094	37426640	3	2	1
5aad5584-3b16-50f2-9990-5d4487600493	chr19	37427559	58586487	2	2	0
5aad5584-3b16-50f2-9990-5d4487600493	chr20	80664	8844039	6	4	2
5aad5584-3b16-50f2-9990-5d4487600493	chr20	8846683	8869916	10	7	3
5aad5584-3b16-50f2-9990-5d4487600493	chr20	8870674	13761613	7	5	2
5aad5584-3b16-50f2-9990-5d4487600493	chr20	13766542	20669922	4	4	0
5aad5584-3b16-50f2-9990-5d4487600493	chr20	20674822	26324855	2	2	0
5aad5584-3b16-50f2-9990-5d4487600493	chr20	26324943	64324800	4	2	2
5aad5584-3b16-50f2-9990-5d4487600493	chr21	12973348	13367106	6	4	2
5aad5584-3b16-50f2-9990-5d4487600493	chr21	13367222	17656257	5	3	2
5aad5584-3b16-50f2-9990-5d4487600493	chr21	17658853	29813175	4	2	2
5aad5584-3b16-50f2-9990-5d4487600493	chr21	29813876	29858385	3	2	1
5aad5584-3b16-50f2-9990-5d4487600493	chr21	29858821	38495199	4	2	2
5aad5584-3b16-50f2-9990-5d4487600493	chr21	38496791	38533832	1	1	0
5aad5584-3b16-50f2-9990-5d4487600493	chr21	38534766	42563690	2	2	0
5aad5584-3b16-50f2-9990-5d4487600493	chr21	42564171	42633338	4	3	1
5aad5584-3b16-50f2-9990-5d4487600493	chr21	42633356	46677045	2	2	0
5aad5584-3b16-50f2-9990-5d4487600493	chr22	16392123	17420162	4	4	0
5aad5584-3b16-50f2-9990-5d4487600493	chr22	17420471	22373203	5	5	0
5aad5584-3b16-50f2-9990-5d4487600493	chr22	22373470	22916758	2	2	0
5aad5584-3b16-50f2-9990-5d4487600493	chr22	22916773	22920558	5	4	1
5aad5584-3b16-50f2-9990-5d4487600493	chr22	22920663	50796027	2	2	0
5aad5584-3b16-50f2-9990-5d4487600493	chrX	251810	23797290	3	2	1
5aad5584-3b16-50f2-9990-5d4487600493	chrX	23797498	23828125	4	3	1
5aad5584-3b16-50f2-9990-5d4487600493	chrX	23828303	30382270	3	2	1
5aad5584-3b16-50f2-9990-5d4487600493	chrX	30383058	30403991	4	3	1
5aad5584-3b16-50f2-9990-5d4487600493	chrX	30405674	33140054	3	2	1
5aad5584-3b16-50f2-9990-5d4487600493	chrX	33140113	33542704	2	2	0
5aad5584-3b16-50f2-9990-5d4487600493	chrX	33544352	52312702	3	2	1
5aad5584-3b16-50f2-9990-5d4487600493	chrX	52320924	64358946	4	2	2
5aad5584-3b16-50f2-9990-5d4487600493	chrX	64359781	115912580	2	2	0
5aad5584-3b16-50f2-9990-5d4487600493	chrX	115912621	119228738	6	4	2
5aad5584-3b16-50f2-9990-5d4487600493	chrX	119229843	125710316	2	2	0
5aad5584-3b16-50f2-9990-5d4487600493	chrX	125713659	126593197	8	6	2
5aad5584-3b16-50f2-9990-5d4487600493	chrX	126599310	127291742	2	2	0
5aad5584-3b16-50f2-9990-5d4487600493	chrX	127291847	127299472	3	3	0
5aad5584-3b16-50f2-9990-5d4487600493	chrX	127300101	156004181	2	2	0
5aad5584-3b16-50f2-9990-5d4487600493	chrY	2782397	26653788	0	0	0
5aad5584-3b16-50f2-9990-5d4487600493	chrY	56872112	56872112	15	15	0
