GDC_Aliquot	Chromosome	Start	End	Copy_Number	Major_Copy_Number	Minor_Copy_Number
feab8d41-9999-57aa-8494-c18bec914b67	chr1	62920	13765084	4	3	1
feab8d41-9999-57aa-8494-c18bec914b67	chr1	13769573	14960152	4	2	2
feab8d41-9999-57aa-8494-c18bec914b67	chr1	14960309	15016722	3	3	0
feab8d41-9999-57aa-8494-c18bec914b67	chr1	15017589	46583377	4	2	2
feab8d41-9999-57aa-8494-c18bec914b67	chr1	46586251	90460957	5	3	2
feab8d41-9999-57aa-8494-c18bec914b67	chr1	90461059	90615826	5	4	1
feab8d41-9999-57aa-8494-c18bec914b67	chr1	90616643	94586920	5	3	2
feab8d41-9999-57aa-8494-c18bec914b67	chr1	94589663	94845062	5	4	1
feab8d41-9999-57aa-8494-c18bec914b67	chr1	94846549	99317946	5	3	2
feab8d41-9999-57aa-8494-c18bec914b67	chr1	99318335	101066720	4	2	2
feab8d41-9999-57aa-8494-c18bec914b67	chr1	101070222	108192255	5	3	2
feab8d41-9999-57aa-8494-c18bec914b67	chr1	108194874	108728415	6	5	1
feab8d41-9999-57aa-8494-c18bec914b67	chr1	108730988	115029744	4	2	2
feab8d41-9999-57aa-8494-c18bec914b67	chr1	115033094	115895258	5	3	2
feab8d41-9999-57aa-8494-c18bec914b67	chr1	115898123	116115362	4	4	0
feab8d41-9999-57aa-8494-c18bec914b67	chr1	116118748	121705338	5	3	2
feab8d41-9999-57aa-8494-c18bec914b67	chr1	143541857	152424116	4	3	1
feab8d41-9999-57aa-8494-c18bec914b67	chr1	152425732	157812355	6	3	3
feab8d41-9999-57aa-8494-c18bec914b67	chr1	157812428	166035134	7	4	3
feab8d41-9999-57aa-8494-c18bec914b67	chr1	166035377	166293851	7	6	1
feab8d41-9999-57aa-8494-c18bec914b67	chr1	166298600	170202405	7	4	3
feab8d41-9999-57aa-8494-c18bec914b67	chr1	170202654	170568072	8	6	2
feab8d41-9999-57aa-8494-c18bec914b67	chr1	170570233	180261891	6	3	3
feab8d41-9999-57aa-8494-c18bec914b67	chr1	180262945	180601272	5	4	1
feab8d41-9999-57aa-8494-c18bec914b67	chr1	180602098	181525392	6	3	3
feab8d41-9999-57aa-8494-c18bec914b67	chr1	181525688	181759980	7	5	2
feab8d41-9999-57aa-8494-c18bec914b67	chr1	181760931	183301603	6	3	3
feab8d41-9999-57aa-8494-c18bec914b67	chr1	183301662	183816758	6	5	1
feab8d41-9999-57aa-8494-c18bec914b67	chr1	183819333	190015349	6	3	3
feab8d41-9999-57aa-8494-c18bec914b67	chr1	190015496	190836516	6	4	2
feab8d41-9999-57aa-8494-c18bec914b67	chr1	190838232	201100954	6	3	3
feab8d41-9999-57aa-8494-c18bec914b67	chr1	201101070	201484180	6	4	2
feab8d41-9999-57aa-8494-c18bec914b67	chr1	201485795	203410996	6	3	3
feab8d41-9999-57aa-8494-c18bec914b67	chr1	203411432	203440922	4	2	2
feab8d41-9999-57aa-8494-c18bec914b67	chr1	203442731	203522382	3	2	1
feab8d41-9999-57aa-8494-c18bec914b67	chr1	203524984	247381361	3	3	0
feab8d41-9999-57aa-8494-c18bec914b67	chr1	247381465	247402909	5	5	0
feab8d41-9999-57aa-8494-c18bec914b67	chr1	247403573	248930189	2	2	0
feab8d41-9999-57aa-8494-c18bec914b67	chr2	12784	1665777	2	1	1
feab8d41-9999-57aa-8494-c18bec914b67	chr2	1666459	31023383	4	3	1
feab8d41-9999-57aa-8494-c18bec914b67	chr2	31024619	31027855	1	1	0
feab8d41-9999-57aa-8494-c18bec914b67	chr2	31029795	88580546	4	3	1
feab8d41-9999-57aa-8494-c18bec914b67	chr2	88585559	88834118	4	2	2
feab8d41-9999-57aa-8494-c18bec914b67	chr2	88836539	89118119	12	12	0
feab8d41-9999-57aa-8494-c18bec914b67	chr2	89119438	99842973	4	2	2
feab8d41-9999-57aa-8494-c18bec914b67	chr2	99845648	118187164	3	2	1
feab8d41-9999-57aa-8494-c18bec914b67	chr2	118187813	118463677	3	3	0
feab8d41-9999-57aa-8494-c18bec914b67	chr2	118465745	196421890	3	2	1
feab8d41-9999-57aa-8494-c18bec914b67	chr2	196423234	196610218	2	2	0
feab8d41-9999-57aa-8494-c18bec914b67	chr2	196614917	205802697	3	2	1
feab8d41-9999-57aa-8494-c18bec914b67	chr2	205802812	241976006	1	1	0
feab8d41-9999-57aa-8494-c18bec914b67	chr2	241976372	242147305	0	0	0
feab8d41-9999-57aa-8494-c18bec914b67	chr3	20930	59936661	3	3	0
feab8d41-9999-57aa-8494-c18bec914b67	chr3	59936912	60087673	1	1	0
feab8d41-9999-57aa-8494-c18bec914b67	chr3	60087926	69975209	3	3	0
feab8d41-9999-57aa-8494-c18bec914b67	chr3	69978223	71150814	3	2	1
feab8d41-9999-57aa-8494-c18bec914b67	chr3	71151006	96280510	3	3	0
feab8d41-9999-57aa-8494-c18bec914b67	chr3	96284862	116808395	1	1	0
feab8d41-9999-57aa-8494-c18bec914b67	chr3	116808772	117080258	0	0	0
feab8d41-9999-57aa-8494-c18bec914b67	chr3	117080547	123002695	1	1	0
feab8d41-9999-57aa-8494-c18bec914b67	chr3	123003325	151502418	4	3	1
feab8d41-9999-57aa-8494-c18bec914b67	chr3	151504474	156910735	5	3	2
feab8d41-9999-57aa-8494-c18bec914b67	chr3	156914650	157943022	5	4	1
feab8d41-9999-57aa-8494-c18bec914b67	chr3	157943993	158872455	5	3	2
feab8d41-9999-57aa-8494-c18bec914b67	chr3	158874829	159131174	6	5	1
feab8d41-9999-57aa-8494-c18bec914b67	chr3	159134672	161021470	5	3	2
feab8d41-9999-57aa-8494-c18bec914b67	chr3	161024391	198169247	3	3	0
feab8d41-9999-57aa-8494-c18bec914b67	chr4	68929	4803727	1	1	0
feab8d41-9999-57aa-8494-c18bec914b67	chr4	4805615	10137567	2	1	1
feab8d41-9999-57aa-8494-c18bec914b67	chr4	10139795	10178769	3	2	1
feab8d41-9999-57aa-8494-c18bec914b67	chr4	10178998	40008554	2	1	1
feab8d41-9999-57aa-8494-c18bec914b67	chr4	40014379	46935123	4	2	2
feab8d41-9999-57aa-8494-c18bec914b67	chr4	46936007	47293787	3	2	1
feab8d41-9999-57aa-8494-c18bec914b67	chr4	47301125	49146817	4	2	2
feab8d41-9999-57aa-8494-c18bec914b67	chr4	49146905	54855915	6	3	3
feab8d41-9999-57aa-8494-c18bec914b67	chr4	54858551	57344350	4	3	1
feab8d41-9999-57aa-8494-c18bec914b67	chr4	57344648	58494997	4	2	2
feab8d41-9999-57aa-8494-c18bec914b67	chr4	58498416	59245849	3	2	1
feab8d41-9999-57aa-8494-c18bec914b67	chr4	59249437	92546651	2	2	0
feab8d41-9999-57aa-8494-c18bec914b67	chr4	92546880	96602187	4	2	2
feab8d41-9999-57aa-8494-c18bec914b67	chr4	96602914	167671865	2	2	0
feab8d41-9999-57aa-8494-c18bec914b67	chr4	167671913	171920553	3	2	1
feab8d41-9999-57aa-8494-c18bec914b67	chr4	171921205	190106768	2	2	0
feab8d41-9999-57aa-8494-c18bec914b67	chr5	15532	1943614	4	2	2
feab8d41-9999-57aa-8494-c18bec914b67	chr5	1944064	3126555	5	3	2
feab8d41-9999-57aa-8494-c18bec914b67	chr5	3128055	3180894	5	4	1
feab8d41-9999-57aa-8494-c18bec914b67	chr5	3187982	17220166	5	3	2
feab8d41-9999-57aa-8494-c18bec914b67	chr5	17220730	34066046	6	3	3
feab8d41-9999-57aa-8494-c18bec914b67	chr5	34066212	34572693	5	4	1
feab8d41-9999-57aa-8494-c18bec914b67	chr5	34575272	35348130	6	3	3
feab8d41-9999-57aa-8494-c18bec914b67	chr5	35358318	35597904	5	4	1
feab8d41-9999-57aa-8494-c18bec914b67	chr5	35608661	55799119	6	3	3
feab8d41-9999-57aa-8494-c18bec914b67	chr5	55799485	55961468	7	5	2
feab8d41-9999-57aa-8494-c18bec914b67	chr5	55967454	57051795	8	4	4
feab8d41-9999-57aa-8494-c18bec914b67	chr5	57051866	58099171	7	5	2
feab8d41-9999-57aa-8494-c18bec914b67	chr5	58099410	58415257	6	5	1
feab8d41-9999-57aa-8494-c18bec914b67	chr5	58419685	76647331	3	2	1
feab8d41-9999-57aa-8494-c18bec914b67	chr5	76647432	76661842	5	3	2
feab8d41-9999-57aa-8494-c18bec914b67	chr5	76662029	154101327	2	1	1
feab8d41-9999-57aa-8494-c18bec914b67	chr5	154104380	165342429	1	1	0
feab8d41-9999-57aa-8494-c18bec914b67	chr5	165342621	166326249	0	0	0
feab8d41-9999-57aa-8494-c18bec914b67	chr5	166327022	181363319	1	1	0
feab8d41-9999-57aa-8494-c18bec914b67	chr6	149661	18207031	1	1	0
feab8d41-9999-57aa-8494-c18bec914b67	chr6	18207102	160314804	3	3	0
feab8d41-9999-57aa-8494-c18bec914b67	chr6	160315465	160716226	4	4	0
feab8d41-9999-57aa-8494-c18bec914b67	chr6	160716631	170741917	3	3	0
feab8d41-9999-57aa-8494-c18bec914b67	chr7	43259	2602290	2	2	0
feab8d41-9999-57aa-8494-c18bec914b67	chr7	2603718	2618745	1	1	0
feab8d41-9999-57aa-8494-c18bec914b67	chr7	2629599	35580107	3	2	1
feab8d41-9999-57aa-8494-c18bec914b67	chr7	35580603	47106322	4	2	2
feab8d41-9999-57aa-8494-c18bec914b67	chr7	47106380	47124547	7	4	3
feab8d41-9999-57aa-8494-c18bec914b67	chr7	47128324	51605911	4	2	2
feab8d41-9999-57aa-8494-c18bec914b67	chr7	51606288	65231808	5	3	2
feab8d41-9999-57aa-8494-c18bec914b67	chr7	65231948	67016096	5	4	1
feab8d41-9999-57aa-8494-c18bec914b67	chr7	67017101	71215383	5	3	2
feab8d41-9999-57aa-8494-c18bec914b67	chr7	71220061	72493762	6	3	3
feab8d41-9999-57aa-8494-c18bec914b67	chr7	72494333	84140141	4	2	2
feab8d41-9999-57aa-8494-c18bec914b67	chr7	84141032	84280379	5	3	2
feab8d41-9999-57aa-8494-c18bec914b67	chr7	84281334	95549949	4	2	2
feab8d41-9999-57aa-8494-c18bec914b67	chr7	95550281	95630300	5	3	2
feab8d41-9999-57aa-8494-c18bec914b67	chr7	95631373	99536059	4	2	2
feab8d41-9999-57aa-8494-c18bec914b67	chr7	99539565	102197216	3	2	1
feab8d41-9999-57aa-8494-c18bec914b67	chr7	102197623	109793690	4	2	2
feab8d41-9999-57aa-8494-c18bec914b67	chr7	109793720	109813853	0	0	0
feab8d41-9999-57aa-8494-c18bec914b67	chr7	109813925	114384124	4	2	2
feab8d41-9999-57aa-8494-c18bec914b67	chr7	114389196	130325277	4	3	1
feab8d41-9999-57aa-8494-c18bec914b67	chr7	130325822	130478161	6	3	3
feab8d41-9999-57aa-8494-c18bec914b67	chr7	130478451	138396680	5	4	1
feab8d41-9999-57aa-8494-c18bec914b67	chr7	138399139	139984023	3	3	0
feab8d41-9999-57aa-8494-c18bec914b67	chr7	139984244	146735101	2	2	0
feab8d41-9999-57aa-8494-c18bec914b67	chr7	146744970	146817075	0	0	0
feab8d41-9999-57aa-8494-c18bec914b67	chr7	146819231	151035725	2	2	0
feab8d41-9999-57aa-8494-c18bec914b67	chr7	151041537	151102292	5	3	2
feab8d41-9999-57aa-8494-c18bec914b67	chr7	151103652	159334314	2	2	0
feab8d41-9999-57aa-8494-c18bec914b67	chr8	81254	6430345	1	1	0
feab8d41-9999-57aa-8494-c18bec914b67	chr8	6431900	6482663	0	0	0
feab8d41-9999-57aa-8494-c18bec914b67	chr8	6482954	14972770	1	1	0
feab8d41-9999-57aa-8494-c18bec914b67	chr8	14972785	22396073	2	1	1
feab8d41-9999-57aa-8494-c18bec914b67	chr8	22398765	24704935	3	2	1
feab8d41-9999-57aa-8494-c18bec914b67	chr8	24706751	34426468	2	2	0
feab8d41-9999-57aa-8494-c18bec914b67	chr8	34426493	38421293	3	3	0
feab8d41-9999-57aa-8494-c18bec914b67	chr8	38421311	40389035	4	3	1
feab8d41-9999-57aa-8494-c18bec914b67	chr8	40396041	40400783	7	5	2
feab8d41-9999-57aa-8494-c18bec914b67	chr8	40401178	55010323	4	3	1
feab8d41-9999-57aa-8494-c18bec914b67	chr8	55010371	55810191	2	1	1
feab8d41-9999-57aa-8494-c18bec914b67	chr8	55815420	61216148	4	3	1
feab8d41-9999-57aa-8494-c18bec914b67	chr8	61216452	61237598	6	3	3
feab8d41-9999-57aa-8494-c18bec914b67	chr8	61239135	132725556	3	2	1
feab8d41-9999-57aa-8494-c18bec914b67	chr8	132725836	134563381	4	3	1
feab8d41-9999-57aa-8494-c18bec914b67	chr8	134563496	134589882	2	1	1
feab8d41-9999-57aa-8494-c18bec914b67	chr8	134593558	140129623	4	2	2
feab8d41-9999-57aa-8494-c18bec914b67	chr8	140132042	145072769	3	2	1
feab8d41-9999-57aa-8494-c18bec914b67	chr9	46587	393606	1	1	0
feab8d41-9999-57aa-8494-c18bec914b67	chr9	394523	5383460	2	1	1
feab8d41-9999-57aa-8494-c18bec914b67	chr9	5383815	7503820	3	2	1
feab8d41-9999-57aa-8494-c18bec914b67	chr9	7504352	8263751	2	1	1
feab8d41-9999-57aa-8494-c18bec914b67	chr9	8264250	8267474	6	4	2
feab8d41-9999-57aa-8494-c18bec914b67	chr9	8267854	23132592	2	1	1
feab8d41-9999-57aa-8494-c18bec914b67	chr9	23137967	41741113	3	2	1
feab8d41-9999-57aa-8494-c18bec914b67	chr9	60863881	68421768	5	4	1
feab8d41-9999-57aa-8494-c18bec914b67	chr9	68423153	82551997	5	3	2
feab8d41-9999-57aa-8494-c18bec914b67	chr9	82552287	82730091	4	3	1
feab8d41-9999-57aa-8494-c18bec914b67	chr9	82730662	86906384	4	2	2
feab8d41-9999-57aa-8494-c18bec914b67	chr9	86907506	87314544	4	3	1
feab8d41-9999-57aa-8494-c18bec914b67	chr9	87314944	114136401	4	2	2
feab8d41-9999-57aa-8494-c18bec914b67	chr9	114136416	138200944	3	2	1
feab8d41-9999-57aa-8494-c18bec914b67	chr10	45792	3010205	4	2	2
feab8d41-9999-57aa-8494-c18bec914b67	chr10	3010244	3013819	11	6	5
feab8d41-9999-57aa-8494-c18bec914b67	chr10	3013852	5497663	4	2	2
feab8d41-9999-57aa-8494-c18bec914b67	chr10	5500146	5512995	9	5	4
feab8d41-9999-57aa-8494-c18bec914b67	chr10	5513601	5606056	5	4	1
feab8d41-9999-57aa-8494-c18bec914b67	chr10	5606138	5940700	4	2	2
feab8d41-9999-57aa-8494-c18bec914b67	chr10	5941042	35900518	2	2	0
feab8d41-9999-57aa-8494-c18bec914b67	chr10	35900880	43691378	4	4	0
feab8d41-9999-57aa-8494-c18bec914b67	chr10	43691707	43753789	1	1	0
feab8d41-9999-57aa-8494-c18bec914b67	chr10	43755786	43873072	4	4	0
feab8d41-9999-57aa-8494-c18bec914b67	chr10	43876455	76305129	1	1	0
feab8d41-9999-57aa-8494-c18bec914b67	chr10	76305316	85083816	3	3	0
feab8d41-9999-57aa-8494-c18bec914b67	chr10	85083981	133654968	2	2	0
feab8d41-9999-57aa-8494-c18bec914b67	chr11	198510	2755010	2	2	0
feab8d41-9999-57aa-8494-c18bec914b67	chr11	2755218	26273291	3	3	0
feab8d41-9999-57aa-8494-c18bec914b67	chr11	26273475	45058894	4	3	1
feab8d41-9999-57aa-8494-c18bec914b67	chr11	45062980	49754326	4	2	2
feab8d41-9999-57aa-8494-c18bec914b67	chr11	49754448	55608804	4	3	1
feab8d41-9999-57aa-8494-c18bec914b67	chr11	55609022	55654863	0	0	0
feab8d41-9999-57aa-8494-c18bec914b67	chr11	55661931	58288818	4	3	1
feab8d41-9999-57aa-8494-c18bec914b67	chr11	58289266	63411236	4	2	2
feab8d41-9999-57aa-8494-c18bec914b67	chr11	63413969	65233888	3	2	1
feab8d41-9999-57aa-8494-c18bec914b67	chr11	65234208	81964217	4	2	2
feab8d41-9999-57aa-8494-c18bec914b67	chr11	81964502	82521298	4	3	1
feab8d41-9999-57aa-8494-c18bec914b67	chr11	82521799	87667456	4	2	2
feab8d41-9999-57aa-8494-c18bec914b67	chr11	87667744	87890246	5	4	1
feab8d41-9999-57aa-8494-c18bec914b67	chr11	87897040	93515715	5	3	2
feab8d41-9999-57aa-8494-c18bec914b67	chr11	93515795	93848722	5	4	1
feab8d41-9999-57aa-8494-c18bec914b67	chr11	93848749	110340769	4	2	2
feab8d41-9999-57aa-8494-c18bec914b67	chr11	110343657	110574927	4	3	1
feab8d41-9999-57aa-8494-c18bec914b67	chr11	110575171	112688842	4	2	2
feab8d41-9999-57aa-8494-c18bec914b67	chr11	112689536	112935215	5	4	1
feab8d41-9999-57aa-8494-c18bec914b67	chr11	112935695	116167603	4	2	2
feab8d41-9999-57aa-8494-c18bec914b67	chr11	116169550	116260065	4	3	1
feab8d41-9999-57aa-8494-c18bec914b67	chr11	116262180	118029954	4	2	2
feab8d41-9999-57aa-8494-c18bec914b67	chr11	118030579	118287074	5	4	1
feab8d41-9999-57aa-8494-c18bec914b67	chr11	118287287	118359577	5	3	2
feab8d41-9999-57aa-8494-c18bec914b67	chr11	118359644	119330989	4	3	1
feab8d41-9999-57aa-8494-c18bec914b67	chr11	119331233	126818779	4	2	2
feab8d41-9999-57aa-8494-c18bec914b67	chr11	126818799	126836196	9	5	4
feab8d41-9999-57aa-8494-c18bec914b67	chr11	126836621	126918754	4	2	2
feab8d41-9999-57aa-8494-c18bec914b67	chr11	126918796	127001596	5	4	1
feab8d41-9999-57aa-8494-c18bec914b67	chr11	127001744	130438452	4	2	2
feab8d41-9999-57aa-8494-c18bec914b67	chr11	130438984	135074876	2	2	0
feab8d41-9999-57aa-8494-c18bec914b67	chr12	51460	9000778	6	6	0
feab8d41-9999-57aa-8494-c18bec914b67	chr12	9000821	9687442	4	4	0
feab8d41-9999-57aa-8494-c18bec914b67	chr12	9688130	24060176	6	6	0
feab8d41-9999-57aa-8494-c18bec914b67	chr12	24060352	25534781	5	5	0
feab8d41-9999-57aa-8494-c18bec914b67	chr12	25549610	25621552	3	3	0
feab8d41-9999-57aa-8494-c18bec914b67	chr12	25623890	25630299	5	5	0
feab8d41-9999-57aa-8494-c18bec914b67	chr12	25631067	26751412	3	3	0
feab8d41-9999-57aa-8494-c18bec914b67	chr12	26752964	28379166	4	2	2
feab8d41-9999-57aa-8494-c18bec914b67	chr12	28380284	32597492	6	3	3
feab8d41-9999-57aa-8494-c18bec914b67	chr12	32597500	34701563	7	4	3
feab8d41-9999-57aa-8494-c18bec914b67	chr12	37463949	37712311	4	4	0
feab8d41-9999-57aa-8494-c18bec914b67	chr12	37713777	37777376	11	11	0
feab8d41-9999-57aa-8494-c18bec914b67	chr12	37788687	128240556	3	3	0
feab8d41-9999-57aa-8494-c18bec914b67	chr12	128240944	128249465	6	5	1
feab8d41-9999-57aa-8494-c18bec914b67	chr12	128250199	133201603	2	2	0
feab8d41-9999-57aa-8494-c18bec914b67	chr13	18452809	33094100	3	3	0
feab8d41-9999-57aa-8494-c18bec914b67	chr13	33103834	53027987	5	5	0
feab8d41-9999-57aa-8494-c18bec914b67	chr13	53028327	53072003	7	7	0
feab8d41-9999-57aa-8494-c18bec914b67	chr13	53072591	54597592	5	5	0
feab8d41-9999-57aa-8494-c18bec914b67	chr13	54598073	62398307	6	6	0
feab8d41-9999-57aa-8494-c18bec914b67	chr13	62398633	63558882	7	7	0
feab8d41-9999-57aa-8494-c18bec914b67	chr13	63559162	78085869	6	6	0
feab8d41-9999-57aa-8494-c18bec914b67	chr13	78086221	104531488	4	4	0
feab8d41-9999-57aa-8494-c18bec914b67	chr13	104537106	114342922	6	6	0
feab8d41-9999-57aa-8494-c18bec914b67	chr14	18239283	23190520	6	3	3
feab8d41-9999-57aa-8494-c18bec914b67	chr14	23192809	23674200	6	4	2
feab8d41-9999-57aa-8494-c18bec914b67	chr14	23678085	30217364	6	3	3
feab8d41-9999-57aa-8494-c18bec914b67	chr14	30217747	30859628	6	5	1
feab8d41-9999-57aa-8494-c18bec914b67	chr14	30859665	32306930	6	3	3
feab8d41-9999-57aa-8494-c18bec914b67	chr14	32308547	33511256	7	4	3
feab8d41-9999-57aa-8494-c18bec914b67	chr14	33511548	36617143	5	3	2
feab8d41-9999-57aa-8494-c18bec914b67	chr14	36617217	38483859	5	4	1
feab8d41-9999-57aa-8494-c18bec914b67	chr14	38487746	41718315	5	3	2
feab8d41-9999-57aa-8494-c18bec914b67	chr14	41718369	43140556	4	3	1
feab8d41-9999-57aa-8494-c18bec914b67	chr14	43140736	50534143	5	3	2
feab8d41-9999-57aa-8494-c18bec914b67	chr14	50534383	53745501	4	2	2
feab8d41-9999-57aa-8494-c18bec914b67	chr14	53746664	54334127	4	3	1
feab8d41-9999-57aa-8494-c18bec914b67	chr14	54334869	95554365	4	2	2
feab8d41-9999-57aa-8494-c18bec914b67	chr14	95556270	95665095	3	3	0
feab8d41-9999-57aa-8494-c18bec914b67	chr14	95665199	105758187	4	2	2
feab8d41-9999-57aa-8494-c18bec914b67	chr14	105779965	106345838	9	9	0
feab8d41-9999-57aa-8494-c18bec914b67	chr14	106346115	106877229	4	2	2
feab8d41-9999-57aa-8494-c18bec914b67	chr15	19811075	23882543	4	3	1
feab8d41-9999-57aa-8494-c18bec914b67	chr15	23885786	24258119	4	2	2
feab8d41-9999-57aa-8494-c18bec914b67	chr15	24258513	25884120	4	3	1
feab8d41-9999-57aa-8494-c18bec914b67	chr15	25884512	39359939	3	2	1
feab8d41-9999-57aa-8494-c18bec914b67	chr15	39361613	39818904	4	3	1
feab8d41-9999-57aa-8494-c18bec914b67	chr15	39821315	40051342	4	2	2
feab8d41-9999-57aa-8494-c18bec914b67	chr15	40052013	81265496	2	2	0
feab8d41-9999-57aa-8494-c18bec914b67	chr15	81266983	91544665	3	2	1
feab8d41-9999-57aa-8494-c18bec914b67	chr15	91544811	91873191	4	3	1
feab8d41-9999-57aa-8494-c18bec914b67	chr15	91874624	101928837	3	2	1
feab8d41-9999-57aa-8494-c18bec914b67	chr16	10777	6157076	2	1	1
feab8d41-9999-57aa-8494-c18bec914b67	chr16	6157388	15751517	3	2	1
feab8d41-9999-57aa-8494-c18bec914b67	chr16	15753702	15946368	1	1	0
feab8d41-9999-57aa-8494-c18bec914b67	chr16	15947975	16188450	4	3	1
feab8d41-9999-57aa-8494-c18bec914b67	chr16	16188463	21557881	1	1	0
feab8d41-9999-57aa-8494-c18bec914b67	chr16	21558112	22306136	3	3	0
feab8d41-9999-57aa-8494-c18bec914b67	chr16	22309982	50182652	2	2	0
feab8d41-9999-57aa-8494-c18bec914b67	chr16	50183698	80622117	3	3	0
feab8d41-9999-57aa-8494-c18bec914b67	chr16	80623069	90096867	2	2	0
feab8d41-9999-57aa-8494-c18bec914b67	chr17	150733	7779287	4	3	1
feab8d41-9999-57aa-8494-c18bec914b67	chr17	7784864	26949301	5	3	2
feab8d41-9999-57aa-8494-c18bec914b67	chr17	26955079	83091923	2	2	0
feab8d41-9999-57aa-8494-c18bec914b67	chr18	48133	4498302	3	3	0
feab8d41-9999-57aa-8494-c18bec914b67	chr18	4498842	6194672	2	2	0
feab8d41-9999-57aa-8494-c18bec914b67	chr18	6194881	27455366	3	3	0
feab8d41-9999-57aa-8494-c18bec914b67	chr18	27455755	80257174	2	2	0
feab8d41-9999-57aa-8494-c18bec914b67	chr19	90910	1909479	4	3	1
feab8d41-9999-57aa-8494-c18bec914b67	chr19	1916393	2171871	2	2	0
feab8d41-9999-57aa-8494-c18bec914b67	chr19	2182903	12634474	4	3	1
feab8d41-9999-57aa-8494-c18bec914b67	chr19	12651969	27706033	5	3	2
feab8d41-9999-57aa-8494-c18bec914b67	chr19	27707365	29792783	4	2	2
feab8d41-9999-57aa-8494-c18bec914b67	chr19	29793217	31094827	5	3	2
feab8d41-9999-57aa-8494-c18bec914b67	chr19	31095472	33129972	4	2	2
feab8d41-9999-57aa-8494-c18bec914b67	chr19	33129991	36906185	5	4	1
feab8d41-9999-57aa-8494-c18bec914b67	chr19	36906399	38767354	3	2	1
feab8d41-9999-57aa-8494-c18bec914b67	chr19	38767470	41064425	4	2	2
feab8d41-9999-57aa-8494-c18bec914b67	chr19	41065999	58586487	3	2	1
feab8d41-9999-57aa-8494-c18bec914b67	chr20	80664	9408524	4	2	2
feab8d41-9999-57aa-8494-c18bec914b67	chr20	9408850	9598330	4	3	1
feab8d41-9999-57aa-8494-c18bec914b67	chr20	9599078	12040976	4	2	2
feab8d41-9999-57aa-8494-c18bec914b67	chr20	12042003	12245631	4	3	1
feab8d41-9999-57aa-8494-c18bec914b67	chr20	12246106	22709048	4	2	2
feab8d41-9999-57aa-8494-c18bec914b67	chr20	22709115	22722168	7	4	3
feab8d41-9999-57aa-8494-c18bec914b67	chr20	22722529	34150923	4	2	2
feab8d41-9999-57aa-8494-c18bec914b67	chr20	34151279	36297685	4	3	1
feab8d41-9999-57aa-8494-c18bec914b67	chr20	36300679	47748481	4	2	2
feab8d41-9999-57aa-8494-c18bec914b67	chr20	47749132	48366987	4	3	1
feab8d41-9999-57aa-8494-c18bec914b67	chr20	48370450	61958559	4	2	2
feab8d41-9999-57aa-8494-c18bec914b67	chr20	61958659	63117413	3	2	1
feab8d41-9999-57aa-8494-c18bec914b67	chr20	63118755	64324800	1	1	0
feab8d41-9999-57aa-8494-c18bec914b67	chr21	12973348	17668861	4	3	1
feab8d41-9999-57aa-8494-c18bec914b67	chr21	17668997	17675006	9	5	4
feab8d41-9999-57aa-8494-c18bec914b67	chr21	17677547	18065035	4	2	2
feab8d41-9999-57aa-8494-c18bec914b67	chr21	18065834	22726975	6	3	3
feab8d41-9999-57aa-8494-c18bec914b67	chr21	22727011	24438893	3	2	1
feab8d41-9999-57aa-8494-c18bec914b67	chr21	24438907	41765185	4	2	2
feab8d41-9999-57aa-8494-c18bec914b67	chr21	41765820	44988875	3	2	1
feab8d41-9999-57aa-8494-c18bec914b67	chr21	44989850	46677045	2	2	0
feab8d41-9999-57aa-8494-c18bec914b67	chr22	16392123	17049480	3	2	1
feab8d41-9999-57aa-8494-c18bec914b67	chr22	17050842	17497992	6	4	2
feab8d41-9999-57aa-8494-c18bec914b67	chr22	17500594	17752522	3	2	1
feab8d41-9999-57aa-8494-c18bec914b67	chr22	17752539	24330357	6	4	2
feab8d41-9999-57aa-8494-c18bec914b67	chr22	24330750	29074127	5	3	2
feab8d41-9999-57aa-8494-c18bec914b67	chr22	29078289	34402038	4	2	2
feab8d41-9999-57aa-8494-c18bec914b67	chr22	34402131	34947634	4	3	1
feab8d41-9999-57aa-8494-c18bec914b67	chr22	34948328	37748228	4	2	2
feab8d41-9999-57aa-8494-c18bec914b67	chr22	37748611	43409172	3	2	1
feab8d41-9999-57aa-8494-c18bec914b67	chr22	43410059	43452506	4	3	1
feab8d41-9999-57aa-8494-c18bec914b67	chr22	43455585	49390502	3	2	1
feab8d41-9999-57aa-8494-c18bec914b67	chr22	49390704	50796027	2	2	0
feab8d41-9999-57aa-8494-c18bec914b67	chrX	251810	2788903	5	3	2
feab8d41-9999-57aa-8494-c18bec914b67	chrX	2789693	17928956	1	1	0
feab8d41-9999-57aa-8494-c18bec914b67	chrX	17929874	34024137	2	2	0
feab8d41-9999-57aa-8494-c18bec914b67	chrX	34026256	34052125	0	0	0
feab8d41-9999-57aa-8494-c18bec914b67	chrX	34052170	38677185	2	2	0
feab8d41-9999-57aa-8494-c18bec914b67	chrX	38681426	46421478	3	3	0
feab8d41-9999-57aa-8494-c18bec914b67	chrX	46421568	49239859	2	2	0
feab8d41-9999-57aa-8494-c18bec914b67	chrX	49239953	49638845	3	3	0
feab8d41-9999-57aa-8494-c18bec914b67	chrX	49639878	65901662	2	2	0
feab8d41-9999-57aa-8494-c18bec914b67	chrX	65908706	115717093	1	1	0
feab8d41-9999-57aa-8494-c18bec914b67	chrX	115717115	115912580	2	1	1
feab8d41-9999-57aa-8494-c18bec914b67	chrX	115912621	143265477	0	0	0
feab8d41-9999-57aa-8494-c18bec914b67	chrX	143266553	144483342	2	2	0
feab8d41-9999-57aa-8494-c18bec914b67	chrX	144492685	156004181	1	1	0
feab8d41-9999-57aa-8494-c18bec914b67	chrY	2782397	14131707	8	7	1
feab8d41-9999-57aa-8494-c18bec914b67	chrY	14132104	18884445	10	9	1
feab8d41-9999-57aa-8494-c18bec914b67	chrY	18885109	26653788	8	7	1
feab8d41-9999-57aa-8494-c18bec914b67	chrY	56872112	56872112	0	0	0
