GDC_Aliquot	Chromosome	Start	End	Copy_Number	Major_Copy_Number	Minor_Copy_Number
f26c2e4a-792e-5c79-9e33-078e59084343	chr1	62920	4657280	6	4	2
f26c2e4a-792e-5c79-9e33-078e59084343	chr1	4657331	5586003	6	3	3
f26c2e4a-792e-5c79-9e33-078e59084343	chr1	5586142	6774704	5	3	2
f26c2e4a-792e-5c79-9e33-078e59084343	chr1	6775465	8926431	6	4	2
f26c2e4a-792e-5c79-9e33-078e59084343	chr1	8927200	9528050	4	2	2
f26c2e4a-792e-5c79-9e33-078e59084343	chr1	9529354	13890431	6	4	2
f26c2e4a-792e-5c79-9e33-078e59084343	chr1	13891179	14224608	7	5	2
f26c2e4a-792e-5c79-9e33-078e59084343	chr1	14226770	14376206	9	7	2
f26c2e4a-792e-5c79-9e33-078e59084343	chr1	14377945	24182584	6	4	2
f26c2e4a-792e-5c79-9e33-078e59084343	chr1	24184442	28912086	5	3	2
f26c2e4a-792e-5c79-9e33-078e59084343	chr1	28915368	31970082	4	2	2
f26c2e4a-792e-5c79-9e33-078e59084343	chr1	31971667	33535302	6	4	2
f26c2e4a-792e-5c79-9e33-078e59084343	chr1	33535735	67950124	4	2	2
f26c2e4a-792e-5c79-9e33-078e59084343	chr1	67950664	88667595	5	3	2
f26c2e4a-792e-5c79-9e33-078e59084343	chr1	88668129	121705338	4	2	2
f26c2e4a-792e-5c79-9e33-078e59084343	chr1	143541857	148359050	2	2	0
f26c2e4a-792e-5c79-9e33-078e59084343	chr1	149761178	152452349	11	9	2
f26c2e4a-792e-5c79-9e33-078e59084343	chr1	152452372	152546733	9	7	2
f26c2e4a-792e-5c79-9e33-078e59084343	chr1	152554167	152583051	2	2	0
f26c2e4a-792e-5c79-9e33-078e59084343	chr1	152583230	152614064	0	0	0
f26c2e4a-792e-5c79-9e33-078e59084343	chr1	152614100	153802207	9	7	2
f26c2e4a-792e-5c79-9e33-078e59084343	chr1	153804190	154141353	4	2	2
f26c2e4a-792e-5c79-9e33-078e59084343	chr1	154146810	154689862	10	8	2
f26c2e4a-792e-5c79-9e33-078e59084343	chr1	154693941	156098051	8	6	2
f26c2e4a-792e-5c79-9e33-078e59084343	chr1	156108458	156513264	2	2	0
f26c2e4a-792e-5c79-9e33-078e59084343	chr1	156521187	158694799	6	4	2
f26c2e4a-792e-5c79-9e33-078e59084343	chr1	158698252	158710868	3	2	1
f26c2e4a-792e-5c79-9e33-078e59084343	chr1	158711218	170513952	2	2	0
f26c2e4a-792e-5c79-9e33-078e59084343	chr1	170519468	171086429	7	5	2
f26c2e4a-792e-5c79-9e33-078e59084343	chr1	171089095	172218263	9	7	2
f26c2e4a-792e-5c79-9e33-078e59084343	chr1	172218334	172958777	7	5	2
f26c2e4a-792e-5c79-9e33-078e59084343	chr1	172960924	173650048	4	2	2
f26c2e4a-792e-5c79-9e33-078e59084343	chr1	173663594	174116846	2	1	1
f26c2e4a-792e-5c79-9e33-078e59084343	chr1	174119548	176282495	5	3	2
f26c2e4a-792e-5c79-9e33-078e59084343	chr1	176286794	178023448	2	2	0
f26c2e4a-792e-5c79-9e33-078e59084343	chr1	178023920	178619061	4	2	2
f26c2e4a-792e-5c79-9e33-078e59084343	chr1	178619146	178727493	15	12	3
f26c2e4a-792e-5c79-9e33-078e59084343	chr1	178727615	185055008	6	4	2
f26c2e4a-792e-5c79-9e33-078e59084343	chr1	185061970	185541181	4	2	2
f26c2e4a-792e-5c79-9e33-078e59084343	chr1	185546329	185550860	3	2	1
f26c2e4a-792e-5c79-9e33-078e59084343	chr1	185551468	185561655	3	3	0
f26c2e4a-792e-5c79-9e33-078e59084343	chr1	185564173	186105437	3	2	1
f26c2e4a-792e-5c79-9e33-078e59084343	chr1	186105786	188796145	4	2	2
f26c2e4a-792e-5c79-9e33-078e59084343	chr1	188800734	189211947	18	16	2
f26c2e4a-792e-5c79-9e33-078e59084343	chr1	189211966	189271188	13	10	3
f26c2e4a-792e-5c79-9e33-078e59084343	chr1	189271397	189989976	16	14	2
f26c2e4a-792e-5c79-9e33-078e59084343	chr1	189990138	192005459	12	10	2
f26c2e4a-792e-5c79-9e33-078e59084343	chr1	192008785	193058704	8	6	2
f26c2e4a-792e-5c79-9e33-078e59084343	chr1	193058867	193550842	6	4	2
f26c2e4a-792e-5c79-9e33-078e59084343	chr1	193556747	193662398	1	1	0
f26c2e4a-792e-5c79-9e33-078e59084343	chr1	193667453	193741246	5	4	1
f26c2e4a-792e-5c79-9e33-078e59084343	chr1	193742092	194437910	4	3	1
f26c2e4a-792e-5c79-9e33-078e59084343	chr1	194441690	194551146	7	5	2
f26c2e4a-792e-5c79-9e33-078e59084343	chr1	194551227	194751050	8	6	2
f26c2e4a-792e-5c79-9e33-078e59084343	chr1	194755861	195727634	4	2	2
f26c2e4a-792e-5c79-9e33-078e59084343	chr1	195730709	195750016	3	3	0
f26c2e4a-792e-5c79-9e33-078e59084343	chr1	195752611	195824613	1	1	0
f26c2e4a-792e-5c79-9e33-078e59084343	chr1	195824710	195839155	3	3	0
f26c2e4a-792e-5c79-9e33-078e59084343	chr1	195839284	197395254	2	2	0
f26c2e4a-792e-5c79-9e33-078e59084343	chr1	197395975	197537334	8	7	1
f26c2e4a-792e-5c79-9e33-078e59084343	chr1	197539135	201917520	2	2	0
f26c2e4a-792e-5c79-9e33-078e59084343	chr1	201918254	204100830	6	4	2
f26c2e4a-792e-5c79-9e33-078e59084343	chr1	204101096	204519774	4	2	2
f26c2e4a-792e-5c79-9e33-078e59084343	chr1	204520429	204533947	3	3	0
f26c2e4a-792e-5c79-9e33-078e59084343	chr1	204534306	239516243	2	2	0
f26c2e4a-792e-5c79-9e33-078e59084343	chr1	239522877	239603845	7	5	2
f26c2e4a-792e-5c79-9e33-078e59084343	chr1	239605500	248409836	2	2	0
f26c2e4a-792e-5c79-9e33-078e59084343	chr1	248410087	248886647	4	4	0
f26c2e4a-792e-5c79-9e33-078e59084343	chr1	248887260	248930189	4	3	1
f26c2e4a-792e-5c79-9e33-078e59084343	chr2	12784	3576401	4	2	2
f26c2e4a-792e-5c79-9e33-078e59084343	chr2	3578204	6064703	4	3	1
f26c2e4a-792e-5c79-9e33-078e59084343	chr2	6065040	29188986	3	2	1
f26c2e4a-792e-5c79-9e33-078e59084343	chr2	29189257	52828510	4	3	1
f26c2e4a-792e-5c79-9e33-078e59084343	chr2	52828554	76146862	3	2	1
f26c2e4a-792e-5c79-9e33-078e59084343	chr2	76147845	83821462	4	3	1
f26c2e4a-792e-5c79-9e33-078e59084343	chr2	83823049	88813284	3	2	1
f26c2e4a-792e-5c79-9e33-078e59084343	chr2	88816370	99644202	6	4	2
f26c2e4a-792e-5c79-9e33-078e59084343	chr2	99644393	104527938	7	5	2
f26c2e4a-792e-5c79-9e33-078e59084343	chr2	104528032	105772455	6	4	2
f26c2e4a-792e-5c79-9e33-078e59084343	chr2	105772504	108897649	3	2	1
f26c2e4a-792e-5c79-9e33-078e59084343	chr2	108902433	110857189	2	1	1
f26c2e4a-792e-5c79-9e33-078e59084343	chr2	110857438	119471529	3	2	1
f26c2e4a-792e-5c79-9e33-078e59084343	chr2	119471547	126024409	2	2	0
f26c2e4a-792e-5c79-9e33-078e59084343	chr2	126034255	126485879	3	2	1
f26c2e4a-792e-5c79-9e33-078e59084343	chr2	126489022	138834131	2	2	0
f26c2e4a-792e-5c79-9e33-078e59084343	chr2	138834150	138858309	1	1	0
f26c2e4a-792e-5c79-9e33-078e59084343	chr2	138858354	141653833	2	2	0
f26c2e4a-792e-5c79-9e33-078e59084343	chr2	141654626	141730385	6	4	2
f26c2e4a-792e-5c79-9e33-078e59084343	chr2	141730960	149202090	5	3	2
f26c2e4a-792e-5c79-9e33-078e59084343	chr2	149202854	155533101	6	3	3
f26c2e4a-792e-5c79-9e33-078e59084343	chr2	155533339	157060581	6	4	2
f26c2e4a-792e-5c79-9e33-078e59084343	chr2	157061186	160992698	5	3	2
f26c2e4a-792e-5c79-9e33-078e59084343	chr2	160994381	169367020	6	4	2
f26c2e4a-792e-5c79-9e33-078e59084343	chr2	169367189	170810554	7	5	2
f26c2e4a-792e-5c79-9e33-078e59084343	chr2	170811135	172314743	6	4	2
f26c2e4a-792e-5c79-9e33-078e59084343	chr2	172321479	172791846	7	5	2
f26c2e4a-792e-5c79-9e33-078e59084343	chr2	172792622	174640268	6	4	2
f26c2e4a-792e-5c79-9e33-078e59084343	chr2	174641903	176663145	4	2	2
f26c2e4a-792e-5c79-9e33-078e59084343	chr2	176668320	179163046	3	2	1
f26c2e4a-792e-5c79-9e33-078e59084343	chr2	179163158	179332698	2	2	0
f26c2e4a-792e-5c79-9e33-078e59084343	chr2	179333131	188294102	3	2	1
f26c2e4a-792e-5c79-9e33-078e59084343	chr2	188297531	190164845	2	2	0
f26c2e4a-792e-5c79-9e33-078e59084343	chr2	190164878	190354593	4	3	1
f26c2e4a-792e-5c79-9e33-078e59084343	chr2	190354888	191604344	2	2	0
f26c2e4a-792e-5c79-9e33-078e59084343	chr2	191608736	191634164	4	3	1
f26c2e4a-792e-5c79-9e33-078e59084343	chr2	191638764	225834505	2	2	0
f26c2e4a-792e-5c79-9e33-078e59084343	chr2	225835478	225855418	2	1	1
f26c2e4a-792e-5c79-9e33-078e59084343	chr2	225855655	229748324	5	3	2
f26c2e4a-792e-5c79-9e33-078e59084343	chr2	229757295	238399334	4	2	2
f26c2e4a-792e-5c79-9e33-078e59084343	chr2	238404637	240017493	3	2	1
f26c2e4a-792e-5c79-9e33-078e59084343	chr2	240020483	240069845	6	4	2
f26c2e4a-792e-5c79-9e33-078e59084343	chr2	240071658	242147305	3	2	1
f26c2e4a-792e-5c79-9e33-078e59084343	chr3	20930	539233	2	2	0
f26c2e4a-792e-5c79-9e33-078e59084343	chr3	539478	1318843	4	4	0
f26c2e4a-792e-5c79-9e33-078e59084343	chr3	1319639	8506546	3	3	0
f26c2e4a-792e-5c79-9e33-078e59084343	chr3	8507141	14980306	2	2	0
f26c2e4a-792e-5c79-9e33-078e59084343	chr3	14986971	18849082	3	3	0
f26c2e4a-792e-5c79-9e33-078e59084343	chr3	18849635	25603994	2	2	0
f26c2e4a-792e-5c79-9e33-078e59084343	chr3	25607612	27973581	3	3	0
f26c2e4a-792e-5c79-9e33-078e59084343	chr3	27973796	32414724	2	2	0
f26c2e4a-792e-5c79-9e33-078e59084343	chr3	32419818	35930179	4	4	0
f26c2e4a-792e-5c79-9e33-078e59084343	chr3	35930231	46966668	2	2	0
f26c2e4a-792e-5c79-9e33-078e59084343	chr3	46966803	49823465	4	4	0
f26c2e4a-792e-5c79-9e33-078e59084343	chr3	49825071	54451081	2	2	0
f26c2e4a-792e-5c79-9e33-078e59084343	chr3	54451582	56117615	3	3	0
f26c2e4a-792e-5c79-9e33-078e59084343	chr3	56117685	58230142	2	2	0
f26c2e4a-792e-5c79-9e33-078e59084343	chr3	58232625	58236571	4	4	0
f26c2e4a-792e-5c79-9e33-078e59084343	chr3	58236705	58242444	2	2	0
f26c2e4a-792e-5c79-9e33-078e59084343	chr3	58242712	58438533	4	4	0
f26c2e4a-792e-5c79-9e33-078e59084343	chr3	58440320	88204858	2	2	0
f26c2e4a-792e-5c79-9e33-078e59084343	chr3	88205670	88264812	6	4	2
f26c2e4a-792e-5c79-9e33-078e59084343	chr3	88268069	130312385	3	2	1
f26c2e4a-792e-5c79-9e33-078e59084343	chr3	130314593	131034129	2	2	0
f26c2e4a-792e-5c79-9e33-078e59084343	chr3	131036282	131162565	4	3	1
f26c2e4a-792e-5c79-9e33-078e59084343	chr3	131173535	133036670	2	2	0
f26c2e4a-792e-5c79-9e33-078e59084343	chr3	133037233	133105514	3	2	1
f26c2e4a-792e-5c79-9e33-078e59084343	chr3	133109344	134371951	2	2	0
f26c2e4a-792e-5c79-9e33-078e59084343	chr3	134372999	134394450	4	3	1
f26c2e4a-792e-5c79-9e33-078e59084343	chr3	134403027	134459630	3	2	1
f26c2e4a-792e-5c79-9e33-078e59084343	chr3	134460611	140784530	2	2	0
f26c2e4a-792e-5c79-9e33-078e59084343	chr3	140788132	141057456	4	3	1
f26c2e4a-792e-5c79-9e33-078e59084343	chr3	141059226	145126363	2	2	0
f26c2e4a-792e-5c79-9e33-078e59084343	chr3	145129150	145403134	4	3	1
f26c2e4a-792e-5c79-9e33-078e59084343	chr3	145403780	150918437	3	3	0
f26c2e4a-792e-5c79-9e33-078e59084343	chr3	150918558	150989865	3	2	1
f26c2e4a-792e-5c79-9e33-078e59084343	chr3	150990017	154109468	2	2	0
f26c2e4a-792e-5c79-9e33-078e59084343	chr3	154109892	154587362	5	5	0
f26c2e4a-792e-5c79-9e33-078e59084343	chr3	154593112	158772378	2	2	0
f26c2e4a-792e-5c79-9e33-078e59084343	chr3	158775724	158850071	6	4	2
f26c2e4a-792e-5c79-9e33-078e59084343	chr3	158854456	165966737	2	2	0
f26c2e4a-792e-5c79-9e33-078e59084343	chr3	165969949	166059892	5	4	1
f26c2e4a-792e-5c79-9e33-078e59084343	chr3	166060214	166923086	2	2	0
f26c2e4a-792e-5c79-9e33-078e59084343	chr3	166932663	167442085	5	4	1
f26c2e4a-792e-5c79-9e33-078e59084343	chr3	167442170	168161292	3	3	0
f26c2e4a-792e-5c79-9e33-078e59084343	chr3	168161920	168197196	4	3	1
f26c2e4a-792e-5c79-9e33-078e59084343	chr3	168197456	168568101	3	3	0
f26c2e4a-792e-5c79-9e33-078e59084343	chr3	168572211	168698220	4	3	1
f26c2e4a-792e-5c79-9e33-078e59084343	chr3	168703548	170424256	2	2	0
f26c2e4a-792e-5c79-9e33-078e59084343	chr3	170430087	170506368	6	4	2
f26c2e4a-792e-5c79-9e33-078e59084343	chr3	170507315	172693211	2	2	0
f26c2e4a-792e-5c79-9e33-078e59084343	chr3	172700061	172762057	6	4	2
f26c2e4a-792e-5c79-9e33-078e59084343	chr3	172768083	179737823	3	3	0
f26c2e4a-792e-5c79-9e33-078e59084343	chr3	179737854	179822389	5	5	0
f26c2e4a-792e-5c79-9e33-078e59084343	chr3	179827082	186898516	2	2	0
f26c2e4a-792e-5c79-9e33-078e59084343	chr3	186899078	186992830	5	4	1
f26c2e4a-792e-5c79-9e33-078e59084343	chr3	186992849	188274664	2	2	0
f26c2e4a-792e-5c79-9e33-078e59084343	chr3	188274820	188292357	4	3	1
f26c2e4a-792e-5c79-9e33-078e59084343	chr3	188293387	189586813	3	3	0
f26c2e4a-792e-5c79-9e33-078e59084343	chr3	189587654	189718295	4	3	1
f26c2e4a-792e-5c79-9e33-078e59084343	chr3	189721190	191161779	2	2	0
f26c2e4a-792e-5c79-9e33-078e59084343	chr3	191162345	191241302	4	3	1
f26c2e4a-792e-5c79-9e33-078e59084343	chr3	191243674	192860330	2	2	0
f26c2e4a-792e-5c79-9e33-078e59084343	chr3	192863472	192971820	4	3	1
f26c2e4a-792e-5c79-9e33-078e59084343	chr3	192972548	196808042	2	2	0
f26c2e4a-792e-5c79-9e33-078e59084343	chr3	196808991	196978581	4	3	1
f26c2e4a-792e-5c79-9e33-078e59084343	chr3	196981081	198169247	2	2	0
f26c2e4a-792e-5c79-9e33-078e59084343	chr4	68929	8415902	1	1	0
f26c2e4a-792e-5c79-9e33-078e59084343	chr4	8417052	10700532	3	2	1
f26c2e4a-792e-5c79-9e33-078e59084343	chr4	10700944	24606856	4	2	2
f26c2e4a-792e-5c79-9e33-078e59084343	chr4	24607208	27163454	5	3	2
f26c2e4a-792e-5c79-9e33-078e59084343	chr4	27163939	30453569	6	4	2
f26c2e4a-792e-5c79-9e33-078e59084343	chr4	30454254	32324782	7	5	2
f26c2e4a-792e-5c79-9e33-078e59084343	chr4	32325627	36829435	6	4	2
f26c2e4a-792e-5c79-9e33-078e59084343	chr4	36834965	36839109	10	7	3
f26c2e4a-792e-5c79-9e33-078e59084343	chr4	36842087	37077255	6	4	2
f26c2e4a-792e-5c79-9e33-078e59084343	chr4	37077951	38119014	7	5	2
f26c2e4a-792e-5c79-9e33-078e59084343	chr4	38120641	39208967	6	4	2
f26c2e4a-792e-5c79-9e33-078e59084343	chr4	39210064	40268863	5	3	2
f26c2e4a-792e-5c79-9e33-078e59084343	chr4	40271737	42955105	7	5	2
f26c2e4a-792e-5c79-9e33-078e59084343	chr4	42955514	45921204	6	4	2
f26c2e4a-792e-5c79-9e33-078e59084343	chr4	45921331	48407270	7	5	2
f26c2e4a-792e-5c79-9e33-078e59084343	chr4	48407330	49656595	3	2	1
f26c2e4a-792e-5c79-9e33-078e59084343	chr4	51819533	57993901	7	4	3
f26c2e4a-792e-5c79-9e33-078e59084343	chr4	57999152	58449354	8	4	4
f26c2e4a-792e-5c79-9e33-078e59084343	chr4	58451203	59283499	7	4	3
f26c2e4a-792e-5c79-9e33-078e59084343	chr4	59286551	60429223	9	6	3
f26c2e4a-792e-5c79-9e33-078e59084343	chr4	60433225	61345319	7	6	1
f26c2e4a-792e-5c79-9e33-078e59084343	chr4	61349829	61361096	6	5	1
f26c2e4a-792e-5c79-9e33-078e59084343	chr4	61361145	61719064	4	3	1
f26c2e4a-792e-5c79-9e33-078e59084343	chr4	61720071	63471457	3	3	0
f26c2e4a-792e-5c79-9e33-078e59084343	chr4	63471882	64162806	6	3	3
f26c2e4a-792e-5c79-9e33-078e59084343	chr4	64163563	67403334	5	3	2
f26c2e4a-792e-5c79-9e33-078e59084343	chr4	67406413	69105345	3	2	1
f26c2e4a-792e-5c79-9e33-078e59084343	chr4	69105374	72206975	2	2	0
f26c2e4a-792e-5c79-9e33-078e59084343	chr4	72209086	72444609	8	6	2
f26c2e4a-792e-5c79-9e33-078e59084343	chr4	72445128	82595384	2	2	0
f26c2e4a-792e-5c79-9e33-078e59084343	chr4	82604490	84336466	7	5	2
f26c2e4a-792e-5c79-9e33-078e59084343	chr4	84337637	85085048	3	2	1
f26c2e4a-792e-5c79-9e33-078e59084343	chr4	85088372	85654584	8	6	2
f26c2e4a-792e-5c79-9e33-078e59084343	chr4	85654738	87071747	2	2	0
f26c2e4a-792e-5c79-9e33-078e59084343	chr4	87074735	87147991	4	4	0
f26c2e4a-792e-5c79-9e33-078e59084343	chr4	87148613	87365582	3	3	0
f26c2e4a-792e-5c79-9e33-078e59084343	chr4	87369113	88360422	6	3	3
f26c2e4a-792e-5c79-9e33-078e59084343	chr4	88360531	89835399	5	3	2
f26c2e4a-792e-5c79-9e33-078e59084343	chr4	89841046	91084191	8	5	3
f26c2e4a-792e-5c79-9e33-078e59084343	chr4	91084542	91599268	15	12	3
f26c2e4a-792e-5c79-9e33-078e59084343	chr4	91599891	92116326	9	6	3
f26c2e4a-792e-5c79-9e33-078e59084343	chr4	92129436	93766091	2	2	0
f26c2e4a-792e-5c79-9e33-078e59084343	chr4	93771195	93790138	8	6	2
f26c2e4a-792e-5c79-9e33-078e59084343	chr4	93793190	94191522	2	2	0
f26c2e4a-792e-5c79-9e33-078e59084343	chr4	94197606	95746623	9	6	3
f26c2e4a-792e-5c79-9e33-078e59084343	chr4	95746953	96004734	7	4	3
f26c2e4a-792e-5c79-9e33-078e59084343	chr4	96004759	96048751	2	2	0
f26c2e4a-792e-5c79-9e33-078e59084343	chr4	96049982	96166055	8	6	2
f26c2e4a-792e-5c79-9e33-078e59084343	chr4	96166454	97074215	2	2	0
f26c2e4a-792e-5c79-9e33-078e59084343	chr4	97077517	97126082	6	5	1
f26c2e4a-792e-5c79-9e33-078e59084343	chr4	97126188	97226893	9	7	2
f26c2e4a-792e-5c79-9e33-078e59084343	chr4	97229521	98049330	2	2	0
f26c2e4a-792e-5c79-9e33-078e59084343	chr4	98058171	98104106	8	6	2
f26c2e4a-792e-5c79-9e33-078e59084343	chr4	98104819	98815461	2	2	0
f26c2e4a-792e-5c79-9e33-078e59084343	chr4	98823295	98944642	6	5	1
f26c2e4a-792e-5c79-9e33-078e59084343	chr4	98946163	99326913	7	6	1
f26c2e4a-792e-5c79-9e33-078e59084343	chr4	99328491	99333778	8	8	0
f26c2e4a-792e-5c79-9e33-078e59084343	chr4	99334796	105111788	2	2	0
f26c2e4a-792e-5c79-9e33-078e59084343	chr4	105115264	107916955	6	3	3
f26c2e4a-792e-5c79-9e33-078e59084343	chr4	107917435	109770079	5	3	2
f26c2e4a-792e-5c79-9e33-078e59084343	chr4	109770897	118126327	2	2	0
f26c2e4a-792e-5c79-9e33-078e59084343	chr4	118132692	118321119	5	4	1
f26c2e4a-792e-5c79-9e33-078e59084343	chr4	118321889	119020403	2	2	0
f26c2e4a-792e-5c79-9e33-078e59084343	chr4	119020468	120720356	4	3	1
f26c2e4a-792e-5c79-9e33-078e59084343	chr4	120720766	121904141	3	2	1
f26c2e4a-792e-5c79-9e33-078e59084343	chr4	121904209	122358791	5	3	2
f26c2e4a-792e-5c79-9e33-078e59084343	chr4	122361442	122733535	8	6	2
f26c2e4a-792e-5c79-9e33-078e59084343	chr4	122737097	137018025	3	2	1
f26c2e4a-792e-5c79-9e33-078e59084343	chr4	137018090	137673574	2	2	0
f26c2e4a-792e-5c79-9e33-078e59084343	chr4	137674844	146859617	3	2	1
f26c2e4a-792e-5c79-9e33-078e59084343	chr4	146863203	147009994	7	5	2
f26c2e4a-792e-5c79-9e33-078e59084343	chr4	147011181	153577404	3	2	1
f26c2e4a-792e-5c79-9e33-078e59084343	chr4	153577896	190106768	2	2	0
f26c2e4a-792e-5c79-9e33-078e59084343	chr5	15532	2689785	5	3	2
f26c2e4a-792e-5c79-9e33-078e59084343	chr5	2690126	31111520	6	4	2
f26c2e4a-792e-5c79-9e33-078e59084343	chr5	31111871	37587468	5	3	2
f26c2e4a-792e-5c79-9e33-078e59084343	chr5	37590746	44860326	6	3	3
f26c2e4a-792e-5c79-9e33-078e59084343	chr5	44860355	54979291	4	3	1
f26c2e4a-792e-5c79-9e33-078e59084343	chr5	54979518	97234540	2	1	1
f26c2e4a-792e-5c79-9e33-078e59084343	chr5	97244301	177043430	3	2	1
f26c2e4a-792e-5c79-9e33-078e59084343	chr5	177049085	181363319	1	1	0
f26c2e4a-792e-5c79-9e33-078e59084343	chr6	149661	249810	4	3	1
f26c2e4a-792e-5c79-9e33-078e59084343	chr6	250561	534856	4	2	2
f26c2e4a-792e-5c79-9e33-078e59084343	chr6	534989	23519355	5	3	2
f26c2e4a-792e-5c79-9e33-078e59084343	chr6	23520634	44163534	4	2	2
f26c2e4a-792e-5c79-9e33-078e59084343	chr6	44163755	58432750	5	3	2
f26c2e4a-792e-5c79-9e33-078e59084343	chr6	58448438	85167325	2	2	0
f26c2e4a-792e-5c79-9e33-078e59084343	chr6	85167536	85192179	3	3	0
f26c2e4a-792e-5c79-9e33-078e59084343	chr6	85192867	103972296	2	2	0
f26c2e4a-792e-5c79-9e33-078e59084343	chr6	103973194	105031874	4	2	2
f26c2e4a-792e-5c79-9e33-078e59084343	chr6	105038138	131867111	2	2	0
f26c2e4a-792e-5c79-9e33-078e59084343	chr6	131869286	142345509	3	2	1
f26c2e4a-792e-5c79-9e33-078e59084343	chr6	142345724	142567236	2	1	1
f26c2e4a-792e-5c79-9e33-078e59084343	chr6	142568467	170741917	2	2	0
f26c2e4a-792e-5c79-9e33-078e59084343	chr7	43259	63033219	3	2	1
f26c2e4a-792e-5c79-9e33-078e59084343	chr7	63034357	137529508	4	3	1
f26c2e4a-792e-5c79-9e33-078e59084343	chr7	137530341	138057968	5	3	2
f26c2e4a-792e-5c79-9e33-078e59084343	chr7	138057983	148182771	4	3	1
f26c2e4a-792e-5c79-9e33-078e59084343	chr7	148183071	159334314	3	2	1
f26c2e4a-792e-5c79-9e33-078e59084343	chr8	81254	10549687	2	1	1
f26c2e4a-792e-5c79-9e33-078e59084343	chr8	10549889	29276173	3	2	1
f26c2e4a-792e-5c79-9e33-078e59084343	chr8	29279108	29444880	4	3	1
f26c2e4a-792e-5c79-9e33-078e59084343	chr8	29446563	36843633	3	2	1
f26c2e4a-792e-5c79-9e33-078e59084343	chr8	36843782	37523454	5	4	1
f26c2e4a-792e-5c79-9e33-078e59084343	chr8	37524458	46012500	3	2	1
f26c2e4a-792e-5c79-9e33-078e59084343	chr8	46012589	106927241	4	3	1
f26c2e4a-792e-5c79-9e33-078e59084343	chr8	106927468	108327358	6	5	1
f26c2e4a-792e-5c79-9e33-078e59084343	chr8	108327919	115529218	7	6	1
f26c2e4a-792e-5c79-9e33-078e59084343	chr8	115529544	123681574	6	5	1
f26c2e4a-792e-5c79-9e33-078e59084343	chr8	123682831	124704319	7	6	1
f26c2e4a-792e-5c79-9e33-078e59084343	chr8	124705102	126619399	4	3	1
f26c2e4a-792e-5c79-9e33-078e59084343	chr8	126622605	127615511	12	11	1
f26c2e4a-792e-5c79-9e33-078e59084343	chr8	127617878	129535007	11	10	1
f26c2e4a-792e-5c79-9e33-078e59084343	chr8	129535302	139950807	4	3	1
f26c2e4a-792e-5c79-9e33-078e59084343	chr8	139950981	145072769	3	2	1
f26c2e4a-792e-5c79-9e33-078e59084343	chr9	46587	32425678	4	2	2
f26c2e4a-792e-5c79-9e33-078e59084343	chr9	32425912	41741113	3	2	1
f26c2e4a-792e-5c79-9e33-078e59084343	chr9	60863881	122522170	5	3	2
f26c2e4a-792e-5c79-9e33-078e59084343	chr9	122527242	135827135	4	2	2
f26c2e4a-792e-5c79-9e33-078e59084343	chr9	135827810	138200944	3	2	1
f26c2e4a-792e-5c79-9e33-078e59084343	chr10	45792	42350947	3	2	1
f26c2e4a-792e-5c79-9e33-078e59084343	chr10	42355411	45761333	2	1	1
f26c2e4a-792e-5c79-9e33-078e59084343	chr10	45798061	46522571	4	2	2
f26c2e4a-792e-5c79-9e33-078e59084343	chr10	46525652	49074727	2	1	1
f26c2e4a-792e-5c79-9e33-078e59084343	chr10	49075501	51038085	1	1	0
f26c2e4a-792e-5c79-9e33-078e59084343	chr10	51038127	51283959	2	1	1
f26c2e4a-792e-5c79-9e33-078e59084343	chr10	51284795	53573703	1	1	0
f26c2e4a-792e-5c79-9e33-078e59084343	chr10	53578309	53780287	0	0	0
f26c2e4a-792e-5c79-9e33-078e59084343	chr10	53780447	66874176	1	1	0
f26c2e4a-792e-5c79-9e33-078e59084343	chr10	66875312	66895658	2	2	0
f26c2e4a-792e-5c79-9e33-078e59084343	chr10	66896728	133654968	1	1	0
f26c2e4a-792e-5c79-9e33-078e59084343	chr11	198510	19418633	3	2	1
f26c2e4a-792e-5c79-9e33-078e59084343	chr11	19418749	19419680	6	3	3
f26c2e4a-792e-5c79-9e33-078e59084343	chr11	19420311	79827765	3	2	1
f26c2e4a-792e-5c79-9e33-078e59084343	chr11	79828442	79959404	2	1	1
f26c2e4a-792e-5c79-9e33-078e59084343	chr11	79959849	80599740	1	1	0
f26c2e4a-792e-5c79-9e33-078e59084343	chr11	80600022	115554467	4	3	1
f26c2e4a-792e-5c79-9e33-078e59084343	chr11	115556216	135074876	3	2	1
f26c2e4a-792e-5c79-9e33-078e59084343	chr12	51460	9477960	3	2	1
f26c2e4a-792e-5c79-9e33-078e59084343	chr12	9481274	9575696	0	0	0
f26c2e4a-792e-5c79-9e33-078e59084343	chr12	9582373	67999382	3	2	1
f26c2e4a-792e-5c79-9e33-078e59084343	chr12	67999900	73656742	4	2	2
f26c2e4a-792e-5c79-9e33-078e59084343	chr12	73661028	133201603	3	2	1
f26c2e4a-792e-5c79-9e33-078e59084343	chr13	18452809	25172242	2	2	0
f26c2e4a-792e-5c79-9e33-078e59084343	chr13	25178622	25314770	12	10	2
f26c2e4a-792e-5c79-9e33-078e59084343	chr13	25316302	25475500	9	6	3
f26c2e4a-792e-5c79-9e33-078e59084343	chr13	25479396	52104524	2	2	0
f26c2e4a-792e-5c79-9e33-078e59084343	chr13	52110115	52606124	4	4	0
f26c2e4a-792e-5c79-9e33-078e59084343	chr13	52614272	55345614	2	2	0
f26c2e4a-792e-5c79-9e33-078e59084343	chr13	55346236	57282947	1	1	0
f26c2e4a-792e-5c79-9e33-078e59084343	chr13	57289601	61520654	2	2	0
f26c2e4a-792e-5c79-9e33-078e59084343	chr13	61527326	63279208	3	3	0
f26c2e4a-792e-5c79-9e33-078e59084343	chr13	63279384	65024295	2	2	0
f26c2e4a-792e-5c79-9e33-078e59084343	chr13	65024336	68685586	1	1	0
f26c2e4a-792e-5c79-9e33-078e59084343	chr13	68685607	68694110	0	0	0
f26c2e4a-792e-5c79-9e33-078e59084343	chr13	68694987	84885148	1	1	0
f26c2e4a-792e-5c79-9e33-078e59084343	chr13	84889063	101653315	2	2	0
f26c2e4a-792e-5c79-9e33-078e59084343	chr13	101653479	101907089	4	4	0
f26c2e4a-792e-5c79-9e33-078e59084343	chr13	101910414	108971276	2	2	0
f26c2e4a-792e-5c79-9e33-078e59084343	chr13	108972952	109226874	4	4	0
f26c2e4a-792e-5c79-9e33-078e59084343	chr13	109227827	110011711	2	2	0
f26c2e4a-792e-5c79-9e33-078e59084343	chr13	110015090	110227207	3	3	0
f26c2e4a-792e-5c79-9e33-078e59084343	chr13	110228639	111483600	2	2	0
f26c2e4a-792e-5c79-9e33-078e59084343	chr13	111483820	112116966	3	3	0
f26c2e4a-792e-5c79-9e33-078e59084343	chr13	112117185	114342922	4	4	0
f26c2e4a-792e-5c79-9e33-078e59084343	chr14	18239283	19954095	5	3	2
f26c2e4a-792e-5c79-9e33-078e59084343	chr14	19954424	25416551	4	2	2
f26c2e4a-792e-5c79-9e33-078e59084343	chr14	25416720	25427484	7	4	3
f26c2e4a-792e-5c79-9e33-078e59084343	chr14	25428089	34114637	5	3	2
f26c2e4a-792e-5c79-9e33-078e59084343	chr14	34114875	68408880	4	2	2
f26c2e4a-792e-5c79-9e33-078e59084343	chr14	68411321	69829478	7	5	2
f26c2e4a-792e-5c79-9e33-078e59084343	chr14	69830172	69851920	5	5	0
f26c2e4a-792e-5c79-9e33-078e59084343	chr14	69854146	99551024	4	2	2
f26c2e4a-792e-5c79-9e33-078e59084343	chr14	99551085	99556527	2	1	1
f26c2e4a-792e-5c79-9e33-078e59084343	chr14	99557059	105758187	3	2	1
f26c2e4a-792e-5c79-9e33-078e59084343	chr14	105779965	106365807	8	8	0
f26c2e4a-792e-5c79-9e33-078e59084343	chr14	106369985	106877229	4	2	2
f26c2e4a-792e-5c79-9e33-078e59084343	chr15	19811075	24215647	2	2	0
f26c2e4a-792e-5c79-9e33-078e59084343	chr15	24215679	24601179	3	3	0
f26c2e4a-792e-5c79-9e33-078e59084343	chr15	24601440	29477386	6	3	3
f26c2e4a-792e-5c79-9e33-078e59084343	chr15	29479861	47274880	2	2	0
f26c2e4a-792e-5c79-9e33-078e59084343	chr15	47276509	49654413	6	4	2
f26c2e4a-792e-5c79-9e33-078e59084343	chr15	49660643	49979888	3	2	1
f26c2e4a-792e-5c79-9e33-078e59084343	chr15	49980014	61623675	2	2	0
f26c2e4a-792e-5c79-9e33-078e59084343	chr15	61624498	62020394	3	2	1
f26c2e4a-792e-5c79-9e33-078e59084343	chr15	62020641	65728912	2	2	0
f26c2e4a-792e-5c79-9e33-078e59084343	chr15	65732069	74324289	4	2	2
f26c2e4a-792e-5c79-9e33-078e59084343	chr15	74326035	75873590	4	3	1
f26c2e4a-792e-5c79-9e33-078e59084343	chr15	75875641	101928837	4	2	2
f26c2e4a-792e-5c79-9e33-078e59084343	chr16	10777	12439764	3	2	1
f26c2e4a-792e-5c79-9e33-078e59084343	chr16	12439892	12454421	4	3	1
f26c2e4a-792e-5c79-9e33-078e59084343	chr16	12456696	32169655	3	2	1
f26c2e4a-792e-5c79-9e33-078e59084343	chr16	32197425	35090672	4	4	0
f26c2e4a-792e-5c79-9e33-078e59084343	chr16	35092010	48847518	1	1	0
f26c2e4a-792e-5c79-9e33-078e59084343	chr16	48848885	82945503	2	2	0
f26c2e4a-792e-5c79-9e33-078e59084343	chr16	82945668	86154515	3	2	1
f26c2e4a-792e-5c79-9e33-078e59084343	chr16	86157510	90096867	2	1	1
f26c2e4a-792e-5c79-9e33-078e59084343	chr17	150733	15897189	2	2	0
f26c2e4a-792e-5c79-9e33-078e59084343	chr17	15897249	18109461	6	4	2
f26c2e4a-792e-5c79-9e33-078e59084343	chr17	18110489	18973270	9	5	4
f26c2e4a-792e-5c79-9e33-078e59084343	chr17	18973283	22181596	5	3	2
f26c2e4a-792e-5c79-9e33-078e59084343	chr17	22182627	26943774	8	5	3
f26c2e4a-792e-5c79-9e33-078e59084343	chr17	26947350	27947963	1	1	0
f26c2e4a-792e-5c79-9e33-078e59084343	chr17	27955549	28578909	6	5	1
f26c2e4a-792e-5c79-9e33-078e59084343	chr17	28583554	32645009	4	3	1
f26c2e4a-792e-5c79-9e33-078e59084343	chr17	32647481	33576986	2	1	1
f26c2e4a-792e-5c79-9e33-078e59084343	chr17	33577173	37050640	3	2	1
f26c2e4a-792e-5c79-9e33-078e59084343	chr17	37051137	37235109	6	3	3
f26c2e4a-792e-5c79-9e33-078e59084343	chr17	37235702	39186594	4	2	2
f26c2e4a-792e-5c79-9e33-078e59084343	chr17	39193016	52264470	3	2	1
f26c2e4a-792e-5c79-9e33-078e59084343	chr17	52264752	52651642	4	3	1
f26c2e4a-792e-5c79-9e33-078e59084343	chr17	52652091	52663335	5	4	1
f26c2e4a-792e-5c79-9e33-078e59084343	chr17	52663641	52686278	6	5	1
f26c2e4a-792e-5c79-9e33-078e59084343	chr17	52686292	55286939	3	2	1
f26c2e4a-792e-5c79-9e33-078e59084343	chr17	55287004	55486961	4	3	1
f26c2e4a-792e-5c79-9e33-078e59084343	chr17	55487488	58668244	3	2	1
f26c2e4a-792e-5c79-9e33-078e59084343	chr17	58669769	58770639	7	7	0
f26c2e4a-792e-5c79-9e33-078e59084343	chr17	58771923	59820498	3	2	1
f26c2e4a-792e-5c79-9e33-078e59084343	chr17	59836174	62351641	7	6	1
f26c2e4a-792e-5c79-9e33-078e59084343	chr17	62352546	62850993	9	9	0
f26c2e4a-792e-5c79-9e33-078e59084343	chr17	62861823	63479193	13	13	0
f26c2e4a-792e-5c79-9e33-078e59084343	chr17	63480815	65084044	7	6	1
f26c2e4a-792e-5c79-9e33-078e59084343	chr17	65087820	71014425	8	7	1
f26c2e4a-792e-5c79-9e33-078e59084343	chr17	71014982	71441755	9	9	0
f26c2e4a-792e-5c79-9e33-078e59084343	chr17	71443890	72898302	8	7	1
f26c2e4a-792e-5c79-9e33-078e59084343	chr17	72901003	74632983	6	5	1
f26c2e4a-792e-5c79-9e33-078e59084343	chr17	74634292	75093757	7	5	2
f26c2e4a-792e-5c79-9e33-078e59084343	chr17	75097248	76241453	5	5	0
f26c2e4a-792e-5c79-9e33-078e59084343	chr17	76243540	83091923	3	3	0
f26c2e4a-792e-5c79-9e33-078e59084343	chr18	48133	2068871	4	2	2
f26c2e4a-792e-5c79-9e33-078e59084343	chr18	2069950	11063872	3	2	1
f26c2e4a-792e-5c79-9e33-078e59084343	chr18	11064410	11071006	6	3	3
f26c2e4a-792e-5c79-9e33-078e59084343	chr18	11071007	15402409	4	2	2
f26c2e4a-792e-5c79-9e33-078e59084343	chr18	20949392	41880321	2	1	1
f26c2e4a-792e-5c79-9e33-078e59084343	chr18	41881122	76619392	3	2	1
f26c2e4a-792e-5c79-9e33-078e59084343	chr18	76620997	76779719	5	4	1
f26c2e4a-792e-5c79-9e33-078e59084343	chr18	76779997	78578213	5	3	2
f26c2e4a-792e-5c79-9e33-078e59084343	chr18	78578483	80257174	4	2	2
f26c2e4a-792e-5c79-9e33-078e59084343	chr19	90910	7079620	3	2	1
f26c2e4a-792e-5c79-9e33-078e59084343	chr19	7080768	7883458	5	3	2
f26c2e4a-792e-5c79-9e33-078e59084343	chr19	7884019	9566909	3	2	1
f26c2e4a-792e-5c79-9e33-078e59084343	chr19	9574461	10137323	5	3	2
f26c2e4a-792e-5c79-9e33-078e59084343	chr19	10144436	12373771	3	2	1
f26c2e4a-792e-5c79-9e33-078e59084343	chr19	12375414	13780023	5	3	2
f26c2e4a-792e-5c79-9e33-078e59084343	chr19	13780714	19458148	3	2	1
f26c2e4a-792e-5c79-9e33-078e59084343	chr19	19459519	27281117	4	3	1
f26c2e4a-792e-5c79-9e33-078e59084343	chr19	27286478	33450856	3	2	1
f26c2e4a-792e-5c79-9e33-078e59084343	chr19	33455987	53731099	2	1	1
f26c2e4a-792e-5c79-9e33-078e59084343	chr19	53731114	57071126	3	2	1
f26c2e4a-792e-5c79-9e33-078e59084343	chr19	57071398	57453589	4	3	1
f26c2e4a-792e-5c79-9e33-078e59084343	chr19	57454809	58586487	3	2	1
f26c2e4a-792e-5c79-9e33-078e59084343	chr20	80664	8770951	3	2	1
f26c2e4a-792e-5c79-9e33-078e59084343	chr20	8772621	9212118	4	2	2
f26c2e4a-792e-5c79-9e33-078e59084343	chr20	9214326	9699958	5	3	2
f26c2e4a-792e-5c79-9e33-078e59084343	chr20	9700700	20933599	3	2	1
f26c2e4a-792e-5c79-9e33-078e59084343	chr20	20934246	26324855	2	1	1
f26c2e4a-792e-5c79-9e33-078e59084343	chr20	26324943	64324800	3	2	1
f26c2e4a-792e-5c79-9e33-078e59084343	chr21	12973348	15624877	5	3	2
f26c2e4a-792e-5c79-9e33-078e59084343	chr21	15627809	23093140	6	4	2
f26c2e4a-792e-5c79-9e33-078e59084343	chr21	23093311	34353784	4	2	2
f26c2e4a-792e-5c79-9e33-078e59084343	chr21	34353927	38469525	6	4	2
f26c2e4a-792e-5c79-9e33-078e59084343	chr21	38469690	41706656	5	3	2
f26c2e4a-792e-5c79-9e33-078e59084343	chr21	41707156	44974217	4	3	1
f26c2e4a-792e-5c79-9e33-078e59084343	chr21	44988315	45707865	5	4	1
f26c2e4a-792e-5c79-9e33-078e59084343	chr21	45709100	46677045	4	3	1
f26c2e4a-792e-5c79-9e33-078e59084343	chr22	16392123	19069402	3	2	1
f26c2e4a-792e-5c79-9e33-078e59084343	chr22	19069830	21619030	4	3	1
f26c2e4a-792e-5c79-9e33-078e59084343	chr22	21619355	22920558	3	2	1
f26c2e4a-792e-5c79-9e33-078e59084343	chr22	22920663	50796027	2	1	1
f26c2e4a-792e-5c79-9e33-078e59084343	chrX	251810	1006176	3	2	1
f26c2e4a-792e-5c79-9e33-078e59084343	chrX	1007312	1675440	4	3	1
f26c2e4a-792e-5c79-9e33-078e59084343	chrX	1678652	2789693	4	2	2
f26c2e4a-792e-5c79-9e33-078e59084343	chrX	2791984	3392297	3	2	1
f26c2e4a-792e-5c79-9e33-078e59084343	chrX	3392708	15207441	1	1	0
f26c2e4a-792e-5c79-9e33-078e59084343	chrX	15207628	17766152	2	2	0
f26c2e4a-792e-5c79-9e33-078e59084343	chrX	17766432	33046669	1	1	0
f26c2e4a-792e-5c79-9e33-078e59084343	chrX	33053231	33285348	0	0	0
f26c2e4a-792e-5c79-9e33-078e59084343	chrX	33286753	39834859	1	1	0
f26c2e4a-792e-5c79-9e33-078e59084343	chrX	39837364	43244723	2	2	0
f26c2e4a-792e-5c79-9e33-078e59084343	chrX	43245898	45767274	3	3	0
f26c2e4a-792e-5c79-9e33-078e59084343	chrX	45769458	52355595	1	1	0
f26c2e4a-792e-5c79-9e33-078e59084343	chrX	52425586	55335803	4	3	1
f26c2e4a-792e-5c79-9e33-078e59084343	chrX	55335832	56431373	2	2	0
f26c2e4a-792e-5c79-9e33-078e59084343	chrX	56443062	58289627	3	3	0
f26c2e4a-792e-5c79-9e33-078e59084343	chrX	58291553	135746479	1	1	0
f26c2e4a-792e-5c79-9e33-078e59084343	chrX	135746661	141622116	2	2	0
f26c2e4a-792e-5c79-9e33-078e59084343	chrX	141623029	149528984	3	2	1
f26c2e4a-792e-5c79-9e33-078e59084343	chrX	149530916	156004181	2	2	0
f26c2e4a-792e-5c79-9e33-078e59084343	chrY	2782397	26318193	3	2	1
f26c2e4a-792e-5c79-9e33-078e59084343	chrY	26318549	26447305	0	0	0
f26c2e4a-792e-5c79-9e33-078e59084343	chrY	26447374	26653788	1	1	0
f26c2e4a-792e-5c79-9e33-078e59084343	chrY	56872112	56872112	0	0	0
