GDC_Aliquot	Chromosome	Start	End	Copy_Number	Major_Copy_Number	Minor_Copy_Number
ec8204b3-8fc5-534d-8614-a262fad79c92	chr1	62920	33086544	4	2	2
ec8204b3-8fc5-534d-8614-a262fad79c92	chr1	33088048	63247358	3	2	1
ec8204b3-8fc5-534d-8614-a262fad79c92	chr1	63251087	64214806	9	7	2
ec8204b3-8fc5-534d-8614-a262fad79c92	chr1	64214916	67643930	7	5	2
ec8204b3-8fc5-534d-8614-a262fad79c92	chr1	67644113	67672089	5	4	1
ec8204b3-8fc5-534d-8614-a262fad79c92	chr1	67672180	70573347	8	6	2
ec8204b3-8fc5-534d-8614-a262fad79c92	chr1	70573398	71124711	3	2	1
ec8204b3-8fc5-534d-8614-a262fad79c92	chr1	71125194	73275522	2	2	0
ec8204b3-8fc5-534d-8614-a262fad79c92	chr1	73278190	73382205	6	5	1
ec8204b3-8fc5-534d-8614-a262fad79c92	chr1	73382446	74450881	7	5	2
ec8204b3-8fc5-534d-8614-a262fad79c92	chr1	74452343	74630755	9	7	2
ec8204b3-8fc5-534d-8614-a262fad79c92	chr1	74632101	75537355	5	3	2
ec8204b3-8fc5-534d-8614-a262fad79c92	chr1	75537368	76681704	2	2	0
ec8204b3-8fc5-534d-8614-a262fad79c92	chr1	76681869	78483453	10	8	2
ec8204b3-8fc5-534d-8614-a262fad79c92	chr1	78489576	78560515	4	3	1
ec8204b3-8fc5-534d-8614-a262fad79c92	chr1	78560802	78659617	6	4	2
ec8204b3-8fc5-534d-8614-a262fad79c92	chr1	78660234	79748794	9	7	2
ec8204b3-8fc5-534d-8614-a262fad79c92	chr1	79752889	79823752	17	13	4
ec8204b3-8fc5-534d-8614-a262fad79c92	chr1	79823950	80124295	16	14	2
ec8204b3-8fc5-534d-8614-a262fad79c92	chr1	80125272	81397623	9	7	2
ec8204b3-8fc5-534d-8614-a262fad79c92	chr1	81397989	81771158	18	16	2
ec8204b3-8fc5-534d-8614-a262fad79c92	chr1	81771638	82466350	13	11	2
ec8204b3-8fc5-534d-8614-a262fad79c92	chr1	82472172	83651293	10	8	2
ec8204b3-8fc5-534d-8614-a262fad79c92	chr1	83654199	84375437	5	3	2
ec8204b3-8fc5-534d-8614-a262fad79c92	chr1	84377373	85368804	14	12	2
ec8204b3-8fc5-534d-8614-a262fad79c92	chr1	85372730	86657031	20	18	2
ec8204b3-8fc5-534d-8614-a262fad79c92	chr1	86657086	89475219	7	5	2
ec8204b3-8fc5-534d-8614-a262fad79c92	chr1	89478791	89688791	18	16	2
ec8204b3-8fc5-534d-8614-a262fad79c92	chr1	89689979	90548641	25	23	2
ec8204b3-8fc5-534d-8614-a262fad79c92	chr1	90557612	91498182	13	11	2
ec8204b3-8fc5-534d-8614-a262fad79c92	chr1	91500849	91692251	19	17	2
ec8204b3-8fc5-534d-8614-a262fad79c92	chr1	91692890	93785710	14	12	2
ec8204b3-8fc5-534d-8614-a262fad79c92	chr1	93799040	98163874	6	4	2
ec8204b3-8fc5-534d-8614-a262fad79c92	chr1	98167419	98467685	17	14	3
ec8204b3-8fc5-534d-8614-a262fad79c92	chr1	98479141	101335751	7	5	2
ec8204b3-8fc5-534d-8614-a262fad79c92	chr1	101336599	105099931	4	2	2
ec8204b3-8fc5-534d-8614-a262fad79c92	chr1	105100939	105327065	9	6	3
ec8204b3-8fc5-534d-8614-a262fad79c92	chr1	105329892	107523560	4	2	2
ec8204b3-8fc5-534d-8614-a262fad79c92	chr1	107524610	108967060	6	4	2
ec8204b3-8fc5-534d-8614-a262fad79c92	chr1	108968731	121705338	4	2	2
ec8204b3-8fc5-534d-8614-a262fad79c92	chr1	143541857	178370370	5	4	1
ec8204b3-8fc5-534d-8614-a262fad79c92	chr1	178373684	248247755	3	2	1
ec8204b3-8fc5-534d-8614-a262fad79c92	chr1	248247787	248930189	2	1	1
ec8204b3-8fc5-534d-8614-a262fad79c92	chr2	12784	7266171	4	2	2
ec8204b3-8fc5-534d-8614-a262fad79c92	chr2	7266607	7276130	7	4	3
ec8204b3-8fc5-534d-8614-a262fad79c92	chr2	7276227	14212200	4	2	2
ec8204b3-8fc5-534d-8614-a262fad79c92	chr2	14213786	14232571	10	7	3
ec8204b3-8fc5-534d-8614-a262fad79c92	chr2	14239203	65143632	4	2	2
ec8204b3-8fc5-534d-8614-a262fad79c92	chr2	65144417	65408085	3	2	1
ec8204b3-8fc5-534d-8614-a262fad79c92	chr2	65408554	124698922	4	2	2
ec8204b3-8fc5-534d-8614-a262fad79c92	chr2	124702098	129346835	5	3	2
ec8204b3-8fc5-534d-8614-a262fad79c92	chr2	129346977	139622559	4	2	2
ec8204b3-8fc5-534d-8614-a262fad79c92	chr2	139622759	141264281	5	3	2
ec8204b3-8fc5-534d-8614-a262fad79c92	chr2	141265631	242147305	3	2	1
ec8204b3-8fc5-534d-8614-a262fad79c92	chr3	20930	3553897	5	3	2
ec8204b3-8fc5-534d-8614-a262fad79c92	chr3	3555253	17141439	4	2	2
ec8204b3-8fc5-534d-8614-a262fad79c92	chr3	17143148	17166775	7	4	3
ec8204b3-8fc5-534d-8614-a262fad79c92	chr3	17167206	40968762	4	2	2
ec8204b3-8fc5-534d-8614-a262fad79c92	chr3	40969979	41328867	3	2	1
ec8204b3-8fc5-534d-8614-a262fad79c92	chr3	41329367	73314000	4	2	2
ec8204b3-8fc5-534d-8614-a262fad79c92	chr3	73314094	73326220	2	1	1
ec8204b3-8fc5-534d-8614-a262fad79c92	chr3	73326862	90406012	4	2	2
ec8204b3-8fc5-534d-8614-a262fad79c92	chr3	90436486	98035303	2	2	0
ec8204b3-8fc5-534d-8614-a262fad79c92	chr3	98035326	98068497	1	1	0
ec8204b3-8fc5-534d-8614-a262fad79c92	chr3	98068842	115935626	2	2	0
ec8204b3-8fc5-534d-8614-a262fad79c92	chr3	115937707	116638195	0	0	0
ec8204b3-8fc5-534d-8614-a262fad79c92	chr3	116642813	117021777	2	2	0
ec8204b3-8fc5-534d-8614-a262fad79c92	chr3	117022414	117251931	0	0	0
ec8204b3-8fc5-534d-8614-a262fad79c92	chr3	117252356	117272022	1	1	0
ec8204b3-8fc5-534d-8614-a262fad79c92	chr3	117272754	182504640	3	2	1
ec8204b3-8fc5-534d-8614-a262fad79c92	chr3	182504922	182510798	1	1	0
ec8204b3-8fc5-534d-8614-a262fad79c92	chr3	182513695	188697360	3	2	1
ec8204b3-8fc5-534d-8614-a262fad79c92	chr3	188697573	198169247	4	2	2
ec8204b3-8fc5-534d-8614-a262fad79c92	chr4	68929	4295724	3	2	1
ec8204b3-8fc5-534d-8614-a262fad79c92	chr4	4296069	4306924	2	1	1
ec8204b3-8fc5-534d-8614-a262fad79c92	chr4	4307950	11827010	4	2	2
ec8204b3-8fc5-534d-8614-a262fad79c92	chr4	11834400	11840509	2	1	1
ec8204b3-8fc5-534d-8614-a262fad79c92	chr4	11844111	189508009	4	2	2
ec8204b3-8fc5-534d-8614-a262fad79c92	chr4	189511684	190106768	3	2	1
ec8204b3-8fc5-534d-8614-a262fad79c92	chr5	15532	44860326	4	2	2
ec8204b3-8fc5-534d-8614-a262fad79c92	chr5	44860355	68011967	3	2	1
ec8204b3-8fc5-534d-8614-a262fad79c92	chr5	68012193	84737826	4	2	2
ec8204b3-8fc5-534d-8614-a262fad79c92	chr5	84738709	84741553	2	1	1
ec8204b3-8fc5-534d-8614-a262fad79c92	chr5	84747242	114950022	4	2	2
ec8204b3-8fc5-534d-8614-a262fad79c92	chr5	114950413	142277152	3	2	1
ec8204b3-8fc5-534d-8614-a262fad79c92	chr5	142277680	143047226	5	3	2
ec8204b3-8fc5-534d-8614-a262fad79c92	chr5	143048241	147544472	3	2	1
ec8204b3-8fc5-534d-8614-a262fad79c92	chr5	147544528	163067283	2	2	0
ec8204b3-8fc5-534d-8614-a262fad79c92	chr5	163075568	167825696	0	0	0
ec8204b3-8fc5-534d-8614-a262fad79c92	chr5	167825751	173282285	1	1	0
ec8204b3-8fc5-534d-8614-a262fad79c92	chr5	173282957	175813204	3	3	0
ec8204b3-8fc5-534d-8614-a262fad79c92	chr5	175813813	181363319	2	2	0
ec8204b3-8fc5-534d-8614-a262fad79c92	chr6	149661	24609131	4	2	2
ec8204b3-8fc5-534d-8614-a262fad79c92	chr6	24609681	28340257	2	2	0
ec8204b3-8fc5-534d-8614-a262fad79c92	chr6	28341359	29913570	3	2	1
ec8204b3-8fc5-534d-8614-a262fad79c92	chr6	29928196	38165254	4	2	2
ec8204b3-8fc5-534d-8614-a262fad79c92	chr6	38165646	38253996	10	8	2
ec8204b3-8fc5-534d-8614-a262fad79c92	chr6	38254242	38638783	7	5	2
ec8204b3-8fc5-534d-8614-a262fad79c92	chr6	38641138	39138127	9	7	2
ec8204b3-8fc5-534d-8614-a262fad79c92	chr6	39138500	41036425	11	9	2
ec8204b3-8fc5-534d-8614-a262fad79c92	chr6	41038941	41274045	18	16	2
ec8204b3-8fc5-534d-8614-a262fad79c92	chr6	41276002	41354268	10	8	2
ec8204b3-8fc5-534d-8614-a262fad79c92	chr6	41356568	43593083	16	14	2
ec8204b3-8fc5-534d-8614-a262fad79c92	chr6	43593571	45588526	13	11	2
ec8204b3-8fc5-534d-8614-a262fad79c92	chr6	45596235	51120809	3	2	1
ec8204b3-8fc5-534d-8614-a262fad79c92	chr6	51234458	60351931	4	2	2
ec8204b3-8fc5-534d-8614-a262fad79c92	chr6	60352984	63373555	5	4	1
ec8204b3-8fc5-534d-8614-a262fad79c92	chr6	63374411	78521617	1	1	0
ec8204b3-8fc5-534d-8614-a262fad79c92	chr6	78522444	80669895	9	8	1
ec8204b3-8fc5-534d-8614-a262fad79c92	chr6	80670207	81183951	7	6	1
ec8204b3-8fc5-534d-8614-a262fad79c92	chr6	81186377	82038192	9	8	1
ec8204b3-8fc5-534d-8614-a262fad79c92	chr6	82040038	83785758	1	1	0
ec8204b3-8fc5-534d-8614-a262fad79c92	chr6	83788151	85296316	10	9	1
ec8204b3-8fc5-534d-8614-a262fad79c92	chr6	85300316	87533009	1	1	0
ec8204b3-8fc5-534d-8614-a262fad79c92	chr6	87533462	89965199	11	10	1
ec8204b3-8fc5-534d-8614-a262fad79c92	chr6	89965845	90868096	9	8	1
ec8204b3-8fc5-534d-8614-a262fad79c92	chr6	90869823	99600774	1	1	0
ec8204b3-8fc5-534d-8614-a262fad79c92	chr6	99606369	103286954	3	2	1
ec8204b3-8fc5-534d-8614-a262fad79c92	chr6	103290101	103320921	0	0	0
ec8204b3-8fc5-534d-8614-a262fad79c92	chr6	103322942	104177784	3	2	1
ec8204b3-8fc5-534d-8614-a262fad79c92	chr6	104178247	106180035	1	1	0
ec8204b3-8fc5-534d-8614-a262fad79c92	chr6	106181838	106854839	3	2	1
ec8204b3-8fc5-534d-8614-a262fad79c92	chr6	106854909	109490220	5	4	1
ec8204b3-8fc5-534d-8614-a262fad79c92	chr6	109490949	118135125	1	1	0
ec8204b3-8fc5-534d-8614-a262fad79c92	chr6	118138519	119206001	5	4	1
ec8204b3-8fc5-534d-8614-a262fad79c92	chr6	119206246	119257483	4	3	1
ec8204b3-8fc5-534d-8614-a262fad79c92	chr6	119262270	121301484	1	1	0
ec8204b3-8fc5-534d-8614-a262fad79c92	chr6	121303941	121581342	2	2	0
ec8204b3-8fc5-534d-8614-a262fad79c92	chr6	121581723	132858938	1	1	0
ec8204b3-8fc5-534d-8614-a262fad79c92	chr6	132864449	132960403	3	2	1
ec8204b3-8fc5-534d-8614-a262fad79c92	chr6	132960548	136277168	1	1	0
ec8204b3-8fc5-534d-8614-a262fad79c92	chr6	136280350	136552876	23	23	0
ec8204b3-8fc5-534d-8614-a262fad79c92	chr6	136553182	137165973	18	17	1
ec8204b3-8fc5-534d-8614-a262fad79c92	chr6	137166716	138982900	29	29	0
ec8204b3-8fc5-534d-8614-a262fad79c92	chr6	138982928	139851353	22	22	0
ec8204b3-8fc5-534d-8614-a262fad79c92	chr6	139851376	139944025	18	17	1
ec8204b3-8fc5-534d-8614-a262fad79c92	chr6	139944541	141276246	6	5	1
ec8204b3-8fc5-534d-8614-a262fad79c92	chr6	141276317	142275720	8	7	1
ec8204b3-8fc5-534d-8614-a262fad79c92	chr6	142275983	143823942	10	9	1
ec8204b3-8fc5-534d-8614-a262fad79c92	chr6	143827441	152068227	2	1	1
ec8204b3-8fc5-534d-8614-a262fad79c92	chr6	152068833	152556659	3	2	1
ec8204b3-8fc5-534d-8614-a262fad79c92	chr6	152561687	165745667	2	1	1
ec8204b3-8fc5-534d-8614-a262fad79c92	chr6	165747283	170741917	3	2	1
ec8204b3-8fc5-534d-8614-a262fad79c92	chr7	43259	880030	2	2	0
ec8204b3-8fc5-534d-8614-a262fad79c92	chr7	888250	5130782	6	4	2
ec8204b3-8fc5-534d-8614-a262fad79c92	chr7	5133363	6076336	12	10	2
ec8204b3-8fc5-534d-8614-a262fad79c92	chr7	6077219	7931306	14	12	2
ec8204b3-8fc5-534d-8614-a262fad79c92	chr7	7932286	8340872	7	5	2
ec8204b3-8fc5-534d-8614-a262fad79c92	chr7	8348645	9174351	12	10	2
ec8204b3-8fc5-534d-8614-a262fad79c92	chr7	9174473	10325607	14	12	2
ec8204b3-8fc5-534d-8614-a262fad79c92	chr7	10326306	12604583	15	13	2
ec8204b3-8fc5-534d-8614-a262fad79c92	chr7	12604709	13118171	8	6	2
ec8204b3-8fc5-534d-8614-a262fad79c92	chr7	13120036	13496240	13	10	3
ec8204b3-8fc5-534d-8614-a262fad79c92	chr7	13498721	13585362	6	4	2
ec8204b3-8fc5-534d-8614-a262fad79c92	chr7	13592811	13680885	18	15	3
ec8204b3-8fc5-534d-8614-a262fad79c92	chr7	13681900	13973251	6	4	2
ec8204b3-8fc5-534d-8614-a262fad79c92	chr7	13973327	15455725	4	2	2
ec8204b3-8fc5-534d-8614-a262fad79c92	chr7	15456576	16224611	6	4	2
ec8204b3-8fc5-534d-8614-a262fad79c92	chr7	16230707	16565747	5	3	2
ec8204b3-8fc5-534d-8614-a262fad79c92	chr7	16566193	19340877	2	2	0
ec8204b3-8fc5-534d-8614-a262fad79c92	chr7	19346913	20407170	4	2	2
ec8204b3-8fc5-534d-8614-a262fad79c92	chr7	20408438	21323607	6	4	2
ec8204b3-8fc5-534d-8614-a262fad79c92	chr7	21324469	22071756	15	13	2
ec8204b3-8fc5-534d-8614-a262fad79c92	chr7	22073588	22108352	25	23	2
ec8204b3-8fc5-534d-8614-a262fad79c92	chr7	22108463	22964754	15	13	2
ec8204b3-8fc5-534d-8614-a262fad79c92	chr7	22964783	23443066	7	5	2
ec8204b3-8fc5-534d-8614-a262fad79c92	chr7	23444196	23883441	16	14	2
ec8204b3-8fc5-534d-8614-a262fad79c92	chr7	23885829	28142151	7	5	2
ec8204b3-8fc5-534d-8614-a262fad79c92	chr7	28145472	62701670	2	2	0
ec8204b3-8fc5-534d-8614-a262fad79c92	chr7	62701734	64251664	1	1	0
ec8204b3-8fc5-534d-8614-a262fad79c92	chr7	64254418	64393929	3	3	0
ec8204b3-8fc5-534d-8614-a262fad79c92	chr7	64399212	65483073	0	0	0
ec8204b3-8fc5-534d-8614-a262fad79c92	chr7	65485980	82098665	2	2	0
ec8204b3-8fc5-534d-8614-a262fad79c92	chr7	82099200	82248677	3	3	0
ec8204b3-8fc5-534d-8614-a262fad79c92	chr7	82248709	82827828	4	4	0
ec8204b3-8fc5-534d-8614-a262fad79c92	chr7	82828350	84061071	3	3	0
ec8204b3-8fc5-534d-8614-a262fad79c92	chr7	84061859	84485260	2	2	0
ec8204b3-8fc5-534d-8614-a262fad79c92	chr7	84485920	85094335	4	4	0
ec8204b3-8fc5-534d-8614-a262fad79c92	chr7	85096097	85728359	3	3	0
ec8204b3-8fc5-534d-8614-a262fad79c92	chr7	85728559	87118560	2	2	0
ec8204b3-8fc5-534d-8614-a262fad79c92	chr7	87118982	87566646	3	3	0
ec8204b3-8fc5-534d-8614-a262fad79c92	chr7	87570684	88508071	2	2	0
ec8204b3-8fc5-534d-8614-a262fad79c92	chr7	88509034	93390824	3	3	0
ec8204b3-8fc5-534d-8614-a262fad79c92	chr7	93391955	93714957	2	2	0
ec8204b3-8fc5-534d-8614-a262fad79c92	chr7	93720539	95280350	4	2	2
ec8204b3-8fc5-534d-8614-a262fad79c92	chr7	95280587	103849428	5	3	2
ec8204b3-8fc5-534d-8614-a262fad79c92	chr7	103849902	104410099	6	4	2
ec8204b3-8fc5-534d-8614-a262fad79c92	chr7	104417008	105939629	4	2	2
ec8204b3-8fc5-534d-8614-a262fad79c92	chr7	105941076	106144027	3	2	1
ec8204b3-8fc5-534d-8614-a262fad79c92	chr7	106144413	107187819	4	2	2
ec8204b3-8fc5-534d-8614-a262fad79c92	chr7	107188665	108037994	6	4	2
ec8204b3-8fc5-534d-8614-a262fad79c92	chr7	108038532	111382599	5	3	2
ec8204b3-8fc5-534d-8614-a262fad79c92	chr7	111383227	114271306	4	2	2
ec8204b3-8fc5-534d-8614-a262fad79c92	chr7	114274737	115561979	6	3	3
ec8204b3-8fc5-534d-8614-a262fad79c92	chr7	115563685	116883038	4	2	2
ec8204b3-8fc5-534d-8614-a262fad79c92	chr7	116886970	118137358	3	2	1
ec8204b3-8fc5-534d-8614-a262fad79c92	chr7	118137372	119636197	4	2	2
ec8204b3-8fc5-534d-8614-a262fad79c92	chr7	119636422	122462727	3	2	1
ec8204b3-8fc5-534d-8614-a262fad79c92	chr7	122463568	123604867	4	2	2
ec8204b3-8fc5-534d-8614-a262fad79c92	chr7	123604956	123955473	3	2	1
ec8204b3-8fc5-534d-8614-a262fad79c92	chr7	123956209	130285077	4	2	2
ec8204b3-8fc5-534d-8614-a262fad79c92	chr7	130286083	131786640	5	3	2
ec8204b3-8fc5-534d-8614-a262fad79c92	chr7	131786747	132506849	6	4	2
ec8204b3-8fc5-534d-8614-a262fad79c92	chr7	132506968	135829098	5	3	2
ec8204b3-8fc5-534d-8614-a262fad79c92	chr7	135829373	138445820	4	2	2
ec8204b3-8fc5-534d-8614-a262fad79c92	chr7	138448082	140223208	5	3	2
ec8204b3-8fc5-534d-8614-a262fad79c92	chr7	140223258	146981903	4	2	2
ec8204b3-8fc5-534d-8614-a262fad79c92	chr7	146981994	152484421	5	3	2
ec8204b3-8fc5-534d-8614-a262fad79c92	chr7	152485415	152755649	6	4	2
ec8204b3-8fc5-534d-8614-a262fad79c92	chr7	152756392	153508405	5	3	2
ec8204b3-8fc5-534d-8614-a262fad79c92	chr7	153509676	155229516	4	2	2
ec8204b3-8fc5-534d-8614-a262fad79c92	chr7	155229953	155968169	5	3	2
ec8204b3-8fc5-534d-8614-a262fad79c92	chr7	155969079	156930148	6	4	2
ec8204b3-8fc5-534d-8614-a262fad79c92	chr7	156930527	157149995	7	5	2
ec8204b3-8fc5-534d-8614-a262fad79c92	chr7	157159193	159334314	4	2	2
ec8204b3-8fc5-534d-8614-a262fad79c92	chr8	81254	11449007	1	1	0
ec8204b3-8fc5-534d-8614-a262fad79c92	chr8	11449106	11465488	2	1	1
ec8204b3-8fc5-534d-8614-a262fad79c92	chr8	11465516	31620549	1	1	0
ec8204b3-8fc5-534d-8614-a262fad79c92	chr8	31622107	31641892	2	2	0
ec8204b3-8fc5-534d-8614-a262fad79c92	chr8	31642691	31949815	1	1	0
ec8204b3-8fc5-534d-8614-a262fad79c92	chr8	31950578	34139533	3	3	0
ec8204b3-8fc5-534d-8614-a262fad79c92	chr8	34143638	36306395	5	3	2
ec8204b3-8fc5-534d-8614-a262fad79c92	chr8	36306498	38455399	6	4	2
ec8204b3-8fc5-534d-8614-a262fad79c92	chr8	38455633	47844547	4	2	2
ec8204b3-8fc5-534d-8614-a262fad79c92	chr8	47848293	100161958	6	4	2
ec8204b3-8fc5-534d-8614-a262fad79c92	chr8	100162582	105333314	7	5	2
ec8204b3-8fc5-534d-8614-a262fad79c92	chr8	105333624	106928803	4	2	2
ec8204b3-8fc5-534d-8614-a262fad79c92	chr8	106929495	139905332	6	4	2
ec8204b3-8fc5-534d-8614-a262fad79c92	chr8	139907213	145072769	5	3	2
ec8204b3-8fc5-534d-8614-a262fad79c92	chr9	46587	34728942	4	2	2
ec8204b3-8fc5-534d-8614-a262fad79c92	chr9	34728972	41741113	3	2	1
ec8204b3-8fc5-534d-8614-a262fad79c92	chr9	60863881	63257894	9	7	2
ec8204b3-8fc5-534d-8614-a262fad79c92	chr9	63274174	67832599	5	5	0
ec8204b3-8fc5-534d-8614-a262fad79c92	chr9	67915741	75068110	2	2	0
ec8204b3-8fc5-534d-8614-a262fad79c92	chr9	75068309	80110382	6	4	2
ec8204b3-8fc5-534d-8614-a262fad79c92	chr9	80110887	80115077	3	2	1
ec8204b3-8fc5-534d-8614-a262fad79c92	chr9	80115904	88705173	6	4	2
ec8204b3-8fc5-534d-8614-a262fad79c92	chr9	88705435	94577821	5	3	2
ec8204b3-8fc5-534d-8614-a262fad79c92	chr9	94586035	113092086	6	4	2
ec8204b3-8fc5-534d-8614-a262fad79c92	chr9	113092109	138200944	2	2	0
ec8204b3-8fc5-534d-8614-a262fad79c92	chr10	45792	2021612	4	2	2
ec8204b3-8fc5-534d-8614-a262fad79c92	chr10	2022009	14779971	3	2	1
ec8204b3-8fc5-534d-8614-a262fad79c92	chr10	14780492	25386195	4	2	2
ec8204b3-8fc5-534d-8614-a262fad79c92	chr10	25386229	34710857	3	2	1
ec8204b3-8fc5-534d-8614-a262fad79c92	chr10	34711918	37099941	1	1	0
ec8204b3-8fc5-534d-8614-a262fad79c92	chr10	37107264	45720318	4	2	2
ec8204b3-8fc5-534d-8614-a262fad79c92	chr10	45729929	48079560	8	5	3
ec8204b3-8fc5-534d-8614-a262fad79c92	chr10	48084420	118769895	4	2	2
ec8204b3-8fc5-534d-8614-a262fad79c92	chr10	118770482	118776592	2	1	1
ec8204b3-8fc5-534d-8614-a262fad79c92	chr10	118777312	133654968	4	2	2
ec8204b3-8fc5-534d-8614-a262fad79c92	chr11	198510	45962073	2	2	0
ec8204b3-8fc5-534d-8614-a262fad79c92	chr11	45962335	46258848	1	1	0
ec8204b3-8fc5-534d-8614-a262fad79c92	chr11	46261373	50810146	2	2	0
ec8204b3-8fc5-534d-8614-a262fad79c92	chr11	54952548	57732662	5	3	2
ec8204b3-8fc5-534d-8614-a262fad79c92	chr11	57733710	59955604	4	2	2
ec8204b3-8fc5-534d-8614-a262fad79c92	chr11	59955994	65265298	3	2	1
ec8204b3-8fc5-534d-8614-a262fad79c92	chr11	65266044	69048055	2	2	0
ec8204b3-8fc5-534d-8614-a262fad79c92	chr11	69052961	71846382	3	2	1
ec8204b3-8fc5-534d-8614-a262fad79c92	chr11	71856692	73438085	7	5	2
ec8204b3-8fc5-534d-8614-a262fad79c92	chr11	73443999	74168257	4	2	2
ec8204b3-8fc5-534d-8614-a262fad79c92	chr11	74174525	81313557	5	3	2
ec8204b3-8fc5-534d-8614-a262fad79c92	chr11	81318735	135074876	2	2	0
ec8204b3-8fc5-534d-8614-a262fad79c92	chr12	51460	1361726	5	4	1
ec8204b3-8fc5-534d-8614-a262fad79c92	chr12	1362066	1378653	2	2	0
ec8204b3-8fc5-534d-8614-a262fad79c92	chr12	1380763	12788950	5	4	1
ec8204b3-8fc5-534d-8614-a262fad79c92	chr12	12789599	21409592	6	5	1
ec8204b3-8fc5-534d-8614-a262fad79c92	chr12	21410176	45422974	6	4	2
ec8204b3-8fc5-534d-8614-a262fad79c92	chr12	45423671	45673435	3	2	1
ec8204b3-8fc5-534d-8614-a262fad79c92	chr12	45673787	48529924	5	4	1
ec8204b3-8fc5-534d-8614-a262fad79c92	chr12	48529991	49995027	3	2	1
ec8204b3-8fc5-534d-8614-a262fad79c92	chr12	49998048	70383096	5	4	1
ec8204b3-8fc5-534d-8614-a262fad79c92	chr12	70386879	90368199	6	5	1
ec8204b3-8fc5-534d-8614-a262fad79c92	chr12	90368363	133201603	5	4	1
ec8204b3-8fc5-534d-8614-a262fad79c92	chr13	18452809	39022401	3	2	1
ec8204b3-8fc5-534d-8614-a262fad79c92	chr13	39024258	81728554	1	1	0
ec8204b3-8fc5-534d-8614-a262fad79c92	chr13	81729614	114342922	2	2	0
ec8204b3-8fc5-534d-8614-a262fad79c92	chr14	18239283	40763297	4	2	2
ec8204b3-8fc5-534d-8614-a262fad79c92	chr14	40765891	44713443	5	3	2
ec8204b3-8fc5-534d-8614-a262fad79c92	chr14	44716551	78641652	4	2	2
ec8204b3-8fc5-534d-8614-a262fad79c92	chr14	78642006	88140250	5	3	2
ec8204b3-8fc5-534d-8614-a262fad79c92	chr14	88141498	106644593	4	2	2
ec8204b3-8fc5-534d-8614-a262fad79c92	chr14	106644606	106877229	3	2	1
ec8204b3-8fc5-534d-8614-a262fad79c92	chr15	19811075	101285642	5	4	1
ec8204b3-8fc5-534d-8614-a262fad79c92	chr15	101286696	101928837	5	3	2
ec8204b3-8fc5-534d-8614-a262fad79c92	chr16	10777	12002520	2	2	0
ec8204b3-8fc5-534d-8614-a262fad79c92	chr16	12009811	12214023	19	17	2
ec8204b3-8fc5-534d-8614-a262fad79c92	chr16	12216891	12522312	9	7	2
ec8204b3-8fc5-534d-8614-a262fad79c92	chr16	12524177	13106263	14	12	2
ec8204b3-8fc5-534d-8614-a262fad79c92	chr16	13109032	14562926	12	10	2
ec8204b3-8fc5-534d-8614-a262fad79c92	chr16	14564415	31715125	3	2	1
ec8204b3-8fc5-534d-8614-a262fad79c92	chr16	31717723	49387428	5	3	2
ec8204b3-8fc5-534d-8614-a262fad79c92	chr16	49388177	76201128	4	2	2
ec8204b3-8fc5-534d-8614-a262fad79c92	chr16	76201347	76202214	2	1	1
ec8204b3-8fc5-534d-8614-a262fad79c92	chr16	76202656	90096867	4	2	2
ec8204b3-8fc5-534d-8614-a262fad79c92	chr17	150733	7679972	4	4	0
ec8204b3-8fc5-534d-8614-a262fad79c92	chr17	7680387	10319903	21	20	1
ec8204b3-8fc5-534d-8614-a262fad79c92	chr17	10322963	11026738	28	27	1
ec8204b3-8fc5-534d-8614-a262fad79c92	chr17	11028687	11403878	19	17	2
ec8204b3-8fc5-534d-8614-a262fad79c92	chr17	11404637	12711584	22	21	1
ec8204b3-8fc5-534d-8614-a262fad79c92	chr17	12713444	13564030	10	8	2
ec8204b3-8fc5-534d-8614-a262fad79c92	chr17	13564409	14379850	16	14	2
ec8204b3-8fc5-534d-8614-a262fad79c92	chr17	14381017	14474188	27	26	1
ec8204b3-8fc5-534d-8614-a262fad79c92	chr17	14474297	14703206	18	16	2
ec8204b3-8fc5-534d-8614-a262fad79c92	chr17	14709690	16452009	23	21	2
ec8204b3-8fc5-534d-8614-a262fad79c92	chr17	16453772	16860241	17	16	1
ec8204b3-8fc5-534d-8614-a262fad79c92	chr17	16866487	18939096	23	22	1
ec8204b3-8fc5-534d-8614-a262fad79c92	chr17	18939993	19934327	19	16	3
ec8204b3-8fc5-534d-8614-a262fad79c92	chr17	19935137	26943774	3	2	1
ec8204b3-8fc5-534d-8614-a262fad79c92	chr17	26947350	36157718	2	2	0
ec8204b3-8fc5-534d-8614-a262fad79c92	chr17	36200725	46124088	4	2	2
ec8204b3-8fc5-534d-8614-a262fad79c92	chr17	46127007	46707312	5	3	2
ec8204b3-8fc5-534d-8614-a262fad79c92	chr17	46707616	83091923	4	2	2
ec8204b3-8fc5-534d-8614-a262fad79c92	chr18	48133	10641059	4	2	2
ec8204b3-8fc5-534d-8614-a262fad79c92	chr18	10642057	15402409	2	2	0
ec8204b3-8fc5-534d-8614-a262fad79c92	chr18	20949392	28337297	4	2	2
ec8204b3-8fc5-534d-8614-a262fad79c92	chr18	28340025	32502696	5	3	2
ec8204b3-8fc5-534d-8614-a262fad79c92	chr18	32502903	74710453	3	2	1
ec8204b3-8fc5-534d-8614-a262fad79c92	chr18	74710552	78723849	5	3	2
ec8204b3-8fc5-534d-8614-a262fad79c92	chr18	78724429	79976735	3	2	1
ec8204b3-8fc5-534d-8614-a262fad79c92	chr18	79977397	80257174	2	2	0
ec8204b3-8fc5-534d-8614-a262fad79c92	chr19	90910	634032	0	0	0
ec8204b3-8fc5-534d-8614-a262fad79c92	chr19	634095	6620899	2	2	0
ec8204b3-8fc5-534d-8614-a262fad79c92	chr19	6621728	7120452	1	1	0
ec8204b3-8fc5-534d-8614-a262fad79c92	chr19	7127689	8432398	2	2	0
ec8204b3-8fc5-534d-8614-a262fad79c92	chr19	8433215	20888000	4	2	2
ec8204b3-8fc5-534d-8614-a262fad79c92	chr19	20891639	30428083	5	3	2
ec8204b3-8fc5-534d-8614-a262fad79c92	chr19	30433481	58586487	4	2	2
ec8204b3-8fc5-534d-8614-a262fad79c92	chr20	80664	515145	2	1	1
ec8204b3-8fc5-534d-8614-a262fad79c92	chr20	517904	880996	3	2	1
ec8204b3-8fc5-534d-8614-a262fad79c92	chr20	881248	8841661	4	2	2
ec8204b3-8fc5-534d-8614-a262fad79c92	chr20	8841784	8846683	2	1	1
ec8204b3-8fc5-534d-8614-a262fad79c92	chr20	8847167	64089652	4	2	2
ec8204b3-8fc5-534d-8614-a262fad79c92	chr20	64096137	64324800	3	2	1
ec8204b3-8fc5-534d-8614-a262fad79c92	chr21	12973348	13812646	8	7	1
ec8204b3-8fc5-534d-8614-a262fad79c92	chr21	13818379	14228526	5	4	1
ec8204b3-8fc5-534d-8614-a262fad79c92	chr21	14237492	18978171	1	1	0
ec8204b3-8fc5-534d-8614-a262fad79c92	chr21	18981469	20198868	3	2	1
ec8204b3-8fc5-534d-8614-a262fad79c92	chr21	20199468	21138233	4	3	1
ec8204b3-8fc5-534d-8614-a262fad79c92	chr21	21140026	21546665	5	4	1
ec8204b3-8fc5-534d-8614-a262fad79c92	chr21	21548526	22347940	8	4	4
ec8204b3-8fc5-534d-8614-a262fad79c92	chr21	22348208	23821962	5	4	1
ec8204b3-8fc5-534d-8614-a262fad79c92	chr21	23822373	24543570	4	3	1
ec8204b3-8fc5-534d-8614-a262fad79c92	chr21	24543938	28225615	6	3	3
ec8204b3-8fc5-534d-8614-a262fad79c92	chr21	28225628	30120648	5	3	2
ec8204b3-8fc5-534d-8614-a262fad79c92	chr21	30125460	34127811	4	3	1
ec8204b3-8fc5-534d-8614-a262fad79c92	chr21	34130683	40876937	5	3	2
ec8204b3-8fc5-534d-8614-a262fad79c92	chr21	40878222	41049476	3	2	1
ec8204b3-8fc5-534d-8614-a262fad79c92	chr21	41049691	45612180	5	4	1
ec8204b3-8fc5-534d-8614-a262fad79c92	chr21	45612418	46677045	4	4	0
ec8204b3-8fc5-534d-8614-a262fad79c92	chr22	16392123	17459882	3	3	0
ec8204b3-8fc5-534d-8614-a262fad79c92	chr22	17460514	42626687	5	3	2
ec8204b3-8fc5-534d-8614-a262fad79c92	chr22	42627816	50292457	3	3	0
ec8204b3-8fc5-534d-8614-a262fad79c92	chr22	50353189	50796027	1	1	0
ec8204b3-8fc5-534d-8614-a262fad79c92	chrX	251810	490259	6	3	3
ec8204b3-8fc5-534d-8614-a262fad79c92	chrX	490325	571732	7	4	3
ec8204b3-8fc5-534d-8614-a262fad79c92	chrX	571876	1401237	6	3	3
ec8204b3-8fc5-534d-8614-a262fad79c92	chrX	1420810	1478856	3	2	1
ec8204b3-8fc5-534d-8614-a262fad79c92	chrX	1479705	1779555	4	2	2
ec8204b3-8fc5-534d-8614-a262fad79c92	chrX	1783906	1923307	6	3	3
ec8204b3-8fc5-534d-8614-a262fad79c92	chrX	1938120	2522895	4	2	2
ec8204b3-8fc5-534d-8614-a262fad79c92	chrX	2522980	2771534	5	3	2
ec8204b3-8fc5-534d-8614-a262fad79c92	chrX	2771845	28541718	0	0	0
ec8204b3-8fc5-534d-8614-a262fad79c92	chrX	28542152	28616346	2	1	1
ec8204b3-8fc5-534d-8614-a262fad79c92	chrX	28619664	42166131	3	3	0
ec8204b3-8fc5-534d-8614-a262fad79c92	chrX	42167631	89183262	1	1	0
ec8204b3-8fc5-534d-8614-a262fad79c92	chrX	89183578	93208548	2	2	0
ec8204b3-8fc5-534d-8614-a262fad79c92	chrX	93208818	156004181	1	1	0
ec8204b3-8fc5-534d-8614-a262fad79c92	chrY	2782397	2845714	9	9	0
ec8204b3-8fc5-534d-8614-a262fad79c92	chrY	2848574	2993900	10	10	0
ec8204b3-8fc5-534d-8614-a262fad79c92	chrY	2995930	26653788	4	1	3
ec8204b3-8fc5-534d-8614-a262fad79c92	chrY	56872112	56872112	12	12	0
