GDC_Aliquot	Chromosome	Start	End	Copy_Number	Major_Copy_Number	Minor_Copy_Number
08f22f7f-79c6-54a9-a178-6386e048d0c7	chr1	62920	32798477	4	2	2
08f22f7f-79c6-54a9-a178-6386e048d0c7	chr1	32800874	33285502	2	1	1
08f22f7f-79c6-54a9-a178-6386e048d0c7	chr1	33286917	46306673	2	2	0
08f22f7f-79c6-54a9-a178-6386e048d0c7	chr1	46307424	72460223	4	2	2
08f22f7f-79c6-54a9-a178-6386e048d0c7	chr1	72465919	72678675	2	1	1
08f22f7f-79c6-54a9-a178-6386e048d0c7	chr1	72680752	121705338	4	2	2
08f22f7f-79c6-54a9-a178-6386e048d0c7	chr1	143541857	147045902	2	2	0
08f22f7f-79c6-54a9-a178-6386e048d0c7	chr1	147050214	147456239	8	6	2
08f22f7f-79c6-54a9-a178-6386e048d0c7	chr1	147462581	147550532	20	18	2
08f22f7f-79c6-54a9-a178-6386e048d0c7	chr1	147551463	153322177	8	6	2
08f22f7f-79c6-54a9-a178-6386e048d0c7	chr1	153329051	153662243	7	5	2
08f22f7f-79c6-54a9-a178-6386e048d0c7	chr1	153662949	154707164	8	6	2
08f22f7f-79c6-54a9-a178-6386e048d0c7	chr1	154707741	155058900	11	9	2
08f22f7f-79c6-54a9-a178-6386e048d0c7	chr1	155072696	155094114	16	13	3
08f22f7f-79c6-54a9-a178-6386e048d0c7	chr1	155094237	155804614	19	17	2
08f22f7f-79c6-54a9-a178-6386e048d0c7	chr1	155812339	155871726	8	7	1
08f22f7f-79c6-54a9-a178-6386e048d0c7	chr1	155872777	156441358	8	6	2
08f22f7f-79c6-54a9-a178-6386e048d0c7	chr1	156442642	156637335	12	10	2
08f22f7f-79c6-54a9-a178-6386e048d0c7	chr1	156637667	159531046	8	6	2
08f22f7f-79c6-54a9-a178-6386e048d0c7	chr1	159532546	161056089	11	9	2
08f22f7f-79c6-54a9-a178-6386e048d0c7	chr1	161056289	162460282	8	6	2
08f22f7f-79c6-54a9-a178-6386e048d0c7	chr1	162461762	163773211	9	7	2
08f22f7f-79c6-54a9-a178-6386e048d0c7	chr1	163773527	166215770	5	3	2
08f22f7f-79c6-54a9-a178-6386e048d0c7	chr1	166215800	167349023	4	2	2
08f22f7f-79c6-54a9-a178-6386e048d0c7	chr1	167363296	167495656	5	3	2
08f22f7f-79c6-54a9-a178-6386e048d0c7	chr1	167498061	167599827	3	2	1
08f22f7f-79c6-54a9-a178-6386e048d0c7	chr1	167600216	170267836	7	5	2
08f22f7f-79c6-54a9-a178-6386e048d0c7	chr1	170267925	170385082	3	2	1
08f22f7f-79c6-54a9-a178-6386e048d0c7	chr1	170395260	173818553	7	5	2
08f22f7f-79c6-54a9-a178-6386e048d0c7	chr1	173820391	173918971	9	7	2
08f22f7f-79c6-54a9-a178-6386e048d0c7	chr1	173922021	174627835	6	4	2
08f22f7f-79c6-54a9-a178-6386e048d0c7	chr1	174636938	176637565	7	5	2
08f22f7f-79c6-54a9-a178-6386e048d0c7	chr1	176644790	180456073	4	2	2
08f22f7f-79c6-54a9-a178-6386e048d0c7	chr1	180457145	180640907	3	2	1
08f22f7f-79c6-54a9-a178-6386e048d0c7	chr1	180641864	181051452	13	11	2
08f22f7f-79c6-54a9-a178-6386e048d0c7	chr1	181054469	182140796	4	2	2
08f22f7f-79c6-54a9-a178-6386e048d0c7	chr1	182141249	183243036	8	6	2
08f22f7f-79c6-54a9-a178-6386e048d0c7	chr1	183243413	183679541	7	5	2
08f22f7f-79c6-54a9-a178-6386e048d0c7	chr1	183685873	185001379	9	7	2
08f22f7f-79c6-54a9-a178-6386e048d0c7	chr1	185007889	185023295	6	4	2
08f22f7f-79c6-54a9-a178-6386e048d0c7	chr1	185024606	185585357	3	2	1
08f22f7f-79c6-54a9-a178-6386e048d0c7	chr1	185592613	187080162	4	2	2
08f22f7f-79c6-54a9-a178-6386e048d0c7	chr1	187082400	187350227	6	4	2
08f22f7f-79c6-54a9-a178-6386e048d0c7	chr1	187350858	189078330	4	2	2
08f22f7f-79c6-54a9-a178-6386e048d0c7	chr1	189080154	189211862	6	4	2
08f22f7f-79c6-54a9-a178-6386e048d0c7	chr1	189211947	189407291	5	3	2
08f22f7f-79c6-54a9-a178-6386e048d0c7	chr1	189407865	189704685	3	2	1
08f22f7f-79c6-54a9-a178-6386e048d0c7	chr1	189710326	248930189	2	2	0
08f22f7f-79c6-54a9-a178-6386e048d0c7	chr2	12784	15616945	2	2	0
08f22f7f-79c6-54a9-a178-6386e048d0c7	chr2	15624131	36372713	4	2	2
08f22f7f-79c6-54a9-a178-6386e048d0c7	chr2	36373951	36522256	6	3	3
08f22f7f-79c6-54a9-a178-6386e048d0c7	chr2	36522862	56654812	4	2	2
08f22f7f-79c6-54a9-a178-6386e048d0c7	chr2	56656312	57015767	2	2	0
08f22f7f-79c6-54a9-a178-6386e048d0c7	chr2	57015899	66492371	4	2	2
08f22f7f-79c6-54a9-a178-6386e048d0c7	chr2	66496567	132526693	3	2	1
08f22f7f-79c6-54a9-a178-6386e048d0c7	chr2	132527134	146104517	4	2	2
08f22f7f-79c6-54a9-a178-6386e048d0c7	chr2	146106836	146109366	0	0	0
08f22f7f-79c6-54a9-a178-6386e048d0c7	chr2	146120238	203002764	4	2	2
08f22f7f-79c6-54a9-a178-6386e048d0c7	chr2	203008584	218483371	2	2	0
08f22f7f-79c6-54a9-a178-6386e048d0c7	chr2	218485029	224287848	3	2	1
08f22f7f-79c6-54a9-a178-6386e048d0c7	chr2	224293408	242147305	2	2	0
08f22f7f-79c6-54a9-a178-6386e048d0c7	chr3	20930	62285812	2	2	0
08f22f7f-79c6-54a9-a178-6386e048d0c7	chr3	62286404	67352024	3	3	0
08f22f7f-79c6-54a9-a178-6386e048d0c7	chr3	67354407	67513397	0	0	0
08f22f7f-79c6-54a9-a178-6386e048d0c7	chr3	67513907	76679236	3	3	0
08f22f7f-79c6-54a9-a178-6386e048d0c7	chr3	76679537	77074189	0	0	0
08f22f7f-79c6-54a9-a178-6386e048d0c7	chr3	77075015	131010159	2	2	0
08f22f7f-79c6-54a9-a178-6386e048d0c7	chr3	131014772	198169247	4	2	2
08f22f7f-79c6-54a9-a178-6386e048d0c7	chr4	68929	45297960	3	2	1
08f22f7f-79c6-54a9-a178-6386e048d0c7	chr4	45302617	56568079	4	2	2
08f22f7f-79c6-54a9-a178-6386e048d0c7	chr4	56568720	57149115	3	2	1
08f22f7f-79c6-54a9-a178-6386e048d0c7	chr4	57149258	182936904	4	2	2
08f22f7f-79c6-54a9-a178-6386e048d0c7	chr4	182937258	190106768	3	2	1
08f22f7f-79c6-54a9-a178-6386e048d0c7	chr5	15532	1979658	6	5	1
08f22f7f-79c6-54a9-a178-6386e048d0c7	chr5	1984180	9982419	4	3	1
08f22f7f-79c6-54a9-a178-6386e048d0c7	chr5	9982854	9998932	3	2	1
08f22f7f-79c6-54a9-a178-6386e048d0c7	chr5	9998945	10955876	4	3	1
08f22f7f-79c6-54a9-a178-6386e048d0c7	chr5	10958252	10962115	10	9	1
08f22f7f-79c6-54a9-a178-6386e048d0c7	chr5	10962622	10966711	3	3	0
08f22f7f-79c6-54a9-a178-6386e048d0c7	chr5	10966768	11281028	7	6	1
08f22f7f-79c6-54a9-a178-6386e048d0c7	chr5	11281227	14669159	4	3	1
08f22f7f-79c6-54a9-a178-6386e048d0c7	chr5	14670921	18416367	7	6	1
08f22f7f-79c6-54a9-a178-6386e048d0c7	chr5	18416402	30202754	4	3	1
08f22f7f-79c6-54a9-a178-6386e048d0c7	chr5	30202975	37089095	7	6	1
08f22f7f-79c6-54a9-a178-6386e048d0c7	chr5	37099577	41504075	9	6	3
08f22f7f-79c6-54a9-a178-6386e048d0c7	chr5	41504711	45253737	8	5	3
08f22f7f-79c6-54a9-a178-6386e048d0c7	chr5	45257231	45654225	5	4	1
08f22f7f-79c6-54a9-a178-6386e048d0c7	chr5	45655791	45771812	7	4	3
08f22f7f-79c6-54a9-a178-6386e048d0c7	chr5	45772555	46389171	5	4	1
08f22f7f-79c6-54a9-a178-6386e048d0c7	chr5	50146124	52470210	1	1	0
08f22f7f-79c6-54a9-a178-6386e048d0c7	chr5	52471530	58876181	2	2	0
08f22f7f-79c6-54a9-a178-6386e048d0c7	chr5	58879311	58900411	4	3	1
08f22f7f-79c6-54a9-a178-6386e048d0c7	chr5	58900766	170583783	2	2	0
08f22f7f-79c6-54a9-a178-6386e048d0c7	chr5	170585822	171229344	4	2	2
08f22f7f-79c6-54a9-a178-6386e048d0c7	chr5	171233611	179113655	2	2	0
08f22f7f-79c6-54a9-a178-6386e048d0c7	chr5	179117083	179948727	3	3	0
08f22f7f-79c6-54a9-a178-6386e048d0c7	chr5	179950085	181363319	2	2	0
08f22f7f-79c6-54a9-a178-6386e048d0c7	chr6	149661	560570	4	2	2
08f22f7f-79c6-54a9-a178-6386e048d0c7	chr6	561421	32463775	5	3	2
08f22f7f-79c6-54a9-a178-6386e048d0c7	chr6	32480822	32637799	11	7	4
08f22f7f-79c6-54a9-a178-6386e048d0c7	chr6	32638107	58398471	5	3	2
08f22f7f-79c6-54a9-a178-6386e048d0c7	chr6	58400146	60814632	3	2	1
08f22f7f-79c6-54a9-a178-6386e048d0c7	chr6	60821137	61958230	2	2	0
08f22f7f-79c6-54a9-a178-6386e048d0c7	chr6	61962296	62261078	3	2	1
08f22f7f-79c6-54a9-a178-6386e048d0c7	chr6	62261360	63949509	4	2	2
08f22f7f-79c6-54a9-a178-6386e048d0c7	chr6	63954851	63980696	1	1	0
08f22f7f-79c6-54a9-a178-6386e048d0c7	chr6	63980741	114081690	2	2	0
08f22f7f-79c6-54a9-a178-6386e048d0c7	chr6	114082300	114382277	4	3	1
08f22f7f-79c6-54a9-a178-6386e048d0c7	chr6	114386196	137885025	2	2	0
08f22f7f-79c6-54a9-a178-6386e048d0c7	chr6	137892904	137977956	1	1	0
08f22f7f-79c6-54a9-a178-6386e048d0c7	chr6	137983601	143671361	4	2	2
08f22f7f-79c6-54a9-a178-6386e048d0c7	chr6	143671933	164305876	2	2	0
08f22f7f-79c6-54a9-a178-6386e048d0c7	chr6	164306619	170741917	4	2	2
08f22f7f-79c6-54a9-a178-6386e048d0c7	chr7	43259	18775850	2	2	0
08f22f7f-79c6-54a9-a178-6386e048d0c7	chr7	18776264	18790866	3	3	0
08f22f7f-79c6-54a9-a178-6386e048d0c7	chr7	18791642	40101030	2	2	0
08f22f7f-79c6-54a9-a178-6386e048d0c7	chr7	40101106	57521536	3	2	1
08f22f7f-79c6-54a9-a178-6386e048d0c7	chr7	57522308	68704254	4	3	1
08f22f7f-79c6-54a9-a178-6386e048d0c7	chr7	68704423	68719771	3	2	1
08f22f7f-79c6-54a9-a178-6386e048d0c7	chr7	68719846	70806922	4	3	1
08f22f7f-79c6-54a9-a178-6386e048d0c7	chr7	70807005	71091053	5	3	2
08f22f7f-79c6-54a9-a178-6386e048d0c7	chr7	71092517	84878015	4	3	1
08f22f7f-79c6-54a9-a178-6386e048d0c7	chr7	84881887	85097956	6	5	1
08f22f7f-79c6-54a9-a178-6386e048d0c7	chr7	85102275	86295673	4	3	1
08f22f7f-79c6-54a9-a178-6386e048d0c7	chr7	86299350	86555535	6	5	1
08f22f7f-79c6-54a9-a178-6386e048d0c7	chr7	86556091	94964718	4	3	1
08f22f7f-79c6-54a9-a178-6386e048d0c7	chr7	94968147	96037359	5	4	1
08f22f7f-79c6-54a9-a178-6386e048d0c7	chr7	96040441	100209523	4	3	1
08f22f7f-79c6-54a9-a178-6386e048d0c7	chr7	100209850	103961087	5	4	1
08f22f7f-79c6-54a9-a178-6386e048d0c7	chr7	103971455	104003928	7	6	1
08f22f7f-79c6-54a9-a178-6386e048d0c7	chr7	104003996	104667228	4	3	1
08f22f7f-79c6-54a9-a178-6386e048d0c7	chr7	104667540	104816427	6	5	1
08f22f7f-79c6-54a9-a178-6386e048d0c7	chr7	104817353	110654919	4	3	1
08f22f7f-79c6-54a9-a178-6386e048d0c7	chr7	110655448	118904007	5	4	1
08f22f7f-79c6-54a9-a178-6386e048d0c7	chr7	118905375	119042143	8	7	1
08f22f7f-79c6-54a9-a178-6386e048d0c7	chr7	119042202	119453385	5	4	1
08f22f7f-79c6-54a9-a178-6386e048d0c7	chr7	119462593	119524610	11	11	0
08f22f7f-79c6-54a9-a178-6386e048d0c7	chr7	119526200	120343063	5	4	1
08f22f7f-79c6-54a9-a178-6386e048d0c7	chr7	120343416	121238286	7	6	1
08f22f7f-79c6-54a9-a178-6386e048d0c7	chr7	121238307	125990752	5	4	1
08f22f7f-79c6-54a9-a178-6386e048d0c7	chr7	125994648	126242166	7	6	1
08f22f7f-79c6-54a9-a178-6386e048d0c7	chr7	126242331	132776621	5	4	1
08f22f7f-79c6-54a9-a178-6386e048d0c7	chr7	132780971	133227971	7	6	1
08f22f7f-79c6-54a9-a178-6386e048d0c7	chr7	133228724	159334314	5	4	1
08f22f7f-79c6-54a9-a178-6386e048d0c7	chr8	81254	43025271	2	2	0
08f22f7f-79c6-54a9-a178-6386e048d0c7	chr8	43026230	43912083	6	4	2
08f22f7f-79c6-54a9-a178-6386e048d0c7	chr8	43923771	48843148	8	7	1
08f22f7f-79c6-54a9-a178-6386e048d0c7	chr8	48844633	52463982	12	10	2
08f22f7f-79c6-54a9-a178-6386e048d0c7	chr8	52464093	53202095	9	7	2
08f22f7f-79c6-54a9-a178-6386e048d0c7	chr8	53202201	55140339	8	6	2
08f22f7f-79c6-54a9-a178-6386e048d0c7	chr8	55142689	56899035	7	5	2
08f22f7f-79c6-54a9-a178-6386e048d0c7	chr8	56899676	57203991	9	7	2
08f22f7f-79c6-54a9-a178-6386e048d0c7	chr8	57204927	58144967	7	5	2
08f22f7f-79c6-54a9-a178-6386e048d0c7	chr8	58145459	60045191	6	4	2
08f22f7f-79c6-54a9-a178-6386e048d0c7	chr8	60045352	62915307	8	6	2
08f22f7f-79c6-54a9-a178-6386e048d0c7	chr8	62915756	63109351	5	3	2
08f22f7f-79c6-54a9-a178-6386e048d0c7	chr8	63111369	64991753	7	5	2
08f22f7f-79c6-54a9-a178-6386e048d0c7	chr8	64996196	65889477	4	2	2
08f22f7f-79c6-54a9-a178-6386e048d0c7	chr8	65890064	67332590	7	5	2
08f22f7f-79c6-54a9-a178-6386e048d0c7	chr8	67332967	68645758	5	3	2
08f22f7f-79c6-54a9-a178-6386e048d0c7	chr8	68646232	69432170	6	3	3
08f22f7f-79c6-54a9-a178-6386e048d0c7	chr8	69432976	71901510	4	2	2
08f22f7f-79c6-54a9-a178-6386e048d0c7	chr8	71905253	72091292	6	3	3
08f22f7f-79c6-54a9-a178-6386e048d0c7	chr8	72096958	75528555	4	2	2
08f22f7f-79c6-54a9-a178-6386e048d0c7	chr8	75528683	76333057	5	3	2
08f22f7f-79c6-54a9-a178-6386e048d0c7	chr8	76333096	79752016	4	2	2
08f22f7f-79c6-54a9-a178-6386e048d0c7	chr8	79752713	82124056	6	3	3
08f22f7f-79c6-54a9-a178-6386e048d0c7	chr8	82124176	85465782	5	3	2
08f22f7f-79c6-54a9-a178-6386e048d0c7	chr8	85465905	85481419	6	4	2
08f22f7f-79c6-54a9-a178-6386e048d0c7	chr8	85481805	87624560	10	7	3
08f22f7f-79c6-54a9-a178-6386e048d0c7	chr8	87631193	89003375	5	3	2
08f22f7f-79c6-54a9-a178-6386e048d0c7	chr8	89004418	89875575	7	4	3
08f22f7f-79c6-54a9-a178-6386e048d0c7	chr8	89880899	90682598	3	3	0
08f22f7f-79c6-54a9-a178-6386e048d0c7	chr8	90684935	91214126	4	4	0
08f22f7f-79c6-54a9-a178-6386e048d0c7	chr8	91214847	91321158	5	4	1
08f22f7f-79c6-54a9-a178-6386e048d0c7	chr8	91322697	91367758	2	2	0
08f22f7f-79c6-54a9-a178-6386e048d0c7	chr8	91372163	92882104	10	8	2
08f22f7f-79c6-54a9-a178-6386e048d0c7	chr8	92883940	96707134	9	8	1
08f22f7f-79c6-54a9-a178-6386e048d0c7	chr8	96709643	98445686	8	7	1
08f22f7f-79c6-54a9-a178-6386e048d0c7	chr8	98447195	99641036	10	9	1
08f22f7f-79c6-54a9-a178-6386e048d0c7	chr8	99641629	111917180	8	7	1
08f22f7f-79c6-54a9-a178-6386e048d0c7	chr8	111921754	115788737	11	7	4
08f22f7f-79c6-54a9-a178-6386e048d0c7	chr8	115789053	134555561	8	7	1
08f22f7f-79c6-54a9-a178-6386e048d0c7	chr8	134557115	136221422	7	6	1
08f22f7f-79c6-54a9-a178-6386e048d0c7	chr8	136222232	137925818	8	7	1
08f22f7f-79c6-54a9-a178-6386e048d0c7	chr8	137930670	138039603	4	4	0
08f22f7f-79c6-54a9-a178-6386e048d0c7	chr8	138039743	140170374	6	5	1
08f22f7f-79c6-54a9-a178-6386e048d0c7	chr8	140172026	143228447	4	3	1
08f22f7f-79c6-54a9-a178-6386e048d0c7	chr8	143232207	144121081	2	1	1
08f22f7f-79c6-54a9-a178-6386e048d0c7	chr8	144121574	145072769	1	1	0
08f22f7f-79c6-54a9-a178-6386e048d0c7	chr9	46587	423662	2	2	0
08f22f7f-79c6-54a9-a178-6386e048d0c7	chr9	424327	776349	1	1	0
08f22f7f-79c6-54a9-a178-6386e048d0c7	chr9	776473	1472056	2	2	0
08f22f7f-79c6-54a9-a178-6386e048d0c7	chr9	1475882	1490830	4	4	0
08f22f7f-79c6-54a9-a178-6386e048d0c7	chr9	1491796	41741113	4	2	2
08f22f7f-79c6-54a9-a178-6386e048d0c7	chr9	60863881	71067714	3	2	1
08f22f7f-79c6-54a9-a178-6386e048d0c7	chr9	71067905	76032285	4	2	2
08f22f7f-79c6-54a9-a178-6386e048d0c7	chr9	76032363	76667673	6	4	2
08f22f7f-79c6-54a9-a178-6386e048d0c7	chr9	76668809	77666838	4	2	2
08f22f7f-79c6-54a9-a178-6386e048d0c7	chr9	77667074	78466077	6	4	2
08f22f7f-79c6-54a9-a178-6386e048d0c7	chr9	78468981	112462542	4	2	2
08f22f7f-79c6-54a9-a178-6386e048d0c7	chr9	112462973	113100238	3	2	1
08f22f7f-79c6-54a9-a178-6386e048d0c7	chr9	113101147	138020138	4	2	2
08f22f7f-79c6-54a9-a178-6386e048d0c7	chr9	138024491	138200944	3	2	1
08f22f7f-79c6-54a9-a178-6386e048d0c7	chr10	45792	1124836	1	1	0
08f22f7f-79c6-54a9-a178-6386e048d0c7	chr10	1125794	1183608	2	1	1
08f22f7f-79c6-54a9-a178-6386e048d0c7	chr10	1183681	2476938	4	2	2
08f22f7f-79c6-54a9-a178-6386e048d0c7	chr10	2477166	3842675	2	2	0
08f22f7f-79c6-54a9-a178-6386e048d0c7	chr10	3843000	3854037	8	6	2
08f22f7f-79c6-54a9-a178-6386e048d0c7	chr10	3854494	4363810	5	3	2
08f22f7f-79c6-54a9-a178-6386e048d0c7	chr10	4364045	38256846	2	2	0
08f22f7f-79c6-54a9-a178-6386e048d0c7	chr10	38259275	43103823	3	3	0
08f22f7f-79c6-54a9-a178-6386e048d0c7	chr10	43103838	45057129	1	1	0
08f22f7f-79c6-54a9-a178-6386e048d0c7	chr10	45060180	46170858	3	3	0
08f22f7f-79c6-54a9-a178-6386e048d0c7	chr10	46174452	48225465	1	1	0
08f22f7f-79c6-54a9-a178-6386e048d0c7	chr10	48232125	50242107	3	3	0
08f22f7f-79c6-54a9-a178-6386e048d0c7	chr10	50242415	58220433	4	4	0
08f22f7f-79c6-54a9-a178-6386e048d0c7	chr10	58220891	69690411	2	2	0
08f22f7f-79c6-54a9-a178-6386e048d0c7	chr10	69690720	69710969	3	3	0
08f22f7f-79c6-54a9-a178-6386e048d0c7	chr10	69714737	70288716	2	2	0
08f22f7f-79c6-54a9-a178-6386e048d0c7	chr10	70289138	98593570	3	3	0
08f22f7f-79c6-54a9-a178-6386e048d0c7	chr10	98593859	99562666	4	4	0
08f22f7f-79c6-54a9-a178-6386e048d0c7	chr10	99562798	100654647	3	3	0
08f22f7f-79c6-54a9-a178-6386e048d0c7	chr10	100660705	101508503	4	4	0
08f22f7f-79c6-54a9-a178-6386e048d0c7	chr10	101509223	132987647	3	3	0
08f22f7f-79c6-54a9-a178-6386e048d0c7	chr10	132988338	133654968	4	4	0
08f22f7f-79c6-54a9-a178-6386e048d0c7	chr11	198510	546720	1	1	0
08f22f7f-79c6-54a9-a178-6386e048d0c7	chr11	549959	587512	2	2	0
08f22f7f-79c6-54a9-a178-6386e048d0c7	chr11	589246	598033	1	1	0
08f22f7f-79c6-54a9-a178-6386e048d0c7	chr11	606294	2153622	2	2	0
08f22f7f-79c6-54a9-a178-6386e048d0c7	chr11	2157440	2289640	3	2	1
08f22f7f-79c6-54a9-a178-6386e048d0c7	chr11	2289922	3170643	5	3	2
08f22f7f-79c6-54a9-a178-6386e048d0c7	chr11	3172698	5222480	3	2	1
08f22f7f-79c6-54a9-a178-6386e048d0c7	chr11	5223433	13461862	2	2	0
08f22f7f-79c6-54a9-a178-6386e048d0c7	chr11	13466277	16382339	3	2	1
08f22f7f-79c6-54a9-a178-6386e048d0c7	chr11	16382737	18821956	4	2	2
08f22f7f-79c6-54a9-a178-6386e048d0c7	chr11	18822541	19112496	5	3	2
08f22f7f-79c6-54a9-a178-6386e048d0c7	chr11	19113275	50560016	2	2	0
08f22f7f-79c6-54a9-a178-6386e048d0c7	chr11	50561088	84847603	4	2	2
08f22f7f-79c6-54a9-a178-6386e048d0c7	chr11	84847627	85114102	3	2	1
08f22f7f-79c6-54a9-a178-6386e048d0c7	chr11	85114523	135074876	4	2	2
08f22f7f-79c6-54a9-a178-6386e048d0c7	chr12	51460	9066010	4	2	2
08f22f7f-79c6-54a9-a178-6386e048d0c7	chr12	9070646	34307158	2	2	0
08f22f7f-79c6-54a9-a178-6386e048d0c7	chr12	34307627	34701563	3	2	1
08f22f7f-79c6-54a9-a178-6386e048d0c7	chr12	37463949	40147232	4	2	2
08f22f7f-79c6-54a9-a178-6386e048d0c7	chr12	40147356	133201603	3	2	1
08f22f7f-79c6-54a9-a178-6386e048d0c7	chr13	18452809	114342922	2	2	0
08f22f7f-79c6-54a9-a178-6386e048d0c7	chr14	18239283	19957701	5	3	2
08f22f7f-79c6-54a9-a178-6386e048d0c7	chr14	19957752	22798846	4	2	2
08f22f7f-79c6-54a9-a178-6386e048d0c7	chr14	22798909	43363029	5	3	2
08f22f7f-79c6-54a9-a178-6386e048d0c7	chr14	43387556	43505952	2	1	1
08f22f7f-79c6-54a9-a178-6386e048d0c7	chr14	43506005	52778576	5	3	2
08f22f7f-79c6-54a9-a178-6386e048d0c7	chr14	52779445	53494910	3	2	1
08f22f7f-79c6-54a9-a178-6386e048d0c7	chr14	53495845	53592283	4	2	2
08f22f7f-79c6-54a9-a178-6386e048d0c7	chr14	53599579	53872775	6	4	2
08f22f7f-79c6-54a9-a178-6386e048d0c7	chr14	53872917	54007081	4	2	2
08f22f7f-79c6-54a9-a178-6386e048d0c7	chr14	54007804	106877229	3	2	1
08f22f7f-79c6-54a9-a178-6386e048d0c7	chr15	19811075	22300068	6	3	3
08f22f7f-79c6-54a9-a178-6386e048d0c7	chr15	23396367	35231877	5	4	1
08f22f7f-79c6-54a9-a178-6386e048d0c7	chr15	35235447	58609070	2	1	1
08f22f7f-79c6-54a9-a178-6386e048d0c7	chr15	58611400	59351276	3	2	1
08f22f7f-79c6-54a9-a178-6386e048d0c7	chr15	59351594	69742994	2	1	1
08f22f7f-79c6-54a9-a178-6386e048d0c7	chr15	69745500	71395312	3	2	1
08f22f7f-79c6-54a9-a178-6386e048d0c7	chr15	71395803	73912569	2	1	1
08f22f7f-79c6-54a9-a178-6386e048d0c7	chr15	73913466	75349774	3	2	1
08f22f7f-79c6-54a9-a178-6386e048d0c7	chr15	75351418	76012133	2	1	1
08f22f7f-79c6-54a9-a178-6386e048d0c7	chr15	76012162	76233850	3	2	1
08f22f7f-79c6-54a9-a178-6386e048d0c7	chr15	76236229	85299011	2	1	1
08f22f7f-79c6-54a9-a178-6386e048d0c7	chr15	85302227	85802740	3	2	1
08f22f7f-79c6-54a9-a178-6386e048d0c7	chr15	85802851	88499576	2	1	1
08f22f7f-79c6-54a9-a178-6386e048d0c7	chr15	88500992	88930783	3	2	1
08f22f7f-79c6-54a9-a178-6386e048d0c7	chr15	88932069	89052225	4	3	1
08f22f7f-79c6-54a9-a178-6386e048d0c7	chr15	89052287	89211666	3	2	1
08f22f7f-79c6-54a9-a178-6386e048d0c7	chr15	89211723	90220068	2	1	1
08f22f7f-79c6-54a9-a178-6386e048d0c7	chr15	90228968	98307263	4	3	1
08f22f7f-79c6-54a9-a178-6386e048d0c7	chr15	98311764	99668148	6	5	1
08f22f7f-79c6-54a9-a178-6386e048d0c7	chr15	99669221	101928837	2	1	1
08f22f7f-79c6-54a9-a178-6386e048d0c7	chr16	10777	19137440	2	2	0
08f22f7f-79c6-54a9-a178-6386e048d0c7	chr16	19139808	19286681	4	3	1
08f22f7f-79c6-54a9-a178-6386e048d0c7	chr16	19288039	26485134	2	2	0
08f22f7f-79c6-54a9-a178-6386e048d0c7	chr16	26487371	28020002	1	1	0
08f22f7f-79c6-54a9-a178-6386e048d0c7	chr16	28023130	28205353	2	2	0
08f22f7f-79c6-54a9-a178-6386e048d0c7	chr16	28206898	29903934	4	2	2
08f22f7f-79c6-54a9-a178-6386e048d0c7	chr16	29909167	31871503	2	2	0
08f22f7f-79c6-54a9-a178-6386e048d0c7	chr16	31873189	49264234	1	1	0
08f22f7f-79c6-54a9-a178-6386e048d0c7	chr16	49267126	72812309	2	2	0
08f22f7f-79c6-54a9-a178-6386e048d0c7	chr16	72815506	72836049	0	0	0
08f22f7f-79c6-54a9-a178-6386e048d0c7	chr16	72836447	90096867	2	2	0
08f22f7f-79c6-54a9-a178-6386e048d0c7	chr17	150733	977477	2	1	1
08f22f7f-79c6-54a9-a178-6386e048d0c7	chr17	987971	1236097	6	5	1
08f22f7f-79c6-54a9-a178-6386e048d0c7	chr17	1236662	1338036	11	10	1
08f22f7f-79c6-54a9-a178-6386e048d0c7	chr17	1338861	3095898	7	5	2
08f22f7f-79c6-54a9-a178-6386e048d0c7	chr17	3097423	5086179	5	3	2
08f22f7f-79c6-54a9-a178-6386e048d0c7	chr17	5086323	7676734	7	5	2
08f22f7f-79c6-54a9-a178-6386e048d0c7	chr17	7679616	9971070	2	2	0
08f22f7f-79c6-54a9-a178-6386e048d0c7	chr17	9971911	10069392	1	1	0
08f22f7f-79c6-54a9-a178-6386e048d0c7	chr17	10073260	13039149	2	2	0
08f22f7f-79c6-54a9-a178-6386e048d0c7	chr17	13039568	15112982	8	6	2
08f22f7f-79c6-54a9-a178-6386e048d0c7	chr17	15113682	15157488	1	1	0
08f22f7f-79c6-54a9-a178-6386e048d0c7	chr17	15157638	15444763	8	6	2
08f22f7f-79c6-54a9-a178-6386e048d0c7	chr17	15445800	26949301	7	5	2
08f22f7f-79c6-54a9-a178-6386e048d0c7	chr17	26955079	57498166	3	2	1
08f22f7f-79c6-54a9-a178-6386e048d0c7	chr17	57498399	57523920	2	1	1
08f22f7f-79c6-54a9-a178-6386e048d0c7	chr17	57524248	83091923	3	2	1
08f22f7f-79c6-54a9-a178-6386e048d0c7	chr18	48133	4951985	5	3	2
08f22f7f-79c6-54a9-a178-6386e048d0c7	chr18	4953116	5003538	3	2	1
08f22f7f-79c6-54a9-a178-6386e048d0c7	chr18	5012396	13567482	5	3	2
08f22f7f-79c6-54a9-a178-6386e048d0c7	chr18	13568488	13992795	4	2	2
08f22f7f-79c6-54a9-a178-6386e048d0c7	chr18	13993248	14908176	3	2	1
08f22f7f-79c6-54a9-a178-6386e048d0c7	chr18	14908607	15402409	5	3	2
08f22f7f-79c6-54a9-a178-6386e048d0c7	chr18	20949392	79728024	2	2	0
08f22f7f-79c6-54a9-a178-6386e048d0c7	chr18	79731280	80257174	1	1	0
08f22f7f-79c6-54a9-a178-6386e048d0c7	chr19	90910	7428187	2	2	0
08f22f7f-79c6-54a9-a178-6386e048d0c7	chr19	7429750	8161521	4	2	2
08f22f7f-79c6-54a9-a178-6386e048d0c7	chr19	8167312	8556954	8	6	2
08f22f7f-79c6-54a9-a178-6386e048d0c7	chr19	8567703	8603648	5	5	0
08f22f7f-79c6-54a9-a178-6386e048d0c7	chr19	8603862	8614118	6	4	2
08f22f7f-79c6-54a9-a178-6386e048d0c7	chr19	8614604	9889630	5	3	2
08f22f7f-79c6-54a9-a178-6386e048d0c7	chr19	9890200	9992000	12	9	3
08f22f7f-79c6-54a9-a178-6386e048d0c7	chr19	9995995	10885971	5	3	2
08f22f7f-79c6-54a9-a178-6386e048d0c7	chr19	10887955	11746259	10	8	2
08f22f7f-79c6-54a9-a178-6386e048d0c7	chr19	11746983	13410714	7	5	2
08f22f7f-79c6-54a9-a178-6386e048d0c7	chr19	13410838	14143786	11	9	2
08f22f7f-79c6-54a9-a178-6386e048d0c7	chr19	14168665	14694024	2	2	0
08f22f7f-79c6-54a9-a178-6386e048d0c7	chr19	14695847	15044898	6	4	2
08f22f7f-79c6-54a9-a178-6386e048d0c7	chr19	15045662	20484258	2	2	0
08f22f7f-79c6-54a9-a178-6386e048d0c7	chr19	20487838	21165985	5	3	2
08f22f7f-79c6-54a9-a178-6386e048d0c7	chr19	21167527	21658439	2	2	0
08f22f7f-79c6-54a9-a178-6386e048d0c7	chr19	21660818	21781520	8	7	1
08f22f7f-79c6-54a9-a178-6386e048d0c7	chr19	21783820	22049522	8	6	2
08f22f7f-79c6-54a9-a178-6386e048d0c7	chr19	22053417	22193575	4	2	2
08f22f7f-79c6-54a9-a178-6386e048d0c7	chr19	22193974	23246898	2	2	0
08f22f7f-79c6-54a9-a178-6386e048d0c7	chr19	23254404	27941049	5	3	2
08f22f7f-79c6-54a9-a178-6386e048d0c7	chr19	27941165	30220274	8	6	2
08f22f7f-79c6-54a9-a178-6386e048d0c7	chr19	30220335	30981460	6	4	2
08f22f7f-79c6-54a9-a178-6386e048d0c7	chr19	30982334	58586487	3	2	1
08f22f7f-79c6-54a9-a178-6386e048d0c7	chr20	80664	739096	3	2	1
08f22f7f-79c6-54a9-a178-6386e048d0c7	chr20	739210	25032173	5	3	2
08f22f7f-79c6-54a9-a178-6386e048d0c7	chr20	25033570	26324855	4	3	1
08f22f7f-79c6-54a9-a178-6386e048d0c7	chr20	26324943	30222705	9	9	0
08f22f7f-79c6-54a9-a178-6386e048d0c7	chr20	30224631	30417073	11	8	3
08f22f7f-79c6-54a9-a178-6386e048d0c7	chr20	31247246	40054827	2	2	0
08f22f7f-79c6-54a9-a178-6386e048d0c7	chr20	40055130	55486619	6	3	3
08f22f7f-79c6-54a9-a178-6386e048d0c7	chr20	55486654	55719303	7	4	3
08f22f7f-79c6-54a9-a178-6386e048d0c7	chr20	55719317	61720907	6	3	3
08f22f7f-79c6-54a9-a178-6386e048d0c7	chr20	61720984	64006728	5	3	2
08f22f7f-79c6-54a9-a178-6386e048d0c7	chr20	64007759	64324800	4	3	1
08f22f7f-79c6-54a9-a178-6386e048d0c7	chr21	12973348	14750821	5	3	2
08f22f7f-79c6-54a9-a178-6386e048d0c7	chr21	14750874	14756318	3	2	1
08f22f7f-79c6-54a9-a178-6386e048d0c7	chr21	14758136	27535682	5	3	2
08f22f7f-79c6-54a9-a178-6386e048d0c7	chr21	27541129	27605139	7	4	3
08f22f7f-79c6-54a9-a178-6386e048d0c7	chr21	27607188	46677045	5	3	2
08f22f7f-79c6-54a9-a178-6386e048d0c7	chr22	16392123	50796027	2	2	0
08f22f7f-79c6-54a9-a178-6386e048d0c7	chrX	251810	490407	3	2	1
08f22f7f-79c6-54a9-a178-6386e048d0c7	chrX	507629	1545873	4	2	2
08f22f7f-79c6-54a9-a178-6386e048d0c7	chrX	1583419	1731702	5	3	2
08f22f7f-79c6-54a9-a178-6386e048d0c7	chrX	1731860	1771710	3	2	1
08f22f7f-79c6-54a9-a178-6386e048d0c7	chrX	1774155	2671220	4	2	2
08f22f7f-79c6-54a9-a178-6386e048d0c7	chrX	2671231	2719466	3	2	1
08f22f7f-79c6-54a9-a178-6386e048d0c7	chrX	2720458	2771534	5	3	2
08f22f7f-79c6-54a9-a178-6386e048d0c7	chrX	2771845	3047125	2	1	1
08f22f7f-79c6-54a9-a178-6386e048d0c7	chrX	3048180	153448214	1	1	0
08f22f7f-79c6-54a9-a178-6386e048d0c7	chrX	153449494	156004181	2	1	1
08f22f7f-79c6-54a9-a178-6386e048d0c7	chrY	2782397	26653788	4	2	2
08f22f7f-79c6-54a9-a178-6386e048d0c7	chrY	56872112	56872112	1	1	0
