GDC_Aliquot	Chromosome	Start	End	Copy_Number	Major_Copy_Number	Minor_Copy_Number
b015cc6a-1c02-580d-89ce-e713d5a7ad09	chr1	62920	3020306	4	3	1
b015cc6a-1c02-580d-89ce-e713d5a7ad09	chr1	3020748	49100529	3	2	1
b015cc6a-1c02-580d-89ce-e713d5a7ad09	chr1	49100885	95946902	4	2	2
b015cc6a-1c02-580d-89ce-e713d5a7ad09	chr1	95949108	99580538	5	3	2
b015cc6a-1c02-580d-89ce-e713d5a7ad09	chr1	99580690	110834943	4	2	2
b015cc6a-1c02-580d-89ce-e713d5a7ad09	chr1	110834946	110845604	0	0	0
b015cc6a-1c02-580d-89ce-e713d5a7ad09	chr1	110849445	121705338	4	2	2
b015cc6a-1c02-580d-89ce-e713d5a7ad09	chr1	143541857	148359050	6	4	2
b015cc6a-1c02-580d-89ce-e713d5a7ad09	chr1	149761178	152783934	4	2	2
b015cc6a-1c02-580d-89ce-e713d5a7ad09	chr1	152784062	152909213	2	1	1
b015cc6a-1c02-580d-89ce-e713d5a7ad09	chr1	152909270	183710208	4	2	2
b015cc6a-1c02-580d-89ce-e713d5a7ad09	chr1	183712451	248930189	2	2	0
b015cc6a-1c02-580d-89ce-e713d5a7ad09	chr2	12784	9126106	3	2	1
b015cc6a-1c02-580d-89ce-e713d5a7ad09	chr2	9126942	13060017	4	2	2
b015cc6a-1c02-580d-89ce-e713d5a7ad09	chr2	13060284	13220983	5	3	2
b015cc6a-1c02-580d-89ce-e713d5a7ad09	chr2	13221942	42868646	4	2	2
b015cc6a-1c02-580d-89ce-e713d5a7ad09	chr2	42868731	42911154	3	2	1
b015cc6a-1c02-580d-89ce-e713d5a7ad09	chr2	42912044	88831554	4	2	2
b015cc6a-1c02-580d-89ce-e713d5a7ad09	chr2	88833611	89201750	9	9	0
b015cc6a-1c02-580d-89ce-e713d5a7ad09	chr2	89218971	121128196	4	2	2
b015cc6a-1c02-580d-89ce-e713d5a7ad09	chr2	121128272	126184624	3	2	1
b015cc6a-1c02-580d-89ce-e713d5a7ad09	chr2	126186435	131582022	1	1	0
b015cc6a-1c02-580d-89ce-e713d5a7ad09	chr2	131582223	131739576	2	2	0
b015cc6a-1c02-580d-89ce-e713d5a7ad09	chr2	131739641	145781212	1	1	0
b015cc6a-1c02-580d-89ce-e713d5a7ad09	chr2	145784173	146107015	4	4	0
b015cc6a-1c02-580d-89ce-e713d5a7ad09	chr2	146107511	150263041	2	2	0
b015cc6a-1c02-580d-89ce-e713d5a7ad09	chr2	150264934	150963392	4	2	2
b015cc6a-1c02-580d-89ce-e713d5a7ad09	chr2	150963498	151484745	2	2	0
b015cc6a-1c02-580d-89ce-e713d5a7ad09	chr2	151485217	154352287	4	2	2
b015cc6a-1c02-580d-89ce-e713d5a7ad09	chr2	154354649	154394530	7	5	2
b015cc6a-1c02-580d-89ce-e713d5a7ad09	chr2	154395270	154792009	4	2	2
b015cc6a-1c02-580d-89ce-e713d5a7ad09	chr2	154792826	155676544	3	2	1
b015cc6a-1c02-580d-89ce-e713d5a7ad09	chr2	155678895	155932397	4	2	2
b015cc6a-1c02-580d-89ce-e713d5a7ad09	chr2	155932704	157045041	3	2	1
b015cc6a-1c02-580d-89ce-e713d5a7ad09	chr2	157048717	159595016	1	1	0
b015cc6a-1c02-580d-89ce-e713d5a7ad09	chr2	159600564	160591476	4	2	2
b015cc6a-1c02-580d-89ce-e713d5a7ad09	chr2	160592434	160617462	2	1	1
b015cc6a-1c02-580d-89ce-e713d5a7ad09	chr2	160618377	160618377	4	4	0
b015cc6a-1c02-580d-89ce-e713d5a7ad09	chr2	160619384	161700077	2	2	0
b015cc6a-1c02-580d-89ce-e713d5a7ad09	chr2	161706920	164506306	4	2	2
b015cc6a-1c02-580d-89ce-e713d5a7ad09	chr2	164506331	165083294	1	1	0
b015cc6a-1c02-580d-89ce-e713d5a7ad09	chr2	165087458	166601235	4	2	2
b015cc6a-1c02-580d-89ce-e713d5a7ad09	chr2	166613191	167399160	1	1	0
b015cc6a-1c02-580d-89ce-e713d5a7ad09	chr2	167399178	168502943	4	2	2
b015cc6a-1c02-580d-89ce-e713d5a7ad09	chr2	168504528	169316654	1	1	0
b015cc6a-1c02-580d-89ce-e713d5a7ad09	chr2	169325230	170249278	4	2	2
b015cc6a-1c02-580d-89ce-e713d5a7ad09	chr2	170250306	242147305	1	1	0
b015cc6a-1c02-580d-89ce-e713d5a7ad09	chr3	20930	20797056	3	3	0
b015cc6a-1c02-580d-89ce-e713d5a7ad09	chr3	20797076	31404379	4	4	0
b015cc6a-1c02-580d-89ce-e713d5a7ad09	chr3	31404605	68821030	3	3	0
b015cc6a-1c02-580d-89ce-e713d5a7ad09	chr3	68821064	68835486	2	2	0
b015cc6a-1c02-580d-89ce-e713d5a7ad09	chr3	68839579	85100019	3	3	0
b015cc6a-1c02-580d-89ce-e713d5a7ad09	chr3	85101667	86006421	6	4	2
b015cc6a-1c02-580d-89ce-e713d5a7ad09	chr3	86016330	88469746	9	5	4
b015cc6a-1c02-580d-89ce-e713d5a7ad09	chr3	88471838	89137297	14	10	4
b015cc6a-1c02-580d-89ce-e713d5a7ad09	chr3	89137412	90453712	8	5	3
b015cc6a-1c02-580d-89ce-e713d5a7ad09	chr3	93800634	99225788	2	2	0
b015cc6a-1c02-580d-89ce-e713d5a7ad09	chr3	99225919	99230212	0	0	0
b015cc6a-1c02-580d-89ce-e713d5a7ad09	chr3	99230225	198169247	2	2	0
b015cc6a-1c02-580d-89ce-e713d5a7ad09	chr4	68929	49289338	3	2	1
b015cc6a-1c02-580d-89ce-e713d5a7ad09	chr4	49295203	58508905	2	2	0
b015cc6a-1c02-580d-89ce-e713d5a7ad09	chr4	58509416	58522514	1	1	0
b015cc6a-1c02-580d-89ce-e713d5a7ad09	chr4	58522594	81919763	2	2	0
b015cc6a-1c02-580d-89ce-e713d5a7ad09	chr4	81921908	81943725	3	2	1
b015cc6a-1c02-580d-89ce-e713d5a7ad09	chr4	81944775	81988325	2	2	0
b015cc6a-1c02-580d-89ce-e713d5a7ad09	chr4	81988973	82533402	3	2	1
b015cc6a-1c02-580d-89ce-e713d5a7ad09	chr4	82547981	90650978	2	2	0
b015cc6a-1c02-580d-89ce-e713d5a7ad09	chr4	90652053	90986619	3	2	1
b015cc6a-1c02-580d-89ce-e713d5a7ad09	chr4	90986967	134167160	2	2	0
b015cc6a-1c02-580d-89ce-e713d5a7ad09	chr4	134167520	134469529	5	3	2
b015cc6a-1c02-580d-89ce-e713d5a7ad09	chr4	134473495	139241261	2	2	0
b015cc6a-1c02-580d-89ce-e713d5a7ad09	chr4	139242882	150193159	4	2	2
b015cc6a-1c02-580d-89ce-e713d5a7ad09	chr4	150196741	177553791	3	2	1
b015cc6a-1c02-580d-89ce-e713d5a7ad09	chr4	177563079	177610215	6	5	1
b015cc6a-1c02-580d-89ce-e713d5a7ad09	chr4	177610255	190106768	3	2	1
b015cc6a-1c02-580d-89ce-e713d5a7ad09	chr5	15532	7540338	3	3	0
b015cc6a-1c02-580d-89ce-e713d5a7ad09	chr5	7540771	14103776	4	4	0
b015cc6a-1c02-580d-89ce-e713d5a7ad09	chr5	14106027	14138362	3	3	0
b015cc6a-1c02-580d-89ce-e713d5a7ad09	chr5	14138753	50265394	4	4	0
b015cc6a-1c02-580d-89ce-e713d5a7ad09	chr5	50268794	164303338	2	2	0
b015cc6a-1c02-580d-89ce-e713d5a7ad09	chr5	164304001	165418916	1	1	0
b015cc6a-1c02-580d-89ce-e713d5a7ad09	chr5	165419454	165582391	2	2	0
b015cc6a-1c02-580d-89ce-e713d5a7ad09	chr5	165582780	175512898	1	1	0
b015cc6a-1c02-580d-89ce-e713d5a7ad09	chr5	175519064	181363319	3	2	1
b015cc6a-1c02-580d-89ce-e713d5a7ad09	chr6	149661	47445812	3	2	1
b015cc6a-1c02-580d-89ce-e713d5a7ad09	chr6	47446660	60351931	2	2	0
b015cc6a-1c02-580d-89ce-e713d5a7ad09	chr6	60352984	62168068	4	2	2
b015cc6a-1c02-580d-89ce-e713d5a7ad09	chr6	62168481	63123911	3	2	1
b015cc6a-1c02-580d-89ce-e713d5a7ad09	chr6	63124353	143509041	2	2	0
b015cc6a-1c02-580d-89ce-e713d5a7ad09	chr6	143511463	170741917	3	2	1
b015cc6a-1c02-580d-89ce-e713d5a7ad09	chr7	43259	14156124	2	2	0
b015cc6a-1c02-580d-89ce-e713d5a7ad09	chr7	14156989	14197913	3	3	0
b015cc6a-1c02-580d-89ce-e713d5a7ad09	chr7	14200505	17660190	2	2	0
b015cc6a-1c02-580d-89ce-e713d5a7ad09	chr7	17660513	17999265	1	1	0
b015cc6a-1c02-580d-89ce-e713d5a7ad09	chr7	18000641	18193835	2	2	0
b015cc6a-1c02-580d-89ce-e713d5a7ad09	chr7	18199222	19690946	1	1	0
b015cc6a-1c02-580d-89ce-e713d5a7ad09	chr7	19695863	20166563	2	2	0
b015cc6a-1c02-580d-89ce-e713d5a7ad09	chr7	20167734	53723562	1	1	0
b015cc6a-1c02-580d-89ce-e713d5a7ad09	chr7	53727424	62322298	2	2	0
b015cc6a-1c02-580d-89ce-e713d5a7ad09	chr7	62324395	79923021	4	2	2
b015cc6a-1c02-580d-89ce-e713d5a7ad09	chr7	79923821	86394629	5	3	2
b015cc6a-1c02-580d-89ce-e713d5a7ad09	chr7	86394902	94381773	4	2	2
b015cc6a-1c02-580d-89ce-e713d5a7ad09	chr7	94381831	94451869	8	5	3
b015cc6a-1c02-580d-89ce-e713d5a7ad09	chr7	94455290	147181839	4	2	2
b015cc6a-1c02-580d-89ce-e713d5a7ad09	chr7	147183313	147387892	1	1	0
b015cc6a-1c02-580d-89ce-e713d5a7ad09	chr7	147388953	152842423	4	2	2
b015cc6a-1c02-580d-89ce-e713d5a7ad09	chr7	152859405	159334314	3	2	1
b015cc6a-1c02-580d-89ce-e713d5a7ad09	chr8	81254	145072769	2	2	0
b015cc6a-1c02-580d-89ce-e713d5a7ad09	chr9	46587	21684614	2	2	0
b015cc6a-1c02-580d-89ce-e713d5a7ad09	chr9	21684690	23010073	0	0	0
b015cc6a-1c02-580d-89ce-e713d5a7ad09	chr9	23014286	23031512	3	2	1
b015cc6a-1c02-580d-89ce-e713d5a7ad09	chr9	23033771	38648038	2	2	0
b015cc6a-1c02-580d-89ce-e713d5a7ad09	chr9	38648778	113328594	4	2	2
b015cc6a-1c02-580d-89ce-e713d5a7ad09	chr9	113328833	113422082	3	2	1
b015cc6a-1c02-580d-89ce-e713d5a7ad09	chr9	113423707	122555616	4	2	2
b015cc6a-1c02-580d-89ce-e713d5a7ad09	chr9	122555667	138200944	3	2	1
b015cc6a-1c02-580d-89ce-e713d5a7ad09	chr10	45792	51071264	2	2	0
b015cc6a-1c02-580d-89ce-e713d5a7ad09	chr10	51075972	62187680	3	3	0
b015cc6a-1c02-580d-89ce-e713d5a7ad09	chr10	62190080	133654968	2	2	0
b015cc6a-1c02-580d-89ce-e713d5a7ad09	chr11	198510	4774077	2	1	1
b015cc6a-1c02-580d-89ce-e713d5a7ad09	chr11	4776199	4888994	1	1	0
b015cc6a-1c02-580d-89ce-e713d5a7ad09	chr11	4889109	46455911	2	1	1
b015cc6a-1c02-580d-89ce-e713d5a7ad09	chr11	46457165	55090446	3	2	1
b015cc6a-1c02-580d-89ce-e713d5a7ad09	chr11	55090832	55819981	6	4	2
b015cc6a-1c02-580d-89ce-e713d5a7ad09	chr11	55822479	55954001	7	5	2
b015cc6a-1c02-580d-89ce-e713d5a7ad09	chr11	55954203	63896624	6	4	2
b015cc6a-1c02-580d-89ce-e713d5a7ad09	chr11	63897410	64140000	8	6	2
b015cc6a-1c02-580d-89ce-e713d5a7ad09	chr11	64143303	69440030	5	3	2
b015cc6a-1c02-580d-89ce-e713d5a7ad09	chr11	69440908	84353257	6	4	2
b015cc6a-1c02-580d-89ce-e713d5a7ad09	chr11	84356954	86700457	7	5	2
b015cc6a-1c02-580d-89ce-e713d5a7ad09	chr11	86701375	88713280	5	3	2
b015cc6a-1c02-580d-89ce-e713d5a7ad09	chr11	88713474	88738902	7	4	3
b015cc6a-1c02-580d-89ce-e713d5a7ad09	chr11	88742609	91713258	6	4	2
b015cc6a-1c02-580d-89ce-e713d5a7ad09	chr11	91715111	131528292	5	3	2
b015cc6a-1c02-580d-89ce-e713d5a7ad09	chr11	131528440	131547657	3	2	1
b015cc6a-1c02-580d-89ce-e713d5a7ad09	chr11	131549994	135074876	5	3	2
b015cc6a-1c02-580d-89ce-e713d5a7ad09	chr12	51460	14978300	4	2	2
b015cc6a-1c02-580d-89ce-e713d5a7ad09	chr12	14980786	19652946	5	3	2
b015cc6a-1c02-580d-89ce-e713d5a7ad09	chr12	19653453	19952668	6	3	3
b015cc6a-1c02-580d-89ce-e713d5a7ad09	chr12	19952960	30446149	5	3	2
b015cc6a-1c02-580d-89ce-e713d5a7ad09	chr12	30446483	34701563	4	2	2
b015cc6a-1c02-580d-89ce-e713d5a7ad09	chr12	37463949	84560970	2	2	0
b015cc6a-1c02-580d-89ce-e713d5a7ad09	chr12	84563824	84767229	0	0	0
b015cc6a-1c02-580d-89ce-e713d5a7ad09	chr12	84767303	84782526	1	1	0
b015cc6a-1c02-580d-89ce-e713d5a7ad09	chr12	84783640	133201603	2	2	0
b015cc6a-1c02-580d-89ce-e713d5a7ad09	chr13	18452809	114342922	2	2	0
b015cc6a-1c02-580d-89ce-e713d5a7ad09	chr14	18239283	19964829	6	3	3
b015cc6a-1c02-580d-89ce-e713d5a7ad09	chr14	19964885	25686919	4	2	2
b015cc6a-1c02-580d-89ce-e713d5a7ad09	chr14	25686943	31865271	5	3	2
b015cc6a-1c02-580d-89ce-e713d5a7ad09	chr14	31865394	33057039	6	4	2
b015cc6a-1c02-580d-89ce-e713d5a7ad09	chr14	33057268	105758187	5	3	2
b015cc6a-1c02-580d-89ce-e713d5a7ad09	chr14	105779965	106320716	8	8	0
b015cc6a-1c02-580d-89ce-e713d5a7ad09	chr14	106321086	106823737	5	3	2
b015cc6a-1c02-580d-89ce-e713d5a7ad09	chr14	106826360	106877229	4	3	1
b015cc6a-1c02-580d-89ce-e713d5a7ad09	chr15	19811075	60139880	2	2	0
b015cc6a-1c02-580d-89ce-e713d5a7ad09	chr15	60143148	76599170	3	2	1
b015cc6a-1c02-580d-89ce-e713d5a7ad09	chr15	76599286	76603434	0	0	0
b015cc6a-1c02-580d-89ce-e713d5a7ad09	chr15	76609838	85182267	3	2	1
b015cc6a-1c02-580d-89ce-e713d5a7ad09	chr15	85183483	85603524	5	4	1
b015cc6a-1c02-580d-89ce-e713d5a7ad09	chr15	85605082	100788336	3	2	1
b015cc6a-1c02-580d-89ce-e713d5a7ad09	chr15	100790755	101928837	5	4	1
b015cc6a-1c02-580d-89ce-e713d5a7ad09	chr16	10777	1960968	1	1	0
b015cc6a-1c02-580d-89ce-e713d5a7ad09	chr16	1961006	34209701	2	2	0
b015cc6a-1c02-580d-89ce-e713d5a7ad09	chr16	35080991	81198821	4	2	2
b015cc6a-1c02-580d-89ce-e713d5a7ad09	chr16	81198985	90096867	3	2	1
b015cc6a-1c02-580d-89ce-e713d5a7ad09	chr17	150733	1169403	1	1	0
b015cc6a-1c02-580d-89ce-e713d5a7ad09	chr17	1170069	2687929	3	3	0
b015cc6a-1c02-580d-89ce-e713d5a7ad09	chr17	2688478	5000823	4	3	1
b015cc6a-1c02-580d-89ce-e713d5a7ad09	chr17	5003353	7741785	1	1	0
b015cc6a-1c02-580d-89ce-e713d5a7ad09	chr17	7745889	7797886	0	0	0
b015cc6a-1c02-580d-89ce-e713d5a7ad09	chr17	7801089	10501145	1	1	0
b015cc6a-1c02-580d-89ce-e713d5a7ad09	chr17	10506279	12267878	4	3	1
b015cc6a-1c02-580d-89ce-e713d5a7ad09	chr17	12268563	17315624	4	2	2
b015cc6a-1c02-580d-89ce-e713d5a7ad09	chr17	17316358	20259587	3	2	1
b015cc6a-1c02-580d-89ce-e713d5a7ad09	chr17	20260259	20530272	1	1	0
b015cc6a-1c02-580d-89ce-e713d5a7ad09	chr17	20530556	30729089	3	2	1
b015cc6a-1c02-580d-89ce-e713d5a7ad09	chr17	30734518	31093560	2	1	1
b015cc6a-1c02-580d-89ce-e713d5a7ad09	chr17	31099063	31257776	0	0	0
b015cc6a-1c02-580d-89ce-e713d5a7ad09	chr17	31258354	34572313	2	2	0
b015cc6a-1c02-580d-89ce-e713d5a7ad09	chr17	34572593	35558653	3	3	0
b015cc6a-1c02-580d-89ce-e713d5a7ad09	chr17	35558717	42088282	2	2	0
b015cc6a-1c02-580d-89ce-e713d5a7ad09	chr17	42094309	42974051	1	1	0
b015cc6a-1c02-580d-89ce-e713d5a7ad09	chr17	42978513	44223052	3	2	1
b015cc6a-1c02-580d-89ce-e713d5a7ad09	chr17	44223801	46085732	2	2	0
b015cc6a-1c02-580d-89ce-e713d5a7ad09	chr17	46088437	46286848	3	3	0
b015cc6a-1c02-580d-89ce-e713d5a7ad09	chr17	46323701	50515773	2	2	0
b015cc6a-1c02-580d-89ce-e713d5a7ad09	chr17	50524020	57104577	3	2	1
b015cc6a-1c02-580d-89ce-e713d5a7ad09	chr17	57104956	61134405	5	3	2
b015cc6a-1c02-580d-89ce-e713d5a7ad09	chr17	61137905	61820636	3	2	1
b015cc6a-1c02-580d-89ce-e713d5a7ad09	chr17	61823807	62352926	5	3	2
b015cc6a-1c02-580d-89ce-e713d5a7ad09	chr17	62354007	63073058	3	2	1
b015cc6a-1c02-580d-89ce-e713d5a7ad09	chr17	63075441	65073218	5	3	2
b015cc6a-1c02-580d-89ce-e713d5a7ad09	chr17	65073609	65528964	6	5	1
b015cc6a-1c02-580d-89ce-e713d5a7ad09	chr17	65541780	66157971	5	3	2
b015cc6a-1c02-580d-89ce-e713d5a7ad09	chr17	66162423	71766020	7	5	2
b015cc6a-1c02-580d-89ce-e713d5a7ad09	chr17	71766916	73083433	5	3	2
b015cc6a-1c02-580d-89ce-e713d5a7ad09	chr17	73084608	76705083	4	3	1
b015cc6a-1c02-580d-89ce-e713d5a7ad09	chr17	76705635	77132113	5	4	1
b015cc6a-1c02-580d-89ce-e713d5a7ad09	chr17	77134395	78748999	3	2	1
b015cc6a-1c02-580d-89ce-e713d5a7ad09	chr17	78758096	81418592	2	1	1
b015cc6a-1c02-580d-89ce-e713d5a7ad09	chr17	81418623	83091923	1	1	0
b015cc6a-1c02-580d-89ce-e713d5a7ad09	chr18	48133	80257174	2	2	0
b015cc6a-1c02-580d-89ce-e713d5a7ad09	chr19	90910	1916451	1	1	0
b015cc6a-1c02-580d-89ce-e713d5a7ad09	chr19	1921883	5481195	2	2	0
b015cc6a-1c02-580d-89ce-e713d5a7ad09	chr19	5481289	17966808	3	3	0
b015cc6a-1c02-580d-89ce-e713d5a7ad09	chr19	17972854	20043637	4	4	0
b015cc6a-1c02-580d-89ce-e713d5a7ad09	chr19	20044950	22242787	3	3	0
b015cc6a-1c02-580d-89ce-e713d5a7ad09	chr19	22243035	27390278	4	4	0
b015cc6a-1c02-580d-89ce-e713d5a7ad09	chr19	27418968	32510269	2	2	0
b015cc6a-1c02-580d-89ce-e713d5a7ad09	chr19	32512663	33384941	3	3	0
b015cc6a-1c02-580d-89ce-e713d5a7ad09	chr19	33385488	58586487	2	2	0
b015cc6a-1c02-580d-89ce-e713d5a7ad09	chr20	80664	25988653	3	3	0
b015cc6a-1c02-580d-89ce-e713d5a7ad09	chr20	25990129	51249799	4	4	0
b015cc6a-1c02-580d-89ce-e713d5a7ad09	chr20	51250526	51263564	3	3	0
b015cc6a-1c02-580d-89ce-e713d5a7ad09	chr20	51263677	60839732	4	4	0
b015cc6a-1c02-580d-89ce-e713d5a7ad09	chr20	60840114	64260467	3	3	0
b015cc6a-1c02-580d-89ce-e713d5a7ad09	chr20	64261403	64324800	0	0	0
b015cc6a-1c02-580d-89ce-e713d5a7ad09	chr21	12973348	15426342	2	2	0
b015cc6a-1c02-580d-89ce-e713d5a7ad09	chr21	15427519	41484301	3	2	1
b015cc6a-1c02-580d-89ce-e713d5a7ad09	chr21	41484496	41658689	2	2	0
b015cc6a-1c02-580d-89ce-e713d5a7ad09	chr21	41658722	46677045	3	2	1
b015cc6a-1c02-580d-89ce-e713d5a7ad09	chr22	16392123	16693571	1	1	0
b015cc6a-1c02-580d-89ce-e713d5a7ad09	chr22	16694009	34467685	3	3	0
b015cc6a-1c02-580d-89ce-e713d5a7ad09	chr22	34467772	44033724	2	2	0
b015cc6a-1c02-580d-89ce-e713d5a7ad09	chr22	44035256	46412175	4	4	0
b015cc6a-1c02-580d-89ce-e713d5a7ad09	chr22	46416688	49310652	1	1	0
b015cc6a-1c02-580d-89ce-e713d5a7ad09	chr22	49314135	49381552	4	4	0
b015cc6a-1c02-580d-89ce-e713d5a7ad09	chr22	49381815	49565404	3	3	0
b015cc6a-1c02-580d-89ce-e713d5a7ad09	chr22	49565810	50796027	1	1	0
b015cc6a-1c02-580d-89ce-e713d5a7ad09	chrX	251810	350147	5	3	2
b015cc6a-1c02-580d-89ce-e713d5a7ad09	chrX	350162	509057	4	2	2
b015cc6a-1c02-580d-89ce-e713d5a7ad09	chrX	509059	683127	5	3	2
b015cc6a-1c02-580d-89ce-e713d5a7ad09	chrX	683150	1400981	4	2	2
b015cc6a-1c02-580d-89ce-e713d5a7ad09	chrX	1401031	1507164	5	3	2
b015cc6a-1c02-580d-89ce-e713d5a7ad09	chrX	1507210	2353258	4	2	2
b015cc6a-1c02-580d-89ce-e713d5a7ad09	chrX	2353541	2408741	3	2	1
b015cc6a-1c02-580d-89ce-e713d5a7ad09	chrX	2412084	2464932	4	2	2
b015cc6a-1c02-580d-89ce-e713d5a7ad09	chrX	2465472	2504105	5	3	2
b015cc6a-1c02-580d-89ce-e713d5a7ad09	chrX	2504267	2719466	4	2	2
b015cc6a-1c02-580d-89ce-e713d5a7ad09	chrX	2720458	2775134	5	3	2
b015cc6a-1c02-580d-89ce-e713d5a7ad09	chrX	2775583	144641705	2	2	0
b015cc6a-1c02-580d-89ce-e713d5a7ad09	chrX	144648596	155694460	1	1	0
b015cc6a-1c02-580d-89ce-e713d5a7ad09	chrX	155695384	156004181	3	2	1
b015cc6a-1c02-580d-89ce-e713d5a7ad09	chrY	2782397	26653788	4	4	0
b015cc6a-1c02-580d-89ce-e713d5a7ad09	chrY	56872112	56872112	2	2	0
