GDC_Aliquot	Chromosome	Start	End	Copy_Number	Major_Copy_Number	Minor_Copy_Number
5c309186-8fe2-5406-8270-2a2fa6f42129	chr1	62920	54953303	5	3	2
5c309186-8fe2-5406-8270-2a2fa6f42129	chr1	54954182	66601448	6	4	2
5c309186-8fe2-5406-8270-2a2fa6f42129	chr1	66602310	66682008	11	7	4
5c309186-8fe2-5406-8270-2a2fa6f42129	chr1	66682433	67540869	10	6	4
5c309186-8fe2-5406-8270-2a2fa6f42129	chr1	67541539	78971683	11	7	4
5c309186-8fe2-5406-8270-2a2fa6f42129	chr1	78977766	121705338	3	3	0
5c309186-8fe2-5406-8270-2a2fa6f42129	chr1	143541857	153381871	6	6	0
5c309186-8fe2-5406-8270-2a2fa6f42129	chr1	153382346	153446179	7	6	1
5c309186-8fe2-5406-8270-2a2fa6f42129	chr1	153447999	159745557	6	6	0
5c309186-8fe2-5406-8270-2a2fa6f42129	chr1	159746532	160428562	8	6	2
5c309186-8fe2-5406-8270-2a2fa6f42129	chr1	160429052	164008908	7	7	0
5c309186-8fe2-5406-8270-2a2fa6f42129	chr1	164019799	164389183	8	7	1
5c309186-8fe2-5406-8270-2a2fa6f42129	chr1	164390886	164648693	7	7	0
5c309186-8fe2-5406-8270-2a2fa6f42129	chr1	164649676	164712784	9	7	2
5c309186-8fe2-5406-8270-2a2fa6f42129	chr1	164713074	171906797	6	6	0
5c309186-8fe2-5406-8270-2a2fa6f42129	chr1	171908727	172124794	9	7	2
5c309186-8fe2-5406-8270-2a2fa6f42129	chr1	172124990	173705768	6	6	0
5c309186-8fe2-5406-8270-2a2fa6f42129	chr1	173710709	174560261	2	2	0
5c309186-8fe2-5406-8270-2a2fa6f42129	chr1	174562714	175156996	3	2	1
5c309186-8fe2-5406-8270-2a2fa6f42129	chr1	175157508	175692570	2	2	0
5c309186-8fe2-5406-8270-2a2fa6f42129	chr1	175692683	176729850	5	3	2
5c309186-8fe2-5406-8270-2a2fa6f42129	chr1	176732802	182466539	2	2	0
5c309186-8fe2-5406-8270-2a2fa6f42129	chr1	182468835	182845216	3	2	1
5c309186-8fe2-5406-8270-2a2fa6f42129	chr1	182847619	182870419	8	5	3
5c309186-8fe2-5406-8270-2a2fa6f42129	chr1	182872385	182877465	4	4	0
5c309186-8fe2-5406-8270-2a2fa6f42129	chr1	182877607	183013743	7	5	2
5c309186-8fe2-5406-8270-2a2fa6f42129	chr1	183015389	184417556	2	2	0
5c309186-8fe2-5406-8270-2a2fa6f42129	chr1	184418037	184722173	3	2	1
5c309186-8fe2-5406-8270-2a2fa6f42129	chr1	184723108	186773442	2	2	0
5c309186-8fe2-5406-8270-2a2fa6f42129	chr1	186773815	188003523	4	2	2
5c309186-8fe2-5406-8270-2a2fa6f42129	chr1	188008956	189479877	2	2	0
5c309186-8fe2-5406-8270-2a2fa6f42129	chr1	189483591	190476968	3	2	1
5c309186-8fe2-5406-8270-2a2fa6f42129	chr1	190480221	190624534	2	2	0
5c309186-8fe2-5406-8270-2a2fa6f42129	chr1	190625838	192806068	3	2	1
5c309186-8fe2-5406-8270-2a2fa6f42129	chr1	192806898	236538192	2	2	0
5c309186-8fe2-5406-8270-2a2fa6f42129	chr1	236538225	236674133	1	1	0
5c309186-8fe2-5406-8270-2a2fa6f42129	chr1	236674313	248930189	2	2	0
5c309186-8fe2-5406-8270-2a2fa6f42129	chr2	12784	24724939	3	2	1
5c309186-8fe2-5406-8270-2a2fa6f42129	chr2	24728814	34227565	5	3	2
5c309186-8fe2-5406-8270-2a2fa6f42129	chr2	34228228	34235474	10	5	5
5c309186-8fe2-5406-8270-2a2fa6f42129	chr2	34236339	56611839	5	3	2
5c309186-8fe2-5406-8270-2a2fa6f42129	chr2	56611868	77461451	4	2	2
5c309186-8fe2-5406-8270-2a2fa6f42129	chr2	77462673	84444132	3	2	1
5c309186-8fe2-5406-8270-2a2fa6f42129	chr2	84445358	85881179	4	2	2
5c309186-8fe2-5406-8270-2a2fa6f42129	chr2	85884127	88812836	3	2	1
5c309186-8fe2-5406-8270-2a2fa6f42129	chr2	88813284	105427634	7	5	2
5c309186-8fe2-5406-8270-2a2fa6f42129	chr2	105428628	105439227	15	10	5
5c309186-8fe2-5406-8270-2a2fa6f42129	chr2	105443088	123904869	8	6	2
5c309186-8fe2-5406-8270-2a2fa6f42129	chr2	123905266	124633763	10	7	3
5c309186-8fe2-5406-8270-2a2fa6f42129	chr2	124634538	124653529	8	7	1
5c309186-8fe2-5406-8270-2a2fa6f42129	chr2	124656123	239859020	2	2	0
5c309186-8fe2-5406-8270-2a2fa6f42129	chr2	239887867	242147305	1	1	0
5c309186-8fe2-5406-8270-2a2fa6f42129	chr3	20930	5734959	2	1	1
5c309186-8fe2-5406-8270-2a2fa6f42129	chr3	5735535	23102027	3	2	1
5c309186-8fe2-5406-8270-2a2fa6f42129	chr3	23103200	23110178	1	1	0
5c309186-8fe2-5406-8270-2a2fa6f42129	chr3	23113637	95101816	3	2	1
5c309186-8fe2-5406-8270-2a2fa6f42129	chr3	95102095	102483807	2	1	1
5c309186-8fe2-5406-8270-2a2fa6f42129	chr3	102485839	102796910	3	2	1
5c309186-8fe2-5406-8270-2a2fa6f42129	chr3	102799653	102874710	8	7	1
5c309186-8fe2-5406-8270-2a2fa6f42129	chr3	102874941	104925720	6	5	1
5c309186-8fe2-5406-8270-2a2fa6f42129	chr3	104926547	116551149	2	1	1
5c309186-8fe2-5406-8270-2a2fa6f42129	chr3	116551572	116672100	1	1	0
5c309186-8fe2-5406-8270-2a2fa6f42129	chr3	116674148	117286094	0	0	0
5c309186-8fe2-5406-8270-2a2fa6f42129	chr3	117293507	117540090	1	1	0
5c309186-8fe2-5406-8270-2a2fa6f42129	chr3	117540246	162790480	2	1	1
5c309186-8fe2-5406-8270-2a2fa6f42129	chr3	162794869	162908784	9	9	0
5c309186-8fe2-5406-8270-2a2fa6f42129	chr3	162908815	183195754	2	1	1
5c309186-8fe2-5406-8270-2a2fa6f42129	chr3	183198479	183427098	6	4	2
5c309186-8fe2-5406-8270-2a2fa6f42129	chr3	183437995	186198933	2	1	1
5c309186-8fe2-5406-8270-2a2fa6f42129	chr3	186202814	188260010	3	2	1
5c309186-8fe2-5406-8270-2a2fa6f42129	chr3	188261228	188754689	2	1	1
5c309186-8fe2-5406-8270-2a2fa6f42129	chr3	188757044	191800684	3	2	1
5c309186-8fe2-5406-8270-2a2fa6f42129	chr3	191800895	195155513	2	1	1
5c309186-8fe2-5406-8270-2a2fa6f42129	chr3	195160202	196347332	3	2	1
5c309186-8fe2-5406-8270-2a2fa6f42129	chr3	196347356	196720173	2	1	1
5c309186-8fe2-5406-8270-2a2fa6f42129	chr3	196722227	198169247	6	5	1
5c309186-8fe2-5406-8270-2a2fa6f42129	chr4	68929	10126731	3	2	1
5c309186-8fe2-5406-8270-2a2fa6f42129	chr4	10127176	34715012	4	2	2
5c309186-8fe2-5406-8270-2a2fa6f42129	chr4	34715554	36958199	3	2	1
5c309186-8fe2-5406-8270-2a2fa6f42129	chr4	36966587	36998591	5	3	2
5c309186-8fe2-5406-8270-2a2fa6f42129	chr4	37000140	44543364	3	2	1
5c309186-8fe2-5406-8270-2a2fa6f42129	chr4	44549317	44621003	2	1	1
5c309186-8fe2-5406-8270-2a2fa6f42129	chr4	44621681	49059192	4	2	2
5c309186-8fe2-5406-8270-2a2fa6f42129	chr4	49061462	55034156	5	3	2
5c309186-8fe2-5406-8270-2a2fa6f42129	chr4	55034480	56013407	6	3	3
5c309186-8fe2-5406-8270-2a2fa6f42129	chr4	56016151	58134554	5	3	2
5c309186-8fe2-5406-8270-2a2fa6f42129	chr4	58140307	81459940	4	2	2
5c309186-8fe2-5406-8270-2a2fa6f42129	chr4	81460159	81547362	5	3	2
5c309186-8fe2-5406-8270-2a2fa6f42129	chr4	81548075	145609405	4	2	2
5c309186-8fe2-5406-8270-2a2fa6f42129	chr4	145612954	163701968	2	2	0
5c309186-8fe2-5406-8270-2a2fa6f42129	chr4	163703999	164395823	4	2	2
5c309186-8fe2-5406-8270-2a2fa6f42129	chr4	164396580	164841366	6	4	2
5c309186-8fe2-5406-8270-2a2fa6f42129	chr4	164841636	169340953	5	3	2
5c309186-8fe2-5406-8270-2a2fa6f42129	chr4	169341757	173144605	6	3	3
5c309186-8fe2-5406-8270-2a2fa6f42129	chr4	173145324	174257171	4	3	1
5c309186-8fe2-5406-8270-2a2fa6f42129	chr4	174259581	178543142	3	2	1
5c309186-8fe2-5406-8270-2a2fa6f42129	chr4	178544807	178603622	1	1	0
5c309186-8fe2-5406-8270-2a2fa6f42129	chr4	178606172	179704492	2	1	1
5c309186-8fe2-5406-8270-2a2fa6f42129	chr4	179712242	181109895	3	2	1
5c309186-8fe2-5406-8270-2a2fa6f42129	chr4	181111132	182471238	2	1	1
5c309186-8fe2-5406-8270-2a2fa6f42129	chr4	182473243	186567219	1	1	0
5c309186-8fe2-5406-8270-2a2fa6f42129	chr4	186568229	189117632	3	2	1
5c309186-8fe2-5406-8270-2a2fa6f42129	chr4	189123697	190106768	4	3	1
5c309186-8fe2-5406-8270-2a2fa6f42129	chr5	15532	2044821	7	5	2
5c309186-8fe2-5406-8270-2a2fa6f42129	chr5	2048933	25582827	8	6	2
5c309186-8fe2-5406-8270-2a2fa6f42129	chr5	25590735	25786668	3	2	1
5c309186-8fe2-5406-8270-2a2fa6f42129	chr5	25788466	26415013	4	2	2
5c309186-8fe2-5406-8270-2a2fa6f42129	chr5	26416044	30093841	3	2	1
5c309186-8fe2-5406-8270-2a2fa6f42129	chr5	30094088	36487307	4	3	1
5c309186-8fe2-5406-8270-2a2fa6f42129	chr5	36487577	41114237	4	2	2
5c309186-8fe2-5406-8270-2a2fa6f42129	chr5	41115096	42528413	3	2	1
5c309186-8fe2-5406-8270-2a2fa6f42129	chr5	42530094	44185413	4	2	2
5c309186-8fe2-5406-8270-2a2fa6f42129	chr5	44185528	44687837	3	2	1
5c309186-8fe2-5406-8270-2a2fa6f42129	chr5	44688124	50159802	2	2	0
5c309186-8fe2-5406-8270-2a2fa6f42129	chr5	50163220	52902480	7	5	2
5c309186-8fe2-5406-8270-2a2fa6f42129	chr5	52903678	53048046	8	6	2
5c309186-8fe2-5406-8270-2a2fa6f42129	chr5	53048071	60089792	3	2	1
5c309186-8fe2-5406-8270-2a2fa6f42129	chr5	60092493	172491114	2	1	1
5c309186-8fe2-5406-8270-2a2fa6f42129	chr5	172491509	172520472	4	2	2
5c309186-8fe2-5406-8270-2a2fa6f42129	chr5	172521338	181363319	2	1	1
5c309186-8fe2-5406-8270-2a2fa6f42129	chr6	149661	2360239	2	1	1
5c309186-8fe2-5406-8270-2a2fa6f42129	chr6	2362508	3637537	3	2	1
5c309186-8fe2-5406-8270-2a2fa6f42129	chr6	3639975	4053710	6	3	3
5c309186-8fe2-5406-8270-2a2fa6f42129	chr6	4054000	4128859	6	4	2
5c309186-8fe2-5406-8270-2a2fa6f42129	chr6	4130596	9746320	3	2	1
5c309186-8fe2-5406-8270-2a2fa6f42129	chr6	9748130	23445102	2	1	1
5c309186-8fe2-5406-8270-2a2fa6f42129	chr6	23445655	49779171	4	3	1
5c309186-8fe2-5406-8270-2a2fa6f42129	chr6	49779401	54775350	3	2	1
5c309186-8fe2-5406-8270-2a2fa6f42129	chr6	54776075	58416362	1	1	0
5c309186-8fe2-5406-8270-2a2fa6f42129	chr6	58432750	63511216	2	2	0
5c309186-8fe2-5406-8270-2a2fa6f42129	chr6	63512046	63997323	5	3	2
5c309186-8fe2-5406-8270-2a2fa6f42129	chr6	64002318	64586267	2	2	0
5c309186-8fe2-5406-8270-2a2fa6f42129	chr6	64591164	64625691	4	3	1
5c309186-8fe2-5406-8270-2a2fa6f42129	chr6	64625816	76726815	2	2	0
5c309186-8fe2-5406-8270-2a2fa6f42129	chr6	76730151	76743087	0	0	0
5c309186-8fe2-5406-8270-2a2fa6f42129	chr6	76751356	76751356	3	3	0
5c309186-8fe2-5406-8270-2a2fa6f42129	chr6	76758214	101624763	2	2	0
5c309186-8fe2-5406-8270-2a2fa6f42129	chr6	101625863	101885014	0	0	0
5c309186-8fe2-5406-8270-2a2fa6f42129	chr6	101885131	101885131	1	1	0
5c309186-8fe2-5406-8270-2a2fa6f42129	chr6	101890173	101933060	0	0	0
5c309186-8fe2-5406-8270-2a2fa6f42129	chr6	101933199	157067545	2	2	0
5c309186-8fe2-5406-8270-2a2fa6f42129	chr6	157069647	157952107	3	2	1
5c309186-8fe2-5406-8270-2a2fa6f42129	chr6	157952176	165122067	4	2	2
5c309186-8fe2-5406-8270-2a2fa6f42129	chr6	165127647	166032704	2	2	0
5c309186-8fe2-5406-8270-2a2fa6f42129	chr6	166034476	169606879	5	3	2
5c309186-8fe2-5406-8270-2a2fa6f42129	chr6	169607176	169611965	3	3	0
5c309186-8fe2-5406-8270-2a2fa6f42129	chr6	169617159	169736255	6	6	0
5c309186-8fe2-5406-8270-2a2fa6f42129	chr6	169737222	170741917	2	2	0
5c309186-8fe2-5406-8270-2a2fa6f42129	chr7	43259	100184	9	8	1
5c309186-8fe2-5406-8270-2a2fa6f42129	chr7	100915	832218	6	6	0
5c309186-8fe2-5406-8270-2a2fa6f42129	chr7	832463	1102875	5	5	0
5c309186-8fe2-5406-8270-2a2fa6f42129	chr7	1103491	7734210	7	7	0
5c309186-8fe2-5406-8270-2a2fa6f42129	chr7	7734295	7848059	14	11	3
5c309186-8fe2-5406-8270-2a2fa6f42129	chr7	7848888	10519120	7	7	0
5c309186-8fe2-5406-8270-2a2fa6f42129	chr7	10519152	10539979	4	4	0
5c309186-8fe2-5406-8270-2a2fa6f42129	chr7	10540030	16928885	8	8	0
5c309186-8fe2-5406-8270-2a2fa6f42129	chr7	16929143	17436378	7	7	0
5c309186-8fe2-5406-8270-2a2fa6f42129	chr7	17436682	31481186	5	5	0
5c309186-8fe2-5406-8270-2a2fa6f42129	chr7	31482198	31486417	8	8	0
5c309186-8fe2-5406-8270-2a2fa6f42129	chr7	31486433	35164954	5	5	0
5c309186-8fe2-5406-8270-2a2fa6f42129	chr7	35170423	44568504	3	3	0
5c309186-8fe2-5406-8270-2a2fa6f42129	chr7	44570135	44572855	4	4	0
5c309186-8fe2-5406-8270-2a2fa6f42129	chr7	44576389	49697610	6	6	0
5c309186-8fe2-5406-8270-2a2fa6f42129	chr7	49699145	49702936	2	2	0
5c309186-8fe2-5406-8270-2a2fa6f42129	chr7	49706848	54801544	5	5	0
5c309186-8fe2-5406-8270-2a2fa6f42129	chr7	54803482	57385908	3	3	0
5c309186-8fe2-5406-8270-2a2fa6f42129	chr7	57388753	68813978	4	3	1
5c309186-8fe2-5406-8270-2a2fa6f42129	chr7	68814943	71939023	3	3	0
5c309186-8fe2-5406-8270-2a2fa6f42129	chr7	71939047	78443385	2	2	0
5c309186-8fe2-5406-8270-2a2fa6f42129	chr7	78443399	78445150	1	1	0
5c309186-8fe2-5406-8270-2a2fa6f42129	chr7	78445608	78607818	0	0	0
5c309186-8fe2-5406-8270-2a2fa6f42129	chr7	78607858	82325695	2	2	0
5c309186-8fe2-5406-8270-2a2fa6f42129	chr7	82325781	89949905	3	2	1
5c309186-8fe2-5406-8270-2a2fa6f42129	chr7	89953106	89966123	1	1	0
5c309186-8fe2-5406-8270-2a2fa6f42129	chr7	89966172	100194944	4	3	1
5c309186-8fe2-5406-8270-2a2fa6f42129	chr7	100195043	102446755	5	4	1
5c309186-8fe2-5406-8270-2a2fa6f42129	chr7	102449027	108386619	3	2	1
5c309186-8fe2-5406-8270-2a2fa6f42129	chr7	108394870	109624897	2	1	1
5c309186-8fe2-5406-8270-2a2fa6f42129	chr7	109624940	116145359	1	1	0
5c309186-8fe2-5406-8270-2a2fa6f42129	chr7	116150681	136017274	2	1	1
5c309186-8fe2-5406-8270-2a2fa6f42129	chr7	136017596	144738226	3	2	1
5c309186-8fe2-5406-8270-2a2fa6f42129	chr7	144738417	145935257	4	3	1
5c309186-8fe2-5406-8270-2a2fa6f42129	chr7	145935534	147965869	3	2	1
5c309186-8fe2-5406-8270-2a2fa6f42129	chr7	147965880	159334314	2	1	1
5c309186-8fe2-5406-8270-2a2fa6f42129	chr8	81254	38577581	3	2	1
5c309186-8fe2-5406-8270-2a2fa6f42129	chr8	38578289	38628627	4	3	1
5c309186-8fe2-5406-8270-2a2fa6f42129	chr8	38629452	41368570	3	2	1
5c309186-8fe2-5406-8270-2a2fa6f42129	chr8	41372008	43824387	2	2	0
5c309186-8fe2-5406-8270-2a2fa6f42129	chr8	43841613	46935135	10	7	3
5c309186-8fe2-5406-8270-2a2fa6f42129	chr8	46935652	49295228	13	8	5
5c309186-8fe2-5406-8270-2a2fa6f42129	chr8	49295472	50620112	13	9	4
5c309186-8fe2-5406-8270-2a2fa6f42129	chr8	50624837	51624268	10	8	2
5c309186-8fe2-5406-8270-2a2fa6f42129	chr8	51624645	52856807	7	4	3
5c309186-8fe2-5406-8270-2a2fa6f42129	chr8	52857860	54355052	9	5	4
5c309186-8fe2-5406-8270-2a2fa6f42129	chr8	54355149	63310246	10	7	3
5c309186-8fe2-5406-8270-2a2fa6f42129	chr8	63313238	66006300	11	7	4
5c309186-8fe2-5406-8270-2a2fa6f42129	chr8	66007962	68479910	9	6	3
5c309186-8fe2-5406-8270-2a2fa6f42129	chr8	68497207	68802405	17	9	8
5c309186-8fe2-5406-8270-2a2fa6f42129	chr8	68805807	77844408	10	7	3
5c309186-8fe2-5406-8270-2a2fa6f42129	chr8	77844518	80194776	8	6	2
5c309186-8fe2-5406-8270-2a2fa6f42129	chr8	80197569	92921313	8	7	1
5c309186-8fe2-5406-8270-2a2fa6f42129	chr8	92923291	96405631	8	6	2
5c309186-8fe2-5406-8270-2a2fa6f42129	chr8	96407307	97890925	8	7	1
5c309186-8fe2-5406-8270-2a2fa6f42129	chr8	97891024	101140501	7	6	1
5c309186-8fe2-5406-8270-2a2fa6f42129	chr8	101145156	103484012	8	6	2
5c309186-8fe2-5406-8270-2a2fa6f42129	chr8	103484516	108693384	8	7	1
5c309186-8fe2-5406-8270-2a2fa6f42129	chr8	108693880	109880429	9	7	2
5c309186-8fe2-5406-8270-2a2fa6f42129	chr8	109881461	121790698	7	6	1
5c309186-8fe2-5406-8270-2a2fa6f42129	chr8	121793399	126042713	8	6	2
5c309186-8fe2-5406-8270-2a2fa6f42129	chr8	126045297	126363670	12	6	6
5c309186-8fe2-5406-8270-2a2fa6f42129	chr8	126364314	139012118	8	6	2
5c309186-8fe2-5406-8270-2a2fa6f42129	chr8	139012145	141166181	7	6	1
5c309186-8fe2-5406-8270-2a2fa6f42129	chr8	141166213	145072769	6	5	1
5c309186-8fe2-5406-8270-2a2fa6f42129	chr9	46587	4135838	3	2	1
5c309186-8fe2-5406-8270-2a2fa6f42129	chr9	4136023	4230611	6	4	2
5c309186-8fe2-5406-8270-2a2fa6f42129	chr9	4232588	6417757	3	2	1
5c309186-8fe2-5406-8270-2a2fa6f42129	chr9	6417972	9423704	4	3	1
5c309186-8fe2-5406-8270-2a2fa6f42129	chr9	9423938	17635578	3	2	1
5c309186-8fe2-5406-8270-2a2fa6f42129	chr9	17636247	20571400	4	3	1
5c309186-8fe2-5406-8270-2a2fa6f42129	chr9	20580602	36201067	3	2	1
5c309186-8fe2-5406-8270-2a2fa6f42129	chr9	36202494	41741113	5	4	1
5c309186-8fe2-5406-8270-2a2fa6f42129	chr9	60863881	87775644	4	2	2
5c309186-8fe2-5406-8270-2a2fa6f42129	chr9	87777127	87790329	5	3	2
5c309186-8fe2-5406-8270-2a2fa6f42129	chr9	87790592	108841198	4	2	2
5c309186-8fe2-5406-8270-2a2fa6f42129	chr9	108847074	108858906	2	1	1
5c309186-8fe2-5406-8270-2a2fa6f42129	chr9	108859159	138200944	4	2	2
5c309186-8fe2-5406-8270-2a2fa6f42129	chr10	45792	30512627	2	2	0
5c309186-8fe2-5406-8270-2a2fa6f42129	chr10	30512921	33272660	4	2	2
5c309186-8fe2-5406-8270-2a2fa6f42129	chr10	33274965	53301235	3	2	1
5c309186-8fe2-5406-8270-2a2fa6f42129	chr10	53302629	54218350	2	2	0
5c309186-8fe2-5406-8270-2a2fa6f42129	chr10	54229161	62055071	3	2	1
5c309186-8fe2-5406-8270-2a2fa6f42129	chr10	62055155	130947946	2	2	0
5c309186-8fe2-5406-8270-2a2fa6f42129	chr10	130948150	130968027	3	3	0
5c309186-8fe2-5406-8270-2a2fa6f42129	chr10	130968752	133654968	2	2	0
5c309186-8fe2-5406-8270-2a2fa6f42129	chr11	198510	752388	1	1	0
5c309186-8fe2-5406-8270-2a2fa6f42129	chr11	755659	24730333	3	3	0
5c309186-8fe2-5406-8270-2a2fa6f42129	chr11	24730349	25639130	2	2	0
5c309186-8fe2-5406-8270-2a2fa6f42129	chr11	25641188	27516700	3	3	0
5c309186-8fe2-5406-8270-2a2fa6f42129	chr11	27521456	55510011	2	2	0
5c309186-8fe2-5406-8270-2a2fa6f42129	chr11	55510141	79582041	2	1	1
5c309186-8fe2-5406-8270-2a2fa6f42129	chr11	79583022	80009259	1	1	0
5c309186-8fe2-5406-8270-2a2fa6f42129	chr11	80010144	80335020	0	0	0
5c309186-8fe2-5406-8270-2a2fa6f42129	chr11	80337181	80364327	2	2	0
5c309186-8fe2-5406-8270-2a2fa6f42129	chr11	80365978	80487567	4	4	0
5c309186-8fe2-5406-8270-2a2fa6f42129	chr11	80488915	84138472	5	4	1
5c309186-8fe2-5406-8270-2a2fa6f42129	chr11	84140933	84417895	1	1	0
5c309186-8fe2-5406-8270-2a2fa6f42129	chr11	84418910	84563658	4	3	1
5c309186-8fe2-5406-8270-2a2fa6f42129	chr11	84571911	84769104	4	4	0
5c309186-8fe2-5406-8270-2a2fa6f42129	chr11	84770174	87273832	5	4	1
5c309186-8fe2-5406-8270-2a2fa6f42129	chr11	87274539	87288849	3	2	1
5c309186-8fe2-5406-8270-2a2fa6f42129	chr11	87289120	122171812	5	4	1
5c309186-8fe2-5406-8270-2a2fa6f42129	chr11	122173038	135074876	4	3	1
5c309186-8fe2-5406-8270-2a2fa6f42129	chr12	51460	190307	4	2	2
5c309186-8fe2-5406-8270-2a2fa6f42129	chr12	190376	28101784	3	2	1
5c309186-8fe2-5406-8270-2a2fa6f42129	chr12	28104353	28278257	4	3	1
5c309186-8fe2-5406-8270-2a2fa6f42129	chr12	28281232	34174999	2	1	1
5c309186-8fe2-5406-8270-2a2fa6f42129	chr12	34175632	41855895	4	3	1
5c309186-8fe2-5406-8270-2a2fa6f42129	chr12	41857775	49340514	2	1	1
5c309186-8fe2-5406-8270-2a2fa6f42129	chr12	49341557	73917808	3	2	1
5c309186-8fe2-5406-8270-2a2fa6f42129	chr12	73919105	133201603	2	1	1
5c309186-8fe2-5406-8270-2a2fa6f42129	chr13	18452809	19021251	3	2	1
5c309186-8fe2-5406-8270-2a2fa6f42129	chr13	19021274	19378046	4	2	2
5c309186-8fe2-5406-8270-2a2fa6f42129	chr13	19378819	27550544	3	2	1
5c309186-8fe2-5406-8270-2a2fa6f42129	chr13	27550951	37211111	2	2	0
5c309186-8fe2-5406-8270-2a2fa6f42129	chr13	37211773	38921071	1	1	0
5c309186-8fe2-5406-8270-2a2fa6f42129	chr13	38921126	48166593	2	2	0
5c309186-8fe2-5406-8270-2a2fa6f42129	chr13	48167925	48432250	0	0	0
5c309186-8fe2-5406-8270-2a2fa6f42129	chr13	48432481	56279879	2	2	0
5c309186-8fe2-5406-8270-2a2fa6f42129	chr13	56284572	56770279	4	4	0
5c309186-8fe2-5406-8270-2a2fa6f42129	chr13	56773291	58031460	2	2	0
5c309186-8fe2-5406-8270-2a2fa6f42129	chr13	58031947	58329272	4	4	0
5c309186-8fe2-5406-8270-2a2fa6f42129	chr13	58330166	61419996	2	2	0
5c309186-8fe2-5406-8270-2a2fa6f42129	chr13	61422843	61739904	4	4	0
5c309186-8fe2-5406-8270-2a2fa6f42129	chr13	61744364	61927908	5	4	1
5c309186-8fe2-5406-8270-2a2fa6f42129	chr13	61933980	68146054	3	2	1
5c309186-8fe2-5406-8270-2a2fa6f42129	chr13	68146679	68336002	5	4	1
5c309186-8fe2-5406-8270-2a2fa6f42129	chr13	68341150	70427162	3	2	1
5c309186-8fe2-5406-8270-2a2fa6f42129	chr13	70427175	72314469	5	4	1
5c309186-8fe2-5406-8270-2a2fa6f42129	chr13	72317130	84866690	4	3	1
5c309186-8fe2-5406-8270-2a2fa6f42129	chr13	84867183	84951759	2	1	1
5c309186-8fe2-5406-8270-2a2fa6f42129	chr13	84952307	85310635	4	3	1
5c309186-8fe2-5406-8270-2a2fa6f42129	chr13	85313962	85445441	6	5	1
5c309186-8fe2-5406-8270-2a2fa6f42129	chr13	85450360	86690212	4	3	1
5c309186-8fe2-5406-8270-2a2fa6f42129	chr13	86691247	87618394	6	5	1
5c309186-8fe2-5406-8270-2a2fa6f42129	chr13	87623138	91203141	4	3	1
5c309186-8fe2-5406-8270-2a2fa6f42129	chr13	91203820	92277193	3	2	1
5c309186-8fe2-5406-8270-2a2fa6f42129	chr13	92282956	114342922	2	1	1
5c309186-8fe2-5406-8270-2a2fa6f42129	chr14	18239283	78689761	3	2	1
5c309186-8fe2-5406-8270-2a2fa6f42129	chr14	78690034	78749492	1	1	0
5c309186-8fe2-5406-8270-2a2fa6f42129	chr14	78750214	79014408	3	2	1
5c309186-8fe2-5406-8270-2a2fa6f42129	chr14	79016036	79157527	1	1	0
5c309186-8fe2-5406-8270-2a2fa6f42129	chr14	79162814	106423925	3	2	1
5c309186-8fe2-5406-8270-2a2fa6f42129	chr14	106425447	106877229	1	1	0
5c309186-8fe2-5406-8270-2a2fa6f42129	chr15	19811075	23501249	3	2	1
5c309186-8fe2-5406-8270-2a2fa6f42129	chr15	23501622	23544703	2	1	1
5c309186-8fe2-5406-8270-2a2fa6f42129	chr15	23549523	96964465	3	2	1
5c309186-8fe2-5406-8270-2a2fa6f42129	chr15	96966662	98183404	6	3	3
5c309186-8fe2-5406-8270-2a2fa6f42129	chr15	98184570	99440268	7	4	3
5c309186-8fe2-5406-8270-2a2fa6f42129	chr15	99442242	100537144	6	4	2
5c309186-8fe2-5406-8270-2a2fa6f42129	chr15	100537351	101928837	5	3	2
5c309186-8fe2-5406-8270-2a2fa6f42129	chr16	10777	396362	1	1	0
5c309186-8fe2-5406-8270-2a2fa6f42129	chr16	399345	90096867	2	1	1
5c309186-8fe2-5406-8270-2a2fa6f42129	chr17	150733	8187590	2	2	0
5c309186-8fe2-5406-8270-2a2fa6f42129	chr17	8190702	10728223	5	3	2
5c309186-8fe2-5406-8270-2a2fa6f42129	chr17	10729182	10796920	3	2	1
5c309186-8fe2-5406-8270-2a2fa6f42129	chr17	10798140	10864894	1	1	0
5c309186-8fe2-5406-8270-2a2fa6f42129	chr17	10865358	11036732	2	2	0
5c309186-8fe2-5406-8270-2a2fa6f42129	chr17	11038781	13310488	3	2	1
5c309186-8fe2-5406-8270-2a2fa6f42129	chr17	13310688	16442740	8	6	2
5c309186-8fe2-5406-8270-2a2fa6f42129	chr17	16443045	17820694	7	5	2
5c309186-8fe2-5406-8270-2a2fa6f42129	chr17	17824629	18414080	14	12	2
5c309186-8fe2-5406-8270-2a2fa6f42129	chr17	18452078	18455632	1	1	0
5c309186-8fe2-5406-8270-2a2fa6f42129	chr17	18455635	18561907	3	3	0
5c309186-8fe2-5406-8270-2a2fa6f42129	chr17	18565883	19621438	9	7	2
5c309186-8fe2-5406-8270-2a2fa6f42129	chr17	19631693	21030931	2	2	0
5c309186-8fe2-5406-8270-2a2fa6f42129	chr17	21030988	27168751	6	3	3
5c309186-8fe2-5406-8270-2a2fa6f42129	chr17	27173332	71816474	2	2	0
5c309186-8fe2-5406-8270-2a2fa6f42129	chr17	71817563	71826321	3	3	0
5c309186-8fe2-5406-8270-2a2fa6f42129	chr17	71830158	83091923	5	3	2
5c309186-8fe2-5406-8270-2a2fa6f42129	chr18	48133	424065	1	1	0
5c309186-8fe2-5406-8270-2a2fa6f42129	chr18	424745	9743742	2	1	1
5c309186-8fe2-5406-8270-2a2fa6f42129	chr18	9743804	10314569	3	2	1
5c309186-8fe2-5406-8270-2a2fa6f42129	chr18	10314714	10410818	5	3	2
5c309186-8fe2-5406-8270-2a2fa6f42129	chr18	10411197	13175444	4	2	2
5c309186-8fe2-5406-8270-2a2fa6f42129	chr18	13175793	15402409	5	3	2
5c309186-8fe2-5406-8270-2a2fa6f42129	chr18	20949392	30753070	3	2	1
5c309186-8fe2-5406-8270-2a2fa6f42129	chr18	30753737	39304240	2	1	1
5c309186-8fe2-5406-8270-2a2fa6f42129	chr18	39305111	40680456	3	2	1
5c309186-8fe2-5406-8270-2a2fa6f42129	chr18	40680470	40685425	0	0	0
5c309186-8fe2-5406-8270-2a2fa6f42129	chr18	40688060	41000433	3	2	1
5c309186-8fe2-5406-8270-2a2fa6f42129	chr18	41007009	61162686	4	3	1
5c309186-8fe2-5406-8270-2a2fa6f42129	chr18	61163177	66245273	5	4	1
5c309186-8fe2-5406-8270-2a2fa6f42129	chr18	66245491	66456225	7	6	1
5c309186-8fe2-5406-8270-2a2fa6f42129	chr18	66456443	80257174	3	2	1
5c309186-8fe2-5406-8270-2a2fa6f42129	chr19	90910	7143922	2	2	0
5c309186-8fe2-5406-8270-2a2fa6f42129	chr19	7150058	7956509	3	3	0
5c309186-8fe2-5406-8270-2a2fa6f42129	chr19	7963159	11821836	2	2	0
5c309186-8fe2-5406-8270-2a2fa6f42129	chr19	11824008	12046390	5	4	1
5c309186-8fe2-5406-8270-2a2fa6f42129	chr19	12049862	16118760	5	3	2
5c309186-8fe2-5406-8270-2a2fa6f42129	chr19	16119053	17572483	2	2	0
5c309186-8fe2-5406-8270-2a2fa6f42129	chr19	17572650	24324365	3	2	1
5c309186-8fe2-5406-8270-2a2fa6f42129	chr19	24324370	28005941	5	3	2
5c309186-8fe2-5406-8270-2a2fa6f42129	chr19	28006184	29005456	3	2	1
5c309186-8fe2-5406-8270-2a2fa6f42129	chr19	29006321	31427955	5	4	1
5c309186-8fe2-5406-8270-2a2fa6f42129	chr19	31430712	35125658	3	2	1
5c309186-8fe2-5406-8270-2a2fa6f42129	chr19	35128115	36535624	2	1	1
5c309186-8fe2-5406-8270-2a2fa6f42129	chr19	36536168	36838323	3	2	1
5c309186-8fe2-5406-8270-2a2fa6f42129	chr19	36839711	57656083	2	1	1
5c309186-8fe2-5406-8270-2a2fa6f42129	chr19	57658386	58389165	4	3	1
5c309186-8fe2-5406-8270-2a2fa6f42129	chr19	58389885	58586487	3	2	1
5c309186-8fe2-5406-8270-2a2fa6f42129	chr20	80664	1146612	4	2	2
5c309186-8fe2-5406-8270-2a2fa6f42129	chr20	1152245	1580276	5	3	2
5c309186-8fe2-5406-8270-2a2fa6f42129	chr20	1580305	1613247	41	41	0
5c309186-8fe2-5406-8270-2a2fa6f42129	chr20	1617300	2626783	5	3	2
5c309186-8fe2-5406-8270-2a2fa6f42129	chr20	2627355	4040298	4	2	2
5c309186-8fe2-5406-8270-2a2fa6f42129	chr20	4040488	8258036	5	3	2
5c309186-8fe2-5406-8270-2a2fa6f42129	chr20	8259951	8621060	7	5	2
5c309186-8fe2-5406-8270-2a2fa6f42129	chr20	8623097	10935595	5	3	2
5c309186-8fe2-5406-8270-2a2fa6f42129	chr20	10941498	11119285	7	5	2
5c309186-8fe2-5406-8270-2a2fa6f42129	chr20	11120029	12326644	6	4	2
5c309186-8fe2-5406-8270-2a2fa6f42129	chr20	12326841	12991097	4	2	2
5c309186-8fe2-5406-8270-2a2fa6f42129	chr20	12992969	13118421	5	3	2
5c309186-8fe2-5406-8270-2a2fa6f42129	chr20	13118644	14060292	4	2	2
5c309186-8fe2-5406-8270-2a2fa6f42129	chr20	14060533	14343888	5	3	2
5c309186-8fe2-5406-8270-2a2fa6f42129	chr20	14345094	15509226	4	2	2
5c309186-8fe2-5406-8270-2a2fa6f42129	chr20	15510115	16211645	5	3	2
5c309186-8fe2-5406-8270-2a2fa6f42129	chr20	16213231	20184042	4	2	2
5c309186-8fe2-5406-8270-2a2fa6f42129	chr20	20185794	20312405	6	4	2
5c309186-8fe2-5406-8270-2a2fa6f42129	chr20	20313429	21463745	4	2	2
5c309186-8fe2-5406-8270-2a2fa6f42129	chr20	21470853	22670023	3	2	1
5c309186-8fe2-5406-8270-2a2fa6f42129	chr20	22675565	23180161	4	3	1
5c309186-8fe2-5406-8270-2a2fa6f42129	chr20	23181665	24099038	5	3	2
5c309186-8fe2-5406-8270-2a2fa6f42129	chr20	24100830	30202528	4	2	2
5c309186-8fe2-5406-8270-2a2fa6f42129	chr20	30206919	64324800	3	2	1
5c309186-8fe2-5406-8270-2a2fa6f42129	chr21	12973348	14081771	3	3	0
5c309186-8fe2-5406-8270-2a2fa6f42129	chr21	14083748	15808783	2	2	0
5c309186-8fe2-5406-8270-2a2fa6f42129	chr21	15818090	16391428	6	4	2
5c309186-8fe2-5406-8270-2a2fa6f42129	chr21	16391483	22121097	7	5	2
5c309186-8fe2-5406-8270-2a2fa6f42129	chr21	22121367	22483210	9	6	3
5c309186-8fe2-5406-8270-2a2fa6f42129	chr21	22484065	25010611	16	13	3
5c309186-8fe2-5406-8270-2a2fa6f42129	chr21	25011072	26659667	10	8	2
5c309186-8fe2-5406-8270-2a2fa6f42129	chr21	26659868	29144078	13	11	2
5c309186-8fe2-5406-8270-2a2fa6f42129	chr21	29147506	32289122	10	8	2
5c309186-8fe2-5406-8270-2a2fa6f42129	chr21	32289386	34234588	8	6	2
5c309186-8fe2-5406-8270-2a2fa6f42129	chr21	34235564	35751800	6	4	2
5c309186-8fe2-5406-8270-2a2fa6f42129	chr21	35752744	36856912	7	5	2
5c309186-8fe2-5406-8270-2a2fa6f42129	chr21	36859938	38590889	6	4	2
5c309186-8fe2-5406-8270-2a2fa6f42129	chr21	38591200	38971949	8	6	2
5c309186-8fe2-5406-8270-2a2fa6f42129	chr21	38973138	38985555	5	4	1
5c309186-8fe2-5406-8270-2a2fa6f42129	chr21	38985845	38986741	6	5	1
5c309186-8fe2-5406-8270-2a2fa6f42129	chr21	38987107	39076165	4	2	2
5c309186-8fe2-5406-8270-2a2fa6f42129	chr21	39076456	39661889	6	4	2
5c309186-8fe2-5406-8270-2a2fa6f42129	chr21	39662288	39855161	7	5	2
5c309186-8fe2-5406-8270-2a2fa6f42129	chr21	39855535	41802745	5	3	2
5c309186-8fe2-5406-8270-2a2fa6f42129	chr21	41803178	42304631	3	2	1
5c309186-8fe2-5406-8270-2a2fa6f42129	chr21	42304908	45090690	2	1	1
5c309186-8fe2-5406-8270-2a2fa6f42129	chr21	45091496	45771615	5	3	2
5c309186-8fe2-5406-8270-2a2fa6f42129	chr21	45771849	46677045	6	4	2
5c309186-8fe2-5406-8270-2a2fa6f42129	chr22	16392123	34881756	3	2	1
5c309186-8fe2-5406-8270-2a2fa6f42129	chr22	34883078	34898550	5	3	2
5c309186-8fe2-5406-8270-2a2fa6f42129	chr22	34899114	45772846	3	2	1
5c309186-8fe2-5406-8270-2a2fa6f42129	chr22	45774086	50796027	2	1	1
5c309186-8fe2-5406-8270-2a2fa6f42129	chrX	251810	490407	3	3	0
5c309186-8fe2-5406-8270-2a2fa6f42129	chrX	507629	621147	4	3	1
5c309186-8fe2-5406-8270-2a2fa6f42129	chrX	621268	707436	2	2	0
5c309186-8fe2-5406-8270-2a2fa6f42129	chrX	707544	2703417	3	3	0
5c309186-8fe2-5406-8270-2a2fa6f42129	chrX	2705504	2748312	4	2	2
5c309186-8fe2-5406-8270-2a2fa6f42129	chrX	2748343	3777217	4	4	0
5c309186-8fe2-5406-8270-2a2fa6f42129	chrX	4017039	38349857	1	1	0
5c309186-8fe2-5406-8270-2a2fa6f42129	chrX	38349989	63844935	2	2	0
5c309186-8fe2-5406-8270-2a2fa6f42129	chrX	63849302	155559522	0	0	0
5c309186-8fe2-5406-8270-2a2fa6f42129	chrX	155559835	156004181	1	1	0
5c309186-8fe2-5406-8270-2a2fa6f42129	chrY	2782397	3242740	0	0	0
5c309186-8fe2-5406-8270-2a2fa6f42129	chrY	3243950	17270732	3	1	2
5c309186-8fe2-5406-8270-2a2fa6f42129	chrY	17278070	18640461	5	5	0
5c309186-8fe2-5406-8270-2a2fa6f42129	chrY	18640530	26653788	3	1	2
5c309186-8fe2-5406-8270-2a2fa6f42129	chrY	56872112	56872112	2	2	0
