GDC_Aliquot	Chromosome	Start	End	Copy_Number	Major_Copy_Number	Minor_Copy_Number
6ec5a99a-e376-5ef0-8535-f1f6fc0819cf	chr1	62920	1361685	1	1	0
6ec5a99a-e376-5ef0-8535-f1f6fc0819cf	chr1	1362042	108783922	3	2	1
6ec5a99a-e376-5ef0-8535-f1f6fc0819cf	chr1	108784438	108805931	2	1	1
6ec5a99a-e376-5ef0-8535-f1f6fc0819cf	chr1	108806397	109640204	3	2	1
6ec5a99a-e376-5ef0-8535-f1f6fc0819cf	chr1	109640399	110271582	2	1	1
6ec5a99a-e376-5ef0-8535-f1f6fc0819cf	chr1	110273001	110277673	1	1	0
6ec5a99a-e376-5ef0-8535-f1f6fc0819cf	chr1	110277796	121705338	2	1	1
6ec5a99a-e376-5ef0-8535-f1f6fc0819cf	chr1	143541857	196801565	3	2	1
6ec5a99a-e376-5ef0-8535-f1f6fc0819cf	chr1	196801995	196926551	1	1	0
6ec5a99a-e376-5ef0-8535-f1f6fc0819cf	chr1	196926717	248930189	3	2	1
6ec5a99a-e376-5ef0-8535-f1f6fc0819cf	chr2	12784	6379052	2	1	1
6ec5a99a-e376-5ef0-8535-f1f6fc0819cf	chr2	6379454	6478930	1	1	0
6ec5a99a-e376-5ef0-8535-f1f6fc0819cf	chr2	6479079	105933971	2	1	1
6ec5a99a-e376-5ef0-8535-f1f6fc0819cf	chr2	105934702	106021106	1	1	0
6ec5a99a-e376-5ef0-8535-f1f6fc0819cf	chr2	106021690	242147305	2	1	1
6ec5a99a-e376-5ef0-8535-f1f6fc0819cf	chr3	20930	46324833	2	1	1
6ec5a99a-e376-5ef0-8535-f1f6fc0819cf	chr3	46342678	93800634	1	1	0
6ec5a99a-e376-5ef0-8535-f1f6fc0819cf	chr3	93801172	98067184	2	1	1
6ec5a99a-e376-5ef0-8535-f1f6fc0819cf	chr3	98067359	98081307	1	1	0
6ec5a99a-e376-5ef0-8535-f1f6fc0819cf	chr3	98085199	169899931	2	1	1
6ec5a99a-e376-5ef0-8535-f1f6fc0819cf	chr3	169900054	169945956	1	1	0
6ec5a99a-e376-5ef0-8535-f1f6fc0819cf	chr3	169949301	198169247	2	1	1
6ec5a99a-e376-5ef0-8535-f1f6fc0819cf	chr4	68929	49087357	1	1	0
6ec5a99a-e376-5ef0-8535-f1f6fc0819cf	chr4	49091769	49146905	2	2	0
6ec5a99a-e376-5ef0-8535-f1f6fc0819cf	chr4	49152601	68478894	2	1	1
6ec5a99a-e376-5ef0-8535-f1f6fc0819cf	chr4	68494770	68591984	5	5	0
6ec5a99a-e376-5ef0-8535-f1f6fc0819cf	chr4	68592087	182083849	2	1	1
6ec5a99a-e376-5ef0-8535-f1f6fc0819cf	chr4	182085689	182106005	3	2	1
6ec5a99a-e376-5ef0-8535-f1f6fc0819cf	chr4	182106981	190106768	2	1	1
6ec5a99a-e376-5ef0-8535-f1f6fc0819cf	chr5	15532	1555710	2	1	1
6ec5a99a-e376-5ef0-8535-f1f6fc0819cf	chr5	1557098	29461100	3	2	1
6ec5a99a-e376-5ef0-8535-f1f6fc0819cf	chr5	29462822	31689539	4	3	1
6ec5a99a-e376-5ef0-8535-f1f6fc0819cf	chr5	31690452	32619571	4	2	2
6ec5a99a-e376-5ef0-8535-f1f6fc0819cf	chr5	32621348	41461498	3	2	1
6ec5a99a-e376-5ef0-8535-f1f6fc0819cf	chr5	41461882	41564460	1	1	0
6ec5a99a-e376-5ef0-8535-f1f6fc0819cf	chr5	41571207	50163220	3	2	1
6ec5a99a-e376-5ef0-8535-f1f6fc0819cf	chr5	50163701	181363319	1	1	0
6ec5a99a-e376-5ef0-8535-f1f6fc0819cf	chr6	149661	18422242	2	1	1
6ec5a99a-e376-5ef0-8535-f1f6fc0819cf	chr6	18422318	60372586	3	2	1
6ec5a99a-e376-5ef0-8535-f1f6fc0819cf	chr6	60372926	170741917	1	1	0
6ec5a99a-e376-5ef0-8535-f1f6fc0819cf	chr7	43259	64300980	3	2	1
6ec5a99a-e376-5ef0-8535-f1f6fc0819cf	chr7	64301127	69313319	6	4	2
6ec5a99a-e376-5ef0-8535-f1f6fc0819cf	chr7	69318875	71823976	5	3	2
6ec5a99a-e376-5ef0-8535-f1f6fc0819cf	chr7	71826698	74292303	3	2	1
6ec5a99a-e376-5ef0-8535-f1f6fc0819cf	chr7	74295390	77685601	2	2	0
6ec5a99a-e376-5ef0-8535-f1f6fc0819cf	chr7	77686586	78001470	3	2	1
6ec5a99a-e376-5ef0-8535-f1f6fc0819cf	chr7	78004850	78086789	2	2	0
6ec5a99a-e376-5ef0-8535-f1f6fc0819cf	chr7	78087304	78148181	4	3	1
6ec5a99a-e376-5ef0-8535-f1f6fc0819cf	chr7	78148839	79678050	2	2	0
6ec5a99a-e376-5ef0-8535-f1f6fc0819cf	chr7	79683743	80064672	4	2	2
6ec5a99a-e376-5ef0-8535-f1f6fc0819cf	chr7	80069738	103392156	2	2	0
6ec5a99a-e376-5ef0-8535-f1f6fc0819cf	chr7	103392874	159334314	3	2	1
6ec5a99a-e376-5ef0-8535-f1f6fc0819cf	chr8	81254	32780534	1	1	0
6ec5a99a-e376-5ef0-8535-f1f6fc0819cf	chr8	32781103	33076467	9	8	1
6ec5a99a-e376-5ef0-8535-f1f6fc0819cf	chr8	33083099	34770187	5	4	1
6ec5a99a-e376-5ef0-8535-f1f6fc0819cf	chr8	34772383	36195055	12	11	1
6ec5a99a-e376-5ef0-8535-f1f6fc0819cf	chr8	36201715	39183705	10	9	1
6ec5a99a-e376-5ef0-8535-f1f6fc0819cf	chr8	39183871	40457270	6	5	1
6ec5a99a-e376-5ef0-8535-f1f6fc0819cf	chr8	40457485	57122275	4	3	1
6ec5a99a-e376-5ef0-8535-f1f6fc0819cf	chr8	57122521	65208065	5	4	1
6ec5a99a-e376-5ef0-8535-f1f6fc0819cf	chr8	65208386	66448490	4	3	1
6ec5a99a-e376-5ef0-8535-f1f6fc0819cf	chr8	66448527	122188489	5	4	1
6ec5a99a-e376-5ef0-8535-f1f6fc0819cf	chr8	122188541	145072769	4	3	1
6ec5a99a-e376-5ef0-8535-f1f6fc0819cf	chr9	46587	259138	1	1	0
6ec5a99a-e376-5ef0-8535-f1f6fc0819cf	chr9	259224	135041653	3	2	1
6ec5a99a-e376-5ef0-8535-f1f6fc0819cf	chr9	135042668	135046478	5	3	2
6ec5a99a-e376-5ef0-8535-f1f6fc0819cf	chr9	135046775	138200944	3	2	1
6ec5a99a-e376-5ef0-8535-f1f6fc0819cf	chr10	45792	66874176	2	1	1
6ec5a99a-e376-5ef0-8535-f1f6fc0819cf	chr10	66875312	66889578	3	2	1
6ec5a99a-e376-5ef0-8535-f1f6fc0819cf	chr10	66889594	133654968	2	1	1
6ec5a99a-e376-5ef0-8535-f1f6fc0819cf	chr11	198510	15688737	2	1	1
6ec5a99a-e376-5ef0-8535-f1f6fc0819cf	chr11	15688776	15880673	4	3	1
6ec5a99a-e376-5ef0-8535-f1f6fc0819cf	chr11	15882120	135074876	2	1	1
6ec5a99a-e376-5ef0-8535-f1f6fc0819cf	chr12	51460	63545960	2	1	1
6ec5a99a-e376-5ef0-8535-f1f6fc0819cf	chr12	63554371	63741025	5	3	2
6ec5a99a-e376-5ef0-8535-f1f6fc0819cf	chr12	63741647	77083720	2	1	1
6ec5a99a-e376-5ef0-8535-f1f6fc0819cf	chr12	77083755	77088876	1	1	0
6ec5a99a-e376-5ef0-8535-f1f6fc0819cf	chr12	77088904	133201603	2	1	1
6ec5a99a-e376-5ef0-8535-f1f6fc0819cf	chr13	18452809	19486314	3	2	1
6ec5a99a-e376-5ef0-8535-f1f6fc0819cf	chr13	19486974	19726418	5	3	2
6ec5a99a-e376-5ef0-8535-f1f6fc0819cf	chr13	19730313	93469432	2	2	0
6ec5a99a-e376-5ef0-8535-f1f6fc0819cf	chr13	93471746	93510580	1	1	0
6ec5a99a-e376-5ef0-8535-f1f6fc0819cf	chr13	93514882	114342922	2	2	0
6ec5a99a-e376-5ef0-8535-f1f6fc0819cf	chr14	18239283	76462387	2	1	1
6ec5a99a-e376-5ef0-8535-f1f6fc0819cf	chr14	76463045	76552169	3	2	1
6ec5a99a-e376-5ef0-8535-f1f6fc0819cf	chr14	76552223	106877229	2	1	1
6ec5a99a-e376-5ef0-8535-f1f6fc0819cf	chr15	19811075	101928837	2	1	1
6ec5a99a-e376-5ef0-8535-f1f6fc0819cf	chr16	10777	7037472	2	1	1
6ec5a99a-e376-5ef0-8535-f1f6fc0819cf	chr16	7037533	7134316	1	1	0
6ec5a99a-e376-5ef0-8535-f1f6fc0819cf	chr16	7135151	60175399	2	1	1
6ec5a99a-e376-5ef0-8535-f1f6fc0819cf	chr16	60176340	60189764	3	2	1
6ec5a99a-e376-5ef0-8535-f1f6fc0819cf	chr16	60191006	90096867	2	1	1
6ec5a99a-e376-5ef0-8535-f1f6fc0819cf	chr17	150733	10030170	1	1	0
6ec5a99a-e376-5ef0-8535-f1f6fc0819cf	chr17	10032932	10974171	5	4	1
6ec5a99a-e376-5ef0-8535-f1f6fc0819cf	chr17	10975938	11326337	7	6	1
6ec5a99a-e376-5ef0-8535-f1f6fc0819cf	chr17	11326339	12069757	5	4	1
6ec5a99a-e376-5ef0-8535-f1f6fc0819cf	chr17	12073183	13078508	11	9	2
6ec5a99a-e376-5ef0-8535-f1f6fc0819cf	chr17	13078860	13160408	4	3	1
6ec5a99a-e376-5ef0-8535-f1f6fc0819cf	chr17	13163828	13777482	8	7	1
6ec5a99a-e376-5ef0-8535-f1f6fc0819cf	chr17	13777774	14821511	12	11	1
6ec5a99a-e376-5ef0-8535-f1f6fc0819cf	chr17	14825547	18160881	9	8	1
6ec5a99a-e376-5ef0-8535-f1f6fc0819cf	chr17	18161416	22239865	8	7	1
6ec5a99a-e376-5ef0-8535-f1f6fc0819cf	chr17	22243555	36157718	2	1	1
6ec5a99a-e376-5ef0-8535-f1f6fc0819cf	chr17	36200725	36528169	5	5	0
6ec5a99a-e376-5ef0-8535-f1f6fc0819cf	chr17	36528552	70530032	2	1	1
6ec5a99a-e376-5ef0-8535-f1f6fc0819cf	chr17	70530215	71619433	4	3	1
6ec5a99a-e376-5ef0-8535-f1f6fc0819cf	chr17	71620225	83091923	2	1	1
6ec5a99a-e376-5ef0-8535-f1f6fc0819cf	chr18	48133	80257174	2	1	1
6ec5a99a-e376-5ef0-8535-f1f6fc0819cf	chr19	90910	12058443	2	1	1
6ec5a99a-e376-5ef0-8535-f1f6fc0819cf	chr19	12071434	13601500	11	10	1
6ec5a99a-e376-5ef0-8535-f1f6fc0819cf	chr19	13601552	14499650	3	2	1
6ec5a99a-e376-5ef0-8535-f1f6fc0819cf	chr19	14508652	24166535	2	1	1
6ec5a99a-e376-5ef0-8535-f1f6fc0819cf	chr19	24169313	27704119	3	2	1
6ec5a99a-e376-5ef0-8535-f1f6fc0819cf	chr19	27705312	34092753	2	1	1
6ec5a99a-e376-5ef0-8535-f1f6fc0819cf	chr19	34092795	34196436	1	1	0
6ec5a99a-e376-5ef0-8535-f1f6fc0819cf	chr19	34196841	58586487	2	1	1
6ec5a99a-e376-5ef0-8535-f1f6fc0819cf	chr20	80664	60171129	2	1	1
6ec5a99a-e376-5ef0-8535-f1f6fc0819cf	chr20	60174523	60219685	3	2	1
6ec5a99a-e376-5ef0-8535-f1f6fc0819cf	chr20	60220478	64324800	2	1	1
6ec5a99a-e376-5ef0-8535-f1f6fc0819cf	chr21	12973348	14763575	4	3	1
6ec5a99a-e376-5ef0-8535-f1f6fc0819cf	chr21	14763860	23293302	5	4	1
6ec5a99a-e376-5ef0-8535-f1f6fc0819cf	chr21	23294067	23312928	6	5	1
6ec5a99a-e376-5ef0-8535-f1f6fc0819cf	chr21	23312988	46677045	4	3	1
6ec5a99a-e376-5ef0-8535-f1f6fc0819cf	chr22	16392123	50796027	1	1	0
6ec5a99a-e376-5ef0-8535-f1f6fc0819cf	chrX	251810	1507378	6	5	1
6ec5a99a-e376-5ef0-8535-f1f6fc0819cf	chrX	1520566	1838136	9	7	2
6ec5a99a-e376-5ef0-8535-f1f6fc0819cf	chrX	1845181	2463333	7	6	1
6ec5a99a-e376-5ef0-8535-f1f6fc0819cf	chrX	2463881	2627552	6	5	1
6ec5a99a-e376-5ef0-8535-f1f6fc0819cf	chrX	2627862	2775134	7	6	1
6ec5a99a-e376-5ef0-8535-f1f6fc0819cf	chrX	2775583	156004181	1	1	0
6ec5a99a-e376-5ef0-8535-f1f6fc0819cf	chrY	2782397	2845714	14	14	0
6ec5a99a-e376-5ef0-8535-f1f6fc0819cf	chrY	2848574	9950311	12	12	0
6ec5a99a-e376-5ef0-8535-f1f6fc0819cf	chrY	9950733	14650216	7	7	0
6ec5a99a-e376-5ef0-8535-f1f6fc0819cf	chrY	14653149	14775769	10	10	0
6ec5a99a-e376-5ef0-8535-f1f6fc0819cf	chrY	14782951	14959791	4	4	0
6ec5a99a-e376-5ef0-8535-f1f6fc0819cf	chrY	14960200	16945203	12	12	0
6ec5a99a-e376-5ef0-8535-f1f6fc0819cf	chrY	16947548	17032033	14	7	7
6ec5a99a-e376-5ef0-8535-f1f6fc0819cf	chrY	17037122	17307197	14	14	0
6ec5a99a-e376-5ef0-8535-f1f6fc0819cf	chrY	17320017	21437759	0	0	0
6ec5a99a-e376-5ef0-8535-f1f6fc0819cf	chrY	21438129	22336368	1	1	0
6ec5a99a-e376-5ef0-8535-f1f6fc0819cf	chrY	22336625	26653788	0	0	0
6ec5a99a-e376-5ef0-8535-f1f6fc0819cf	chrY	56872112	56872112	2	2	0
