GDC_Aliquot	Chromosome	Start	End	Copy_Number	Major_Copy_Number	Minor_Copy_Number
41030be7-181a-5aa6-916d-b2404e782f98	chr1	62920	54385994	5	3	2
41030be7-181a-5aa6-916d-b2404e782f98	chr1	54388406	67955386	6	3	3
41030be7-181a-5aa6-916d-b2404e782f98	chr1	67955404	83115380	7	4	3
41030be7-181a-5aa6-916d-b2404e782f98	chr1	83116351	95925460	6	3	3
41030be7-181a-5aa6-916d-b2404e782f98	chr1	95925497	99100917	7	4	3
41030be7-181a-5aa6-916d-b2404e782f98	chr1	99105451	102079439	6	3	3
41030be7-181a-5aa6-916d-b2404e782f98	chr1	102082562	108926583	7	4	3
41030be7-181a-5aa6-916d-b2404e782f98	chr1	108927664	213780136	6	3	3
41030be7-181a-5aa6-916d-b2404e782f98	chr1	213780206	219526992	7	4	3
41030be7-181a-5aa6-916d-b2404e782f98	chr1	219527129	248930189	6	3	3
41030be7-181a-5aa6-916d-b2404e782f98	chr2	12784	18042814	5	3	2
41030be7-181a-5aa6-916d-b2404e782f98	chr2	18043353	18282106	6	3	3
41030be7-181a-5aa6-916d-b2404e782f98	chr2	18286136	18451458	5	3	2
41030be7-181a-5aa6-916d-b2404e782f98	chr2	18451543	27778184	6	3	3
41030be7-181a-5aa6-916d-b2404e782f98	chr2	27780307	28477032	6	4	2
41030be7-181a-5aa6-916d-b2404e782f98	chr2	28483497	68818026	6	3	3
41030be7-181a-5aa6-916d-b2404e782f98	chr2	68818124	68825391	3	2	1
41030be7-181a-5aa6-916d-b2404e782f98	chr2	68825859	75301611	6	3	3
41030be7-181a-5aa6-916d-b2404e782f98	chr2	75304233	76855726	8	4	4
41030be7-181a-5aa6-916d-b2404e782f98	chr2	76855749	84204865	7	4	3
41030be7-181a-5aa6-916d-b2404e782f98	chr2	84205176	84218791	4	2	2
41030be7-181a-5aa6-916d-b2404e782f98	chr2	84221815	88831554	6	3	3
41030be7-181a-5aa6-916d-b2404e782f98	chr2	88833611	89201676	18	18	0
41030be7-181a-5aa6-916d-b2404e782f98	chr2	89201750	132661061	6	3	3
41030be7-181a-5aa6-916d-b2404e782f98	chr2	132663809	179061108	4	3	1
41030be7-181a-5aa6-916d-b2404e782f98	chr2	179069475	187732321	6	5	1
41030be7-181a-5aa6-916d-b2404e782f98	chr2	187740534	242147305	4	3	1
41030be7-181a-5aa6-916d-b2404e782f98	chr3	20930	3313914	3	3	0
41030be7-181a-5aa6-916d-b2404e782f98	chr3	3314056	3925767	5	5	0
41030be7-181a-5aa6-916d-b2404e782f98	chr3	3925783	3934733	4	4	0
41030be7-181a-5aa6-916d-b2404e782f98	chr3	3935472	44431827	5	5	0
41030be7-181a-5aa6-916d-b2404e782f98	chr3	44435385	55349460	2	2	0
41030be7-181a-5aa6-916d-b2404e782f98	chr3	55349603	55352798	1	1	0
41030be7-181a-5aa6-916d-b2404e782f98	chr3	55353002	116566093	3	3	0
41030be7-181a-5aa6-916d-b2404e782f98	chr3	116566950	116723503	2	2	0
41030be7-181a-5aa6-916d-b2404e782f98	chr3	116724873	117181015	0	0	0
41030be7-181a-5aa6-916d-b2404e782f98	chr3	117183341	134810866	3	3	0
41030be7-181a-5aa6-916d-b2404e782f98	chr3	134812001	198169247	4	4	0
41030be7-181a-5aa6-916d-b2404e782f98	chr4	68929	2519134	5	3	2
41030be7-181a-5aa6-916d-b2404e782f98	chr4	2617604	5739468	3	2	1
41030be7-181a-5aa6-916d-b2404e782f98	chr4	5739547	18613483	4	3	1
41030be7-181a-5aa6-916d-b2404e782f98	chr4	18614554	18638901	2	2	0
41030be7-181a-5aa6-916d-b2404e782f98	chr4	18639521	28235118	4	3	1
41030be7-181a-5aa6-916d-b2404e782f98	chr4	28235134	28236448	2	2	0
41030be7-181a-5aa6-916d-b2404e782f98	chr4	28236509	41480905	4	3	1
41030be7-181a-5aa6-916d-b2404e782f98	chr4	41482172	54635561	6	3	3
41030be7-181a-5aa6-916d-b2404e782f98	chr4	54635754	54660796	8	5	3
41030be7-181a-5aa6-916d-b2404e782f98	chr4	54660899	69441766	7	4	3
41030be7-181a-5aa6-916d-b2404e782f98	chr4	69445504	83189044	6	3	3
41030be7-181a-5aa6-916d-b2404e782f98	chr4	83189828	83238939	4	2	2
41030be7-181a-5aa6-916d-b2404e782f98	chr4	83238980	87757584	6	3	3
41030be7-181a-5aa6-916d-b2404e782f98	chr4	87757602	98640411	7	4	3
41030be7-181a-5aa6-916d-b2404e782f98	chr4	98640544	114160223	6	3	3
41030be7-181a-5aa6-916d-b2404e782f98	chr4	114160538	114235104	5	3	2
41030be7-181a-5aa6-916d-b2404e782f98	chr4	114237534	137997770	7	4	3
41030be7-181a-5aa6-916d-b2404e782f98	chr4	137997905	154030433	6	3	3
41030be7-181a-5aa6-916d-b2404e782f98	chr4	154030623	182887041	7	4	3
41030be7-181a-5aa6-916d-b2404e782f98	chr4	182887218	187207108	6	3	3
41030be7-181a-5aa6-916d-b2404e782f98	chr4	187210238	190106768	7	4	3
41030be7-181a-5aa6-916d-b2404e782f98	chr5	15532	2857428	5	3	2
41030be7-181a-5aa6-916d-b2404e782f98	chr5	2864135	16658386	6	3	3
41030be7-181a-5aa6-916d-b2404e782f98	chr5	16658415	29908468	7	4	3
41030be7-181a-5aa6-916d-b2404e782f98	chr5	29911500	29956505	4	2	2
41030be7-181a-5aa6-916d-b2404e782f98	chr5	29958785	41600710	6	3	3
41030be7-181a-5aa6-916d-b2404e782f98	chr5	41600759	41621591	4	2	2
41030be7-181a-5aa6-916d-b2404e782f98	chr5	41624877	55075129	7	4	3
41030be7-181a-5aa6-916d-b2404e782f98	chr5	55075148	82638739	6	3	3
41030be7-181a-5aa6-916d-b2404e782f98	chr5	82638799	93188824	7	4	3
41030be7-181a-5aa6-916d-b2404e782f98	chr5	93188841	103524201	6	3	3
41030be7-181a-5aa6-916d-b2404e782f98	chr5	103524591	108188836	7	4	3
41030be7-181a-5aa6-916d-b2404e782f98	chr5	108190881	157404865	6	3	3
41030be7-181a-5aa6-916d-b2404e782f98	chr5	157405114	157449776	3	2	1
41030be7-181a-5aa6-916d-b2404e782f98	chr5	157449809	168737929	6	3	3
41030be7-181a-5aa6-916d-b2404e782f98	chr5	168738006	168759478	3	2	1
41030be7-181a-5aa6-916d-b2404e782f98	chr5	168760386	181363319	5	3	2
41030be7-181a-5aa6-916d-b2404e782f98	chr6	149661	264756	1	1	0
41030be7-181a-5aa6-916d-b2404e782f98	chr6	265113	34926206	3	3	0
41030be7-181a-5aa6-916d-b2404e782f98	chr6	34934784	36043727	9	6	3
41030be7-181a-5aa6-916d-b2404e782f98	chr6	36045225	40543954	12	9	3
41030be7-181a-5aa6-916d-b2404e782f98	chr6	40546446	44731331	23	21	2
41030be7-181a-5aa6-916d-b2404e782f98	chr6	44731472	44917012	31	29	2
41030be7-181a-5aa6-916d-b2404e782f98	chr6	44917214	47364833	41	39	2
41030be7-181a-5aa6-916d-b2404e782f98	chr6	47373047	47858642	16	13	3
41030be7-181a-5aa6-916d-b2404e782f98	chr6	47861339	160350331	3	3	0
41030be7-181a-5aa6-916d-b2404e782f98	chr6	160351810	160354546	1	1	0
41030be7-181a-5aa6-916d-b2404e782f98	chr6	160354620	170741917	3	3	0
41030be7-181a-5aa6-916d-b2404e782f98	chr7	43259	3316851	5	3	2
41030be7-181a-5aa6-916d-b2404e782f98	chr7	3318894	9553014	6	3	3
41030be7-181a-5aa6-916d-b2404e782f98	chr7	9555355	20310247	7	4	3
41030be7-181a-5aa6-916d-b2404e782f98	chr7	20311779	70793296	6	3	3
41030be7-181a-5aa6-916d-b2404e782f98	chr7	70795063	71351213	8	5	3
41030be7-181a-5aa6-916d-b2404e782f98	chr7	71351611	76812620	5	3	2
41030be7-181a-5aa6-916d-b2404e782f98	chr7	76817005	76944884	2	1	1
41030be7-181a-5aa6-916d-b2404e782f98	chr7	76967587	78902778	6	3	3
41030be7-181a-5aa6-916d-b2404e782f98	chr7	78902961	85979821	7	4	3
41030be7-181a-5aa6-916d-b2404e782f98	chr7	85980155	107796603	6	3	3
41030be7-181a-5aa6-916d-b2404e782f98	chr7	107800006	127074648	7	4	3
41030be7-181a-5aa6-916d-b2404e782f98	chr7	127077103	127084702	4	2	2
41030be7-181a-5aa6-916d-b2404e782f98	chr7	127084807	133756412	6	3	3
41030be7-181a-5aa6-916d-b2404e782f98	chr7	133756655	134100981	5	3	2
41030be7-181a-5aa6-916d-b2404e782f98	chr7	134100986	134110881	0	0	0
41030be7-181a-5aa6-916d-b2404e782f98	chr7	134110912	134124039	3	3	0
41030be7-181a-5aa6-916d-b2404e782f98	chr7	134130638	146574294	6	3	3
41030be7-181a-5aa6-916d-b2404e782f98	chr7	146577664	146899220	3	3	0
41030be7-181a-5aa6-916d-b2404e782f98	chr7	146902282	147177746	2	2	0
41030be7-181a-5aa6-916d-b2404e782f98	chr7	147181839	147238805	6	4	2
41030be7-181a-5aa6-916d-b2404e782f98	chr7	147238838	147291110	2	2	0
41030be7-181a-5aa6-916d-b2404e782f98	chr7	147291955	147398757	3	2	1
41030be7-181a-5aa6-916d-b2404e782f98	chr7	147402135	159334314	6	3	3
41030be7-181a-5aa6-916d-b2404e782f98	chr8	81254	4130698	3	3	0
41030be7-181a-5aa6-916d-b2404e782f98	chr8	4130913	4170924	4	4	0
41030be7-181a-5aa6-916d-b2404e782f98	chr8	4174090	18390439	3	3	0
41030be7-181a-5aa6-916d-b2404e782f98	chr8	18394559	18402503	1	1	0
41030be7-181a-5aa6-916d-b2404e782f98	chr8	18403517	39373140	3	3	0
41030be7-181a-5aa6-916d-b2404e782f98	chr8	39378084	39531260	0	0	0
41030be7-181a-5aa6-916d-b2404e782f98	chr8	39531496	39758042	2	2	0
41030be7-181a-5aa6-916d-b2404e782f98	chr8	39761031	43923771	3	3	0
41030be7-181a-5aa6-916d-b2404e782f98	chr8	43925152	68296830	6	3	3
41030be7-181a-5aa6-916d-b2404e782f98	chr8	68303454	68472254	3	3	0
41030be7-181a-5aa6-916d-b2404e782f98	chr8	68475868	84910660	10	7	3
41030be7-181a-5aa6-916d-b2404e782f98	chr8	84913205	85336076	10	5	5
41030be7-181a-5aa6-916d-b2404e782f98	chr8	85339212	85445911	3	3	0
41030be7-181a-5aa6-916d-b2404e782f98	chr8	85446850	88044652	7	4	3
41030be7-181a-5aa6-916d-b2404e782f98	chr8	88044734	96311680	6	3	3
41030be7-181a-5aa6-916d-b2404e782f98	chr8	96311888	104067169	7	4	3
41030be7-181a-5aa6-916d-b2404e782f98	chr8	104068693	119642901	8	4	4
41030be7-181a-5aa6-916d-b2404e782f98	chr8	119644909	120961728	9	6	3
41030be7-181a-5aa6-916d-b2404e782f98	chr8	120962456	139359857	8	5	3
41030be7-181a-5aa6-916d-b2404e782f98	chr8	139360545	145072769	6	4	2
41030be7-181a-5aa6-916d-b2404e782f98	chr9	46587	274688	25	24	1
41030be7-181a-5aa6-916d-b2404e782f98	chr9	277633	364015	11	9	2
41030be7-181a-5aa6-916d-b2404e782f98	chr9	364179	1389746	13	10	3
41030be7-181a-5aa6-916d-b2404e782f98	chr9	1390713	2115230	10	7	3
41030be7-181a-5aa6-916d-b2404e782f98	chr9	2115271	2191976	7	4	3
41030be7-181a-5aa6-916d-b2404e782f98	chr9	2205572	3130279	3	3	0
41030be7-181a-5aa6-916d-b2404e782f98	chr9	3130428	3139301	1	1	0
41030be7-181a-5aa6-916d-b2404e782f98	chr9	3139596	9088734	3	3	0
41030be7-181a-5aa6-916d-b2404e782f98	chr9	9090782	19632550	4	4	0
41030be7-181a-5aa6-916d-b2404e782f98	chr9	19638329	21828229	2	2	0
41030be7-181a-5aa6-916d-b2404e782f98	chr9	21833542	23848519	0	0	0
41030be7-181a-5aa6-916d-b2404e782f98	chr9	23858056	27665058	1	1	0
41030be7-181a-5aa6-916d-b2404e782f98	chr9	27668928	27726844	0	0	0
41030be7-181a-5aa6-916d-b2404e782f98	chr9	27726913	31728502	1	1	0
41030be7-181a-5aa6-916d-b2404e782f98	chr9	31732622	41741113	3	3	0
41030be7-181a-5aa6-916d-b2404e782f98	chr9	60863881	109750465	6	3	3
41030be7-181a-5aa6-916d-b2404e782f98	chr9	109752457	109834682	9	6	3
41030be7-181a-5aa6-916d-b2404e782f98	chr9	109841074	123295040	6	3	3
41030be7-181a-5aa6-916d-b2404e782f98	chr9	123299793	130106925	5	3	2
41030be7-181a-5aa6-916d-b2404e782f98	chr9	130107065	138200944	4	2	2
41030be7-181a-5aa6-916d-b2404e782f98	chr10	45792	163919	6	4	2
41030be7-181a-5aa6-916d-b2404e782f98	chr10	164240	7480523	6	3	3
41030be7-181a-5aa6-916d-b2404e782f98	chr10	7481040	7494253	4	2	2
41030be7-181a-5aa6-916d-b2404e782f98	chr10	7494345	9830366	6	3	3
41030be7-181a-5aa6-916d-b2404e782f98	chr10	9831043	15199854	5	3	2
41030be7-181a-5aa6-916d-b2404e782f98	chr10	15199996	42844774	6	3	3
41030be7-181a-5aa6-916d-b2404e782f98	chr10	42846528	43405886	9	6	3
41030be7-181a-5aa6-916d-b2404e782f98	chr10	43412005	44071234	3	3	0
41030be7-181a-5aa6-916d-b2404e782f98	chr10	44076729	44544822	8	5	3
41030be7-181a-5aa6-916d-b2404e782f98	chr10	44547614	44979942	6	3	3
41030be7-181a-5aa6-916d-b2404e782f98	chr10	44982644	45719983	3	3	0
41030be7-181a-5aa6-916d-b2404e782f98	chr10	45720318	48463351	7	5	2
41030be7-181a-5aa6-916d-b2404e782f98	chr10	48467919	48474790	5	5	0
41030be7-181a-5aa6-916d-b2404e782f98	chr10	48476641	80758757	3	3	0
41030be7-181a-5aa6-916d-b2404e782f98	chr10	80759033	80773908	1	1	0
41030be7-181a-5aa6-916d-b2404e782f98	chr10	80773992	92178106	3	3	0
41030be7-181a-5aa6-916d-b2404e782f98	chr10	92179405	93007859	17	14	3
41030be7-181a-5aa6-916d-b2404e782f98	chr10	93008409	133654968	3	3	0
41030be7-181a-5aa6-916d-b2404e782f98	chr11	198510	54952548	3	3	0
41030be7-181a-5aa6-916d-b2404e782f98	chr11	54953347	59181907	5	3	2
41030be7-181a-5aa6-916d-b2404e782f98	chr11	59186138	69720554	4	2	2
41030be7-181a-5aa6-916d-b2404e782f98	chr11	69720808	70948969	6	3	3
41030be7-181a-5aa6-916d-b2404e782f98	chr11	70949160	72659855	4	2	2
41030be7-181a-5aa6-916d-b2404e782f98	chr11	72662452	74075956	6	3	3
41030be7-181a-5aa6-916d-b2404e782f98	chr11	74076279	75088179	8	5	3
41030be7-181a-5aa6-916d-b2404e782f98	chr11	75089784	75744013	5	3	2
41030be7-181a-5aa6-916d-b2404e782f98	chr11	75745056	77125393	6	3	3
41030be7-181a-5aa6-916d-b2404e782f98	chr11	77126453	77196431	5	3	2
41030be7-181a-5aa6-916d-b2404e782f98	chr11	77196682	78862134	7	4	3
41030be7-181a-5aa6-916d-b2404e782f98	chr11	78862204	79914610	5	3	2
41030be7-181a-5aa6-916d-b2404e782f98	chr11	79917965	81562499	7	4	3
41030be7-181a-5aa6-916d-b2404e782f98	chr11	81562512	97737548	4	3	1
41030be7-181a-5aa6-916d-b2404e782f98	chr11	97737622	100714762	5	3	2
41030be7-181a-5aa6-916d-b2404e782f98	chr11	100715158	101288692	7	4	3
41030be7-181a-5aa6-916d-b2404e782f98	chr11	101290227	102789366	10	7	3
41030be7-181a-5aa6-916d-b2404e782f98	chr11	102790143	102981196	5	3	2
41030be7-181a-5aa6-916d-b2404e782f98	chr11	102981253	103644016	9	6	3
41030be7-181a-5aa6-916d-b2404e782f98	chr11	103649655	103729182	19	15	4
41030be7-181a-5aa6-916d-b2404e782f98	chr11	103729855	106127722	10	7	3
41030be7-181a-5aa6-916d-b2404e782f98	chr11	106132652	112546351	7	4	3
41030be7-181a-5aa6-916d-b2404e782f98	chr11	112552118	112585201	5	3	2
41030be7-181a-5aa6-916d-b2404e782f98	chr11	112585498	115625925	7	4	3
41030be7-181a-5aa6-916d-b2404e782f98	chr11	115626194	124697622	6	3	3
41030be7-181a-5aa6-916d-b2404e782f98	chr11	124701076	135074876	5	3	2
41030be7-181a-5aa6-916d-b2404e782f98	chr12	51460	13918155	5	3	2
41030be7-181a-5aa6-916d-b2404e782f98	chr12	13918549	49916410	6	3	3
41030be7-181a-5aa6-916d-b2404e782f98	chr12	49917441	54495296	5	3	2
41030be7-181a-5aa6-916d-b2404e782f98	chr12	54496356	62622879	6	3	3
41030be7-181a-5aa6-916d-b2404e782f98	chr12	62626965	62733679	9	6	3
41030be7-181a-5aa6-916d-b2404e782f98	chr12	62734126	101361954	6	3	3
41030be7-181a-5aa6-916d-b2404e782f98	chr12	101364755	126063074	5	3	2
41030be7-181a-5aa6-916d-b2404e782f98	chr12	126063223	126066660	2	1	1
41030be7-181a-5aa6-916d-b2404e782f98	chr12	126068124	133201603	5	3	2
41030be7-181a-5aa6-916d-b2404e782f98	chr13	18452809	114342922	3	3	0
41030be7-181a-5aa6-916d-b2404e782f98	chr14	18239283	40635618	5	3	2
41030be7-181a-5aa6-916d-b2404e782f98	chr14	40637395	47854158	6	3	3
41030be7-181a-5aa6-916d-b2404e782f98	chr14	47854259	78990843	5	3	2
41030be7-181a-5aa6-916d-b2404e782f98	chr14	78990897	79206891	2	2	0
41030be7-181a-5aa6-916d-b2404e782f98	chr14	79207131	87328121	6	3	3
41030be7-181a-5aa6-916d-b2404e782f98	chr14	87329548	87346663	4	2	2
41030be7-181a-5aa6-916d-b2404e782f98	chr14	87346968	105733039	5	3	2
41030be7-181a-5aa6-916d-b2404e782f98	chr14	105752248	106346129	11	11	0
41030be7-181a-5aa6-916d-b2404e782f98	chr14	106360014	106877229	5	5	0
41030be7-181a-5aa6-916d-b2404e782f98	chr15	19811075	25403517	6	3	3
41030be7-181a-5aa6-916d-b2404e782f98	chr15	25403545	26200635	5	3	2
41030be7-181a-5aa6-916d-b2404e782f98	chr15	26201581	26395705	8	4	4
41030be7-181a-5aa6-916d-b2404e782f98	chr15	26395773	26933639	5	3	2
41030be7-181a-5aa6-916d-b2404e782f98	chr15	26935190	33778770	3	3	0
41030be7-181a-5aa6-916d-b2404e782f98	chr15	33779104	33796956	1	1	0
41030be7-181a-5aa6-916d-b2404e782f98	chr15	33800809	52972037	3	3	0
41030be7-181a-5aa6-916d-b2404e782f98	chr15	52973618	53121204	5	4	1
41030be7-181a-5aa6-916d-b2404e782f98	chr15	53121906	54259764	3	3	0
41030be7-181a-5aa6-916d-b2404e782f98	chr15	54267615	54490993	7	4	3
41030be7-181a-5aa6-916d-b2404e782f98	chr15	54492834	54596368	9	6	3
41030be7-181a-5aa6-916d-b2404e782f98	chr15	54596733	55006900	6	3	3
41030be7-181a-5aa6-916d-b2404e782f98	chr15	55009172	55606652	3	3	0
41030be7-181a-5aa6-916d-b2404e782f98	chr15	55606914	55766626	7	5	2
41030be7-181a-5aa6-916d-b2404e782f98	chr15	55769873	56776348	3	3	0
41030be7-181a-5aa6-916d-b2404e782f98	chr15	56777897	56817036	6	4	2
41030be7-181a-5aa6-916d-b2404e782f98	chr15	56819301	56873074	3	3	0
41030be7-181a-5aa6-916d-b2404e782f98	chr15	56874447	57614438	9	6	3
41030be7-181a-5aa6-916d-b2404e782f98	chr15	57614508	57679907	6	3	3
41030be7-181a-5aa6-916d-b2404e782f98	chr15	57683531	57791230	13	9	4
41030be7-181a-5aa6-916d-b2404e782f98	chr15	57796193	58510958	6	3	3
41030be7-181a-5aa6-916d-b2404e782f98	chr15	58511026	59456690	9	6	3
41030be7-181a-5aa6-916d-b2404e782f98	chr15	59457218	60091702	7	4	3
41030be7-181a-5aa6-916d-b2404e782f98	chr15	60094137	60144657	11	6	5
41030be7-181a-5aa6-916d-b2404e782f98	chr15	60145141	60883855	6	3	3
41030be7-181a-5aa6-916d-b2404e782f98	chr15	60887422	61334195	9	6	3
41030be7-181a-5aa6-916d-b2404e782f98	chr15	61335528	62306607	6	3	3
41030be7-181a-5aa6-916d-b2404e782f98	chr15	62307576	63465134	10	7	3
41030be7-181a-5aa6-916d-b2404e782f98	chr15	63465260	68613478	12	9	3
41030be7-181a-5aa6-916d-b2404e782f98	chr15	68616128	73768421	9	6	3
41030be7-181a-5aa6-916d-b2404e782f98	chr15	73769261	74061396	7	5	2
41030be7-181a-5aa6-916d-b2404e782f98	chr15	74063307	75014522	15	12	3
41030be7-181a-5aa6-916d-b2404e782f98	chr15	75017004	80624827	9	6	3
41030be7-181a-5aa6-916d-b2404e782f98	chr15	80626404	86691179	10	7	3
41030be7-181a-5aa6-916d-b2404e782f98	chr15	86691319	86769628	6	3	3
41030be7-181a-5aa6-916d-b2404e782f98	chr15	86770807	88716739	9	6	3
41030be7-181a-5aa6-916d-b2404e782f98	chr15	88717903	89304547	6	3	3
41030be7-181a-5aa6-916d-b2404e782f98	chr15	89308100	89381584	10	7	3
41030be7-181a-5aa6-916d-b2404e782f98	chr15	89384329	100389839	6	3	3
41030be7-181a-5aa6-916d-b2404e782f98	chr15	100393924	100467579	15	10	5
41030be7-181a-5aa6-916d-b2404e782f98	chr15	100468370	101928837	6	3	3
41030be7-181a-5aa6-916d-b2404e782f98	chr16	10777	539860	3	2	1
41030be7-181a-5aa6-916d-b2404e782f98	chr16	546442	5423686	4	2	2
41030be7-181a-5aa6-916d-b2404e782f98	chr16	5424695	36048855	5	3	2
41030be7-181a-5aa6-916d-b2404e782f98	chr16	46441986	50520685	6	3	3
41030be7-181a-5aa6-916d-b2404e782f98	chr16	50521867	57917517	5	3	2
41030be7-181a-5aa6-916d-b2404e782f98	chr16	57918966	65927078	6	3	3
41030be7-181a-5aa6-916d-b2404e782f98	chr16	65927540	80536418	5	3	2
41030be7-181a-5aa6-916d-b2404e782f98	chr16	80537204	90096867	4	2	2
41030be7-181a-5aa6-916d-b2404e782f98	chr17	150733	7680735	5	5	0
41030be7-181a-5aa6-916d-b2404e782f98	chr17	7680826	7880843	0	0	0
41030be7-181a-5aa6-916d-b2404e782f98	chr17	7891169	21661661	6	6	0
41030be7-181a-5aa6-916d-b2404e782f98	chr17	22167265	22720241	3	3	0
41030be7-181a-5aa6-916d-b2404e782f98	chr17	22727748	47394590	5	3	2
41030be7-181a-5aa6-916d-b2404e782f98	chr17	47394831	73629337	6	3	3
41030be7-181a-5aa6-916d-b2404e782f98	chr17	73629781	83091923	5	3	2
41030be7-181a-5aa6-916d-b2404e782f98	chr18	48133	919013	16	14	2
41030be7-181a-5aa6-916d-b2404e782f98	chr18	919306	2323412	17	14	3
41030be7-181a-5aa6-916d-b2404e782f98	chr18	2329840	4947184	10	7	3
41030be7-181a-5aa6-916d-b2404e782f98	chr18	4949090	4980178	6	4	2
41030be7-181a-5aa6-916d-b2404e782f98	chr18	4985483	8432094	10	7	3
41030be7-181a-5aa6-916d-b2404e782f98	chr18	8435200	9764037	9	6	3
41030be7-181a-5aa6-916d-b2404e782f98	chr18	9764320	11874678	10	7	3
41030be7-181a-5aa6-916d-b2404e782f98	chr18	11876614	27172696	6	3	3
41030be7-181a-5aa6-916d-b2404e782f98	chr18	27175560	44456319	7	4	3
41030be7-181a-5aa6-916d-b2404e782f98	chr18	44456913	65242084	6	3	3
41030be7-181a-5aa6-916d-b2404e782f98	chr18	65242825	68735816	7	4	3
41030be7-181a-5aa6-916d-b2404e782f98	chr18	68737104	69216008	11	7	4
41030be7-181a-5aa6-916d-b2404e782f98	chr18	69216309	70315725	10	7	3
41030be7-181a-5aa6-916d-b2404e782f98	chr18	70324361	75387777	7	4	3
41030be7-181a-5aa6-916d-b2404e782f98	chr18	75390384	80257174	6	3	3
41030be7-181a-5aa6-916d-b2404e782f98	chr19	90910	3886676	3	2	1
41030be7-181a-5aa6-916d-b2404e782f98	chr19	3895678	20683380	4	3	1
41030be7-181a-5aa6-916d-b2404e782f98	chr19	20686068	21158018	4	2	2
41030be7-181a-5aa6-916d-b2404e782f98	chr19	21160283	24400510	4	3	1
41030be7-181a-5aa6-916d-b2404e782f98	chr19	24413948	32250674	6	3	3
41030be7-181a-5aa6-916d-b2404e782f98	chr19	32252867	36979604	5	3	2
41030be7-181a-5aa6-916d-b2404e782f98	chr19	36981309	37107410	7	4	3
41030be7-181a-5aa6-916d-b2404e782f98	chr19	37115015	55588466	5	3	2
41030be7-181a-5aa6-916d-b2404e782f98	chr19	55588518	58586487	4	3	1
41030be7-181a-5aa6-916d-b2404e782f98	chr20	80664	1809458	5	3	2
41030be7-181a-5aa6-916d-b2404e782f98	chr20	1811274	57544076	6	3	3
41030be7-181a-5aa6-916d-b2404e782f98	chr20	57544613	64324800	5	3	2
41030be7-181a-5aa6-916d-b2404e782f98	chr21	12973348	19010291	3	3	0
41030be7-181a-5aa6-916d-b2404e782f98	chr21	19012070	21074699	16	13	3
41030be7-181a-5aa6-916d-b2404e782f98	chr21	21074713	21268697	13	10	3
41030be7-181a-5aa6-916d-b2404e782f98	chr21	21269241	24180899	7	4	3
41030be7-181a-5aa6-916d-b2404e782f98	chr21	24180913	39589057	6	3	3
41030be7-181a-5aa6-916d-b2404e782f98	chr21	39590435	46677045	5	3	2
41030be7-181a-5aa6-916d-b2404e782f98	chr22	16392123	19691937	6	3	3
41030be7-181a-5aa6-916d-b2404e782f98	chr22	19694232	27043481	5	3	2
41030be7-181a-5aa6-916d-b2404e782f98	chr22	27043528	27044721	9	5	4
41030be7-181a-5aa6-916d-b2404e782f98	chr22	27047522	44806292	5	3	2
41030be7-181a-5aa6-916d-b2404e782f98	chr22	44809947	44865012	4	2	2
41030be7-181a-5aa6-916d-b2404e782f98	chr22	44865049	50796027	3	2	1
41030be7-181a-5aa6-916d-b2404e782f98	chrX	251810	490259	5	3	2
41030be7-181a-5aa6-916d-b2404e782f98	chrX	490325	728811	7	4	3
41030be7-181a-5aa6-916d-b2404e782f98	chrX	733195	1040202	6	3	3
41030be7-181a-5aa6-916d-b2404e782f98	chrX	1059510	1480942	5	3	2
41030be7-181a-5aa6-916d-b2404e782f98	chrX	1482489	1731702	7	4	3
41030be7-181a-5aa6-916d-b2404e782f98	chrX	1731860	2464404	6	3	3
41030be7-181a-5aa6-916d-b2404e782f98	chrX	2464932	2474297	7	4	3
41030be7-181a-5aa6-916d-b2404e782f98	chrX	2476642	2634737	6	3	3
41030be7-181a-5aa6-916d-b2404e782f98	chrX	2639107	2649506	9	5	4
41030be7-181a-5aa6-916d-b2404e782f98	chrX	2649606	2727325	5	3	2
41030be7-181a-5aa6-916d-b2404e782f98	chrX	2735511	2748312	9	5	4
41030be7-181a-5aa6-916d-b2404e782f98	chrX	2748343	2775583	5	3	2
41030be7-181a-5aa6-916d-b2404e782f98	chrX	2776199	155692246	2	2	0
41030be7-181a-5aa6-916d-b2404e782f98	chrX	155694460	156004181	4	2	2
41030be7-181a-5aa6-916d-b2404e782f98	chrY	2782397	26653788	6	3	3
41030be7-181a-5aa6-916d-b2404e782f98	chrY	56872112	56872112	4	4	0
