GDC_Aliquot	Chromosome	Start	End	Copy_Number	Major_Copy_Number	Minor_Copy_Number
ef5ac7e5-ca44-592c-96ec-4640c6c916bc	chr1	62920	22880859	4	2	2
ef5ac7e5-ca44-592c-96ec-4640c6c916bc	chr1	22882785	67877140	3	2	1
ef5ac7e5-ca44-592c-96ec-4640c6c916bc	chr1	67877834	81781563	4	2	2
ef5ac7e5-ca44-592c-96ec-4640c6c916bc	chr1	81783109	94960691	3	2	1
ef5ac7e5-ca44-592c-96ec-4640c6c916bc	chr1	94960809	101339213	4	2	2
ef5ac7e5-ca44-592c-96ec-4640c6c916bc	chr1	101340876	121705338	3	2	1
ef5ac7e5-ca44-592c-96ec-4640c6c916bc	chr1	143541857	180289623	4	2	2
ef5ac7e5-ca44-592c-96ec-4640c6c916bc	chr1	180289713	237310856	3	2	1
ef5ac7e5-ca44-592c-96ec-4640c6c916bc	chr1	237310934	240809442	4	2	2
ef5ac7e5-ca44-592c-96ec-4640c6c916bc	chr1	240809947	248930189	3	2	1
ef5ac7e5-ca44-592c-96ec-4640c6c916bc	chr2	12784	588726	4	2	2
ef5ac7e5-ca44-592c-96ec-4640c6c916bc	chr2	588962	705636	5	3	2
ef5ac7e5-ca44-592c-96ec-4640c6c916bc	chr2	706287	23531740	4	2	2
ef5ac7e5-ca44-592c-96ec-4640c6c916bc	chr2	23532078	57163903	3	2	1
ef5ac7e5-ca44-592c-96ec-4640c6c916bc	chr2	57163948	57220263	10	7	3
ef5ac7e5-ca44-592c-96ec-4640c6c916bc	chr2	57220277	76767858	3	2	1
ef5ac7e5-ca44-592c-96ec-4640c6c916bc	chr2	76768341	126604482	4	2	2
ef5ac7e5-ca44-592c-96ec-4640c6c916bc	chr2	126608179	126622793	2	1	1
ef5ac7e5-ca44-592c-96ec-4640c6c916bc	chr2	126622852	146104517	4	2	2
ef5ac7e5-ca44-592c-96ec-4640c6c916bc	chr2	146106836	146109366	0	0	0
ef5ac7e5-ca44-592c-96ec-4640c6c916bc	chr2	146120238	154368996	4	2	2
ef5ac7e5-ca44-592c-96ec-4640c6c916bc	chr2	154370165	154400861	6	4	2
ef5ac7e5-ca44-592c-96ec-4640c6c916bc	chr2	154401008	162991837	3	2	1
ef5ac7e5-ca44-592c-96ec-4640c6c916bc	chr2	162992064	242147305	4	2	2
ef5ac7e5-ca44-592c-96ec-4640c6c916bc	chr3	20930	93800634	2	2	0
ef5ac7e5-ca44-592c-96ec-4640c6c916bc	chr3	93801172	98327190	5	3	2
ef5ac7e5-ca44-592c-96ec-4640c6c916bc	chr3	98327408	100753760	2	2	0
ef5ac7e5-ca44-592c-96ec-4640c6c916bc	chr3	100754004	101798248	5	3	2
ef5ac7e5-ca44-592c-96ec-4640c6c916bc	chr3	101803004	130067896	2	2	0
ef5ac7e5-ca44-592c-96ec-4640c6c916bc	chr3	130067910	130079892	0	0	0
ef5ac7e5-ca44-592c-96ec-4640c6c916bc	chr3	130079938	158386873	2	2	0
ef5ac7e5-ca44-592c-96ec-4640c6c916bc	chr3	158389844	174163197	4	2	2
ef5ac7e5-ca44-592c-96ec-4640c6c916bc	chr3	174163618	175031575	5	3	2
ef5ac7e5-ca44-592c-96ec-4640c6c916bc	chr3	175032175	175075974	2	2	0
ef5ac7e5-ca44-592c-96ec-4640c6c916bc	chr3	175077953	198169247	4	2	2
ef5ac7e5-ca44-592c-96ec-4640c6c916bc	chr4	68929	8585012	4	2	2
ef5ac7e5-ca44-592c-96ec-4640c6c916bc	chr4	8586491	9761700	4	3	1
ef5ac7e5-ca44-592c-96ec-4640c6c916bc	chr4	9762658	20946874	4	2	2
ef5ac7e5-ca44-592c-96ec-4640c6c916bc	chr4	20947568	20950933	2	1	1
ef5ac7e5-ca44-592c-96ec-4640c6c916bc	chr4	20952173	95516600	4	2	2
ef5ac7e5-ca44-592c-96ec-4640c6c916bc	chr4	95516611	95589184	5	3	2
ef5ac7e5-ca44-592c-96ec-4640c6c916bc	chr4	95589990	120264679	4	2	2
ef5ac7e5-ca44-592c-96ec-4640c6c916bc	chr4	120266745	120872857	5	3	2
ef5ac7e5-ca44-592c-96ec-4640c6c916bc	chr4	120872899	153824066	4	2	2
ef5ac7e5-ca44-592c-96ec-4640c6c916bc	chr4	153824644	153834034	2	1	1
ef5ac7e5-ca44-592c-96ec-4640c6c916bc	chr4	153837515	190106768	4	2	2
ef5ac7e5-ca44-592c-96ec-4640c6c916bc	chr5	15532	3335121	6	4	2
ef5ac7e5-ca44-592c-96ec-4640c6c916bc	chr5	3335283	4325472	7	5	2
ef5ac7e5-ca44-592c-96ec-4640c6c916bc	chr5	4325626	6119137	4	2	2
ef5ac7e5-ca44-592c-96ec-4640c6c916bc	chr5	6119873	6219552	6	4	2
ef5ac7e5-ca44-592c-96ec-4640c6c916bc	chr5	6223920	7017643	4	2	2
ef5ac7e5-ca44-592c-96ec-4640c6c916bc	chr5	7018023	20701045	2	2	0
ef5ac7e5-ca44-592c-96ec-4640c6c916bc	chr5	20704484	22129647	4	2	2
ef5ac7e5-ca44-592c-96ec-4640c6c916bc	chr5	22133394	113067689	2	2	0
ef5ac7e5-ca44-592c-96ec-4640c6c916bc	chr5	113067702	113171732	3	3	0
ef5ac7e5-ca44-592c-96ec-4640c6c916bc	chr5	113171890	180097425	2	2	0
ef5ac7e5-ca44-592c-96ec-4640c6c916bc	chr5	180099789	180120579	4	3	1
ef5ac7e5-ca44-592c-96ec-4640c6c916bc	chr5	180129352	181363319	2	2	0
ef5ac7e5-ca44-592c-96ec-4640c6c916bc	chr6	149661	44784699	4	2	2
ef5ac7e5-ca44-592c-96ec-4640c6c916bc	chr6	44784831	45444599	4	3	1
ef5ac7e5-ca44-592c-96ec-4640c6c916bc	chr6	45444920	45965420	5	3	2
ef5ac7e5-ca44-592c-96ec-4640c6c916bc	chr6	45967572	52198303	4	2	2
ef5ac7e5-ca44-592c-96ec-4640c6c916bc	chr6	52198704	52227288	3	2	1
ef5ac7e5-ca44-592c-96ec-4640c6c916bc	chr6	52227636	65516233	4	2	2
ef5ac7e5-ca44-592c-96ec-4640c6c916bc	chr6	65519351	65683455	6	3	3
ef5ac7e5-ca44-592c-96ec-4640c6c916bc	chr6	65684197	67855334	7	5	2
ef5ac7e5-ca44-592c-96ec-4640c6c916bc	chr6	67857975	101198925	2	2	0
ef5ac7e5-ca44-592c-96ec-4640c6c916bc	chr6	101199036	101277029	0	0	0
ef5ac7e5-ca44-592c-96ec-4640c6c916bc	chr6	101277096	169717517	2	2	0
ef5ac7e5-ca44-592c-96ec-4640c6c916bc	chr6	169719764	170741917	4	2	2
ef5ac7e5-ca44-592c-96ec-4640c6c916bc	chr7	43259	716986	7	5	2
ef5ac7e5-ca44-592c-96ec-4640c6c916bc	chr7	721090	1185440	6	4	2
ef5ac7e5-ca44-592c-96ec-4640c6c916bc	chr7	1192042	4226747	4	2	2
ef5ac7e5-ca44-592c-96ec-4640c6c916bc	chr7	4226874	4292806	4	3	1
ef5ac7e5-ca44-592c-96ec-4640c6c916bc	chr7	4293643	8874138	4	2	2
ef5ac7e5-ca44-592c-96ec-4640c6c916bc	chr7	8874716	10643298	2	2	0
ef5ac7e5-ca44-592c-96ec-4640c6c916bc	chr7	10646167	10915465	3	3	0
ef5ac7e5-ca44-592c-96ec-4640c6c916bc	chr7	10917995	11579048	2	2	0
ef5ac7e5-ca44-592c-96ec-4640c6c916bc	chr7	11579496	13233107	2	1	1
ef5ac7e5-ca44-592c-96ec-4640c6c916bc	chr7	13235917	13940991	1	1	0
ef5ac7e5-ca44-592c-96ec-4640c6c916bc	chr7	13942460	14310598	3	2	1
ef5ac7e5-ca44-592c-96ec-4640c6c916bc	chr7	14310714	15314104	2	2	0
ef5ac7e5-ca44-592c-96ec-4640c6c916bc	chr7	15314165	18031577	2	1	1
ef5ac7e5-ca44-592c-96ec-4640c6c916bc	chr7	18032409	19079575	3	2	1
ef5ac7e5-ca44-592c-96ec-4640c6c916bc	chr7	19088315	20425438	2	2	0
ef5ac7e5-ca44-592c-96ec-4640c6c916bc	chr7	20427324	20435721	5	4	1
ef5ac7e5-ca44-592c-96ec-4640c6c916bc	chr7	20435884	20435884	2	2	0
ef5ac7e5-ca44-592c-96ec-4640c6c916bc	chr7	20438825	20801324	4	2	2
ef5ac7e5-ca44-592c-96ec-4640c6c916bc	chr7	20804475	25247697	2	2	0
ef5ac7e5-ca44-592c-96ec-4640c6c916bc	chr7	25249172	25578865	3	3	0
ef5ac7e5-ca44-592c-96ec-4640c6c916bc	chr7	25578944	53093470	2	2	0
ef5ac7e5-ca44-592c-96ec-4640c6c916bc	chr7	53094902	53181160	3	3	0
ef5ac7e5-ca44-592c-96ec-4640c6c916bc	chr7	53181683	128231541	2	2	0
ef5ac7e5-ca44-592c-96ec-4640c6c916bc	chr7	128232782	128247086	1	1	0
ef5ac7e5-ca44-592c-96ec-4640c6c916bc	chr7	128247751	159334314	2	2	0
ef5ac7e5-ca44-592c-96ec-4640c6c916bc	chr8	81254	3562034	4	2	2
ef5ac7e5-ca44-592c-96ec-4640c6c916bc	chr8	3563983	3564810	8	4	4
ef5ac7e5-ca44-592c-96ec-4640c6c916bc	chr8	3565551	33158855	4	2	2
ef5ac7e5-ca44-592c-96ec-4640c6c916bc	chr8	33161526	34872527	4	3	1
ef5ac7e5-ca44-592c-96ec-4640c6c916bc	chr8	34872919	55657503	4	2	2
ef5ac7e5-ca44-592c-96ec-4640c6c916bc	chr8	55662501	56496051	3	2	1
ef5ac7e5-ca44-592c-96ec-4640c6c916bc	chr8	56500460	65340171	4	2	2
ef5ac7e5-ca44-592c-96ec-4640c6c916bc	chr8	65340333	66369653	3	2	1
ef5ac7e5-ca44-592c-96ec-4640c6c916bc	chr8	66371687	99188231	4	2	2
ef5ac7e5-ca44-592c-96ec-4640c6c916bc	chr8	99190254	99191338	5	4	1
ef5ac7e5-ca44-592c-96ec-4640c6c916bc	chr8	99192280	99839040	4	4	0
ef5ac7e5-ca44-592c-96ec-4640c6c916bc	chr8	99839178	115113207	9	7	2
ef5ac7e5-ca44-592c-96ec-4640c6c916bc	chr8	115113909	117499512	8	6	2
ef5ac7e5-ca44-592c-96ec-4640c6c916bc	chr8	117500274	118450216	17	15	2
ef5ac7e5-ca44-592c-96ec-4640c6c916bc	chr8	118450354	119000851	9	7	2
ef5ac7e5-ca44-592c-96ec-4640c6c916bc	chr8	119002313	121021387	11	9	2
ef5ac7e5-ca44-592c-96ec-4640c6c916bc	chr8	121021426	121604825	17	15	2
ef5ac7e5-ca44-592c-96ec-4640c6c916bc	chr8	121605191	121789832	13	10	3
ef5ac7e5-ca44-592c-96ec-4640c6c916bc	chr8	121790250	122539408	17	15	2
ef5ac7e5-ca44-592c-96ec-4640c6c916bc	chr8	122539601	123193100	10	8	2
ef5ac7e5-ca44-592c-96ec-4640c6c916bc	chr8	123196917	124420460	15	13	2
ef5ac7e5-ca44-592c-96ec-4640c6c916bc	chr8	124420659	126177235	18	16	2
ef5ac7e5-ca44-592c-96ec-4640c6c916bc	chr8	126177539	126905826	10	8	2
ef5ac7e5-ca44-592c-96ec-4640c6c916bc	chr8	126910723	128837747	21	19	2
ef5ac7e5-ca44-592c-96ec-4640c6c916bc	chr8	128838787	131018173	18	16	2
ef5ac7e5-ca44-592c-96ec-4640c6c916bc	chr8	131019414	139567149	2	2	0
ef5ac7e5-ca44-592c-96ec-4640c6c916bc	chr8	139569771	139573041	1	1	0
ef5ac7e5-ca44-592c-96ec-4640c6c916bc	chr8	139573089	145072769	2	2	0
ef5ac7e5-ca44-592c-96ec-4640c6c916bc	chr9	46587	7490491	2	2	0
ef5ac7e5-ca44-592c-96ec-4640c6c916bc	chr9	7491826	8425301	6	4	2
ef5ac7e5-ca44-592c-96ec-4640c6c916bc	chr9	8425422	9904481	4	2	2
ef5ac7e5-ca44-592c-96ec-4640c6c916bc	chr9	9904611	11139571	2	2	0
ef5ac7e5-ca44-592c-96ec-4640c6c916bc	chr9	11141257	11429733	4	2	2
ef5ac7e5-ca44-592c-96ec-4640c6c916bc	chr9	11434025	12326564	2	2	0
ef5ac7e5-ca44-592c-96ec-4640c6c916bc	chr9	12328717	12333231	3	2	1
ef5ac7e5-ca44-592c-96ec-4640c6c916bc	chr9	12333266	12495309	2	2	0
ef5ac7e5-ca44-592c-96ec-4640c6c916bc	chr9	12500979	14072566	4	2	2
ef5ac7e5-ca44-592c-96ec-4640c6c916bc	chr9	14072806	14334787	2	2	0
ef5ac7e5-ca44-592c-96ec-4640c6c916bc	chr9	14335061	14796202	4	2	2
ef5ac7e5-ca44-592c-96ec-4640c6c916bc	chr9	14797302	138200944	2	2	0
ef5ac7e5-ca44-592c-96ec-4640c6c916bc	chr10	45792	6978842	2	2	0
ef5ac7e5-ca44-592c-96ec-4640c6c916bc	chr10	6983262	6994111	5	4	1
ef5ac7e5-ca44-592c-96ec-4640c6c916bc	chr10	6994781	133654968	2	2	0
ef5ac7e5-ca44-592c-96ec-4640c6c916bc	chr11	198510	84322892	3	2	1
ef5ac7e5-ca44-592c-96ec-4640c6c916bc	chr11	84328516	95549715	5	4	1
ef5ac7e5-ca44-592c-96ec-4640c6c916bc	chr11	95550152	95556087	10	8	2
ef5ac7e5-ca44-592c-96ec-4640c6c916bc	chr11	95557690	135074876	5	4	1
ef5ac7e5-ca44-592c-96ec-4640c6c916bc	chr12	51460	3260565	3	2	1
ef5ac7e5-ca44-592c-96ec-4640c6c916bc	chr12	3261645	3277020	6	4	2
ef5ac7e5-ca44-592c-96ec-4640c6c916bc	chr12	3277107	133201603	3	2	1
ef5ac7e5-ca44-592c-96ec-4640c6c916bc	chr13	18452809	18881298	4	3	1
ef5ac7e5-ca44-592c-96ec-4640c6c916bc	chr13	18881817	82581789	2	2	0
ef5ac7e5-ca44-592c-96ec-4640c6c916bc	chr13	82589782	86184452	4	2	2
ef5ac7e5-ca44-592c-96ec-4640c6c916bc	chr13	86185706	99659321	2	2	0
ef5ac7e5-ca44-592c-96ec-4640c6c916bc	chr13	99660709	99759744	4	3	1
ef5ac7e5-ca44-592c-96ec-4640c6c916bc	chr13	99760701	114342922	4	2	2
ef5ac7e5-ca44-592c-96ec-4640c6c916bc	chr14	18239283	82844637	4	2	2
ef5ac7e5-ca44-592c-96ec-4640c6c916bc	chr14	82844724	86652728	5	3	2
ef5ac7e5-ca44-592c-96ec-4640c6c916bc	chr14	86653803	106877229	4	2	2
ef5ac7e5-ca44-592c-96ec-4640c6c916bc	chr15	19811075	40264380	4	2	2
ef5ac7e5-ca44-592c-96ec-4640c6c916bc	chr15	40265229	41930192	4	3	1
ef5ac7e5-ca44-592c-96ec-4640c6c916bc	chr15	41930957	53157305	3	2	1
ef5ac7e5-ca44-592c-96ec-4640c6c916bc	chr15	53161644	54444918	4	2	2
ef5ac7e5-ca44-592c-96ec-4640c6c916bc	chr15	54452425	101928837	3	2	1
ef5ac7e5-ca44-592c-96ec-4640c6c916bc	chr16	10777	31948830	2	2	0
ef5ac7e5-ca44-592c-96ec-4640c6c916bc	chr16	31954295	36048855	3	2	1
ef5ac7e5-ca44-592c-96ec-4640c6c916bc	chr16	46441986	49328497	2	2	0
ef5ac7e5-ca44-592c-96ec-4640c6c916bc	chr16	49329601	65819735	4	2	2
ef5ac7e5-ca44-592c-96ec-4640c6c916bc	chr16	65822540	65922951	4	3	1
ef5ac7e5-ca44-592c-96ec-4640c6c916bc	chr16	65923436	66896259	4	2	2
ef5ac7e5-ca44-592c-96ec-4640c6c916bc	chr16	66898624	67926202	4	3	1
ef5ac7e5-ca44-592c-96ec-4640c6c916bc	chr16	67926428	73162760	4	2	2
ef5ac7e5-ca44-592c-96ec-4640c6c916bc	chr16	73162966	73269314	3	2	1
ef5ac7e5-ca44-592c-96ec-4640c6c916bc	chr16	73269430	87542077	4	2	2
ef5ac7e5-ca44-592c-96ec-4640c6c916bc	chr16	87542523	89317634	5	3	2
ef5ac7e5-ca44-592c-96ec-4640c6c916bc	chr16	89319153	90096867	4	3	1
ef5ac7e5-ca44-592c-96ec-4640c6c916bc	chr17	150733	1461602	4	4	0
ef5ac7e5-ca44-592c-96ec-4640c6c916bc	chr17	1462667	2843178	6	6	0
ef5ac7e5-ca44-592c-96ec-4640c6c916bc	chr17	2844748	3861178	3	3	0
ef5ac7e5-ca44-592c-96ec-4640c6c916bc	chr17	3862438	5201895	5	5	0
ef5ac7e5-ca44-592c-96ec-4640c6c916bc	chr17	5207156	5729473	3	3	0
ef5ac7e5-ca44-592c-96ec-4640c6c916bc	chr17	5731024	7379976	5	5	0
ef5ac7e5-ca44-592c-96ec-4640c6c916bc	chr17	7381785	16510898	3	3	0
ef5ac7e5-ca44-592c-96ec-4640c6c916bc	chr17	16511116	56081683	2	2	0
ef5ac7e5-ca44-592c-96ec-4640c6c916bc	chr17	56083553	56088992	0	0	0
ef5ac7e5-ca44-592c-96ec-4640c6c916bc	chr17	56089158	61851491	2	2	0
ef5ac7e5-ca44-592c-96ec-4640c6c916bc	chr17	61851743	72719275	5	3	2
ef5ac7e5-ca44-592c-96ec-4640c6c916bc	chr17	72719787	74330343	6	3	3
ef5ac7e5-ca44-592c-96ec-4640c6c916bc	chr17	74330510	82757178	4	2	2
ef5ac7e5-ca44-592c-96ec-4640c6c916bc	chr17	82757291	83091923	6	3	3
ef5ac7e5-ca44-592c-96ec-4640c6c916bc	chr18	48133	80257174	4	2	2
ef5ac7e5-ca44-592c-96ec-4640c6c916bc	chr19	90910	1909479	4	2	2
ef5ac7e5-ca44-592c-96ec-4640c6c916bc	chr19	1916393	58586487	3	2	1
ef5ac7e5-ca44-592c-96ec-4640c6c916bc	chr20	80664	1580305	2	2	0
ef5ac7e5-ca44-592c-96ec-4640c6c916bc	chr20	1580353	1613247	19	19	0
ef5ac7e5-ca44-592c-96ec-4640c6c916bc	chr20	1617300	5383366	2	2	0
ef5ac7e5-ca44-592c-96ec-4640c6c916bc	chr20	5391427	5416682	0	0	0
ef5ac7e5-ca44-592c-96ec-4640c6c916bc	chr20	5416977	39693195	2	2	0
ef5ac7e5-ca44-592c-96ec-4640c6c916bc	chr20	39693516	52678915	4	2	2
ef5ac7e5-ca44-592c-96ec-4640c6c916bc	chr20	52683241	54289298	3	2	1
ef5ac7e5-ca44-592c-96ec-4640c6c916bc	chr20	54291346	64324800	4	2	2
ef5ac7e5-ca44-592c-96ec-4640c6c916bc	chr21	12973348	46677045	4	2	2
ef5ac7e5-ca44-592c-96ec-4640c6c916bc	chr22	16392123	28031348	4	2	2
ef5ac7e5-ca44-592c-96ec-4640c6c916bc	chr22	28034664	50796027	2	2	0
ef5ac7e5-ca44-592c-96ec-4640c6c916bc	chrX	251810	35640250	3	2	1
ef5ac7e5-ca44-592c-96ec-4640c6c916bc	chrX	35640383	35642094	7	4	3
ef5ac7e5-ca44-592c-96ec-4640c6c916bc	chrX	35642671	68041587	3	2	1
ef5ac7e5-ca44-592c-96ec-4640c6c916bc	chrX	68042077	76693881	4	2	2
ef5ac7e5-ca44-592c-96ec-4640c6c916bc	chrX	76695043	79544281	3	2	1
ef5ac7e5-ca44-592c-96ec-4640c6c916bc	chrX	79546631	82085731	4	2	2
ef5ac7e5-ca44-592c-96ec-4640c6c916bc	chrX	82086831	87673213	5	3	2
ef5ac7e5-ca44-592c-96ec-4640c6c916bc	chrX	87674178	89996707	4	2	2
ef5ac7e5-ca44-592c-96ec-4640c6c916bc	chrX	89999138	95485497	5	3	2
ef5ac7e5-ca44-592c-96ec-4640c6c916bc	chrX	95485632	107252419	4	2	2
ef5ac7e5-ca44-592c-96ec-4640c6c916bc	chrX	107253505	112845533	4	3	1
ef5ac7e5-ca44-592c-96ec-4640c6c916bc	chrX	112845896	114380956	5	3	2
ef5ac7e5-ca44-592c-96ec-4640c6c916bc	chrX	114380976	114398655	2	1	1
ef5ac7e5-ca44-592c-96ec-4640c6c916bc	chrX	114401923	118521407	4	2	2
ef5ac7e5-ca44-592c-96ec-4640c6c916bc	chrX	118522652	119994232	3	2	1
ef5ac7e5-ca44-592c-96ec-4640c6c916bc	chrX	119994412	123544516	4	2	2
ef5ac7e5-ca44-592c-96ec-4640c6c916bc	chrX	123555737	124533562	3	2	1
ef5ac7e5-ca44-592c-96ec-4640c6c916bc	chrX	124533844	136589982	4	2	2
ef5ac7e5-ca44-592c-96ec-4640c6c916bc	chrX	136590580	136994850	5	3	2
ef5ac7e5-ca44-592c-96ec-4640c6c916bc	chrX	136997076	139638836	4	2	2
ef5ac7e5-ca44-592c-96ec-4640c6c916bc	chrX	139638963	147100183	5	3	2
ef5ac7e5-ca44-592c-96ec-4640c6c916bc	chrX	147100519	156004181	4	2	2
ef5ac7e5-ca44-592c-96ec-4640c6c916bc	chrY	2782397	26653788	0	0	0
ef5ac7e5-ca44-592c-96ec-4640c6c916bc	chrY	56872112	56872112	2	2	0
