GDC_Aliquot	Chromosome	Start	End	Copy_Number	Major_Copy_Number	Minor_Copy_Number
233d0185-2202-56aa-9474-c93ceeb27e16	chr1	62920	3809837	3	3	0
233d0185-2202-56aa-9474-c93ceeb27e16	chr1	3813871	32587262	2	2	0
233d0185-2202-56aa-9474-c93ceeb27e16	chr1	32589061	43234348	4	2	2
233d0185-2202-56aa-9474-c93ceeb27e16	chr1	43234469	43287276	7	5	2
233d0185-2202-56aa-9474-c93ceeb27e16	chr1	43288867	168813041	4	2	2
233d0185-2202-56aa-9474-c93ceeb27e16	chr1	168815523	169196337	2	2	0
233d0185-2202-56aa-9474-c93ceeb27e16	chr1	169200702	177313907	4	2	2
233d0185-2202-56aa-9474-c93ceeb27e16	chr1	177315560	248930189	2	2	0
233d0185-2202-56aa-9474-c93ceeb27e16	chr2	12784	31020785	3	2	1
233d0185-2202-56aa-9474-c93ceeb27e16	chr2	31021098	31027855	2	1	1
233d0185-2202-56aa-9474-c93ceeb27e16	chr2	31029795	105040174	3	2	1
233d0185-2202-56aa-9474-c93ceeb27e16	chr2	105058076	229156450	2	2	0
233d0185-2202-56aa-9474-c93ceeb27e16	chr2	229158110	229162189	1	1	0
233d0185-2202-56aa-9474-c93ceeb27e16	chr2	229164644	242147305	2	2	0
233d0185-2202-56aa-9474-c93ceeb27e16	chr3	20930	42509159	2	2	0
233d0185-2202-56aa-9474-c93ceeb27e16	chr3	42509881	42537087	3	3	0
233d0185-2202-56aa-9474-c93ceeb27e16	chr3	42537276	61060662	2	2	0
233d0185-2202-56aa-9474-c93ceeb27e16	chr3	61061283	61069477	1	1	0
233d0185-2202-56aa-9474-c93ceeb27e16	chr3	61070479	116887695	2	2	0
233d0185-2202-56aa-9474-c93ceeb27e16	chr3	116887989	117133025	0	0	0
233d0185-2202-56aa-9474-c93ceeb27e16	chr3	117133047	198169247	2	2	0
233d0185-2202-56aa-9474-c93ceeb27e16	chr4	68929	18616152	2	2	0
233d0185-2202-56aa-9474-c93ceeb27e16	chr4	18616165	18640545	1	1	0
233d0185-2202-56aa-9474-c93ceeb27e16	chr4	18642237	49087357	2	2	0
233d0185-2202-56aa-9474-c93ceeb27e16	chr4	49091769	53582446	3	2	1
233d0185-2202-56aa-9474-c93ceeb27e16	chr4	53582534	53751634	2	2	0
233d0185-2202-56aa-9474-c93ceeb27e16	chr4	53751749	64281794	3	2	1
233d0185-2202-56aa-9474-c93ceeb27e16	chr4	64287409	64599285	1	1	0
233d0185-2202-56aa-9474-c93ceeb27e16	chr4	64602606	190106768	3	2	1
233d0185-2202-56aa-9474-c93ceeb27e16	chr5	15532	32623222	3	2	1
233d0185-2202-56aa-9474-c93ceeb27e16	chr5	32625374	58023655	2	1	1
233d0185-2202-56aa-9474-c93ceeb27e16	chr5	58025759	58097303	5	3	2
233d0185-2202-56aa-9474-c93ceeb27e16	chr5	58097411	181363319	2	1	1
233d0185-2202-56aa-9474-c93ceeb27e16	chr6	149661	170741917	3	2	1
233d0185-2202-56aa-9474-c93ceeb27e16	chr7	43259	51867390	2	2	0
233d0185-2202-56aa-9474-c93ceeb27e16	chr7	51867738	51885728	3	3	0
233d0185-2202-56aa-9474-c93ceeb27e16	chr7	51886243	57960264	2	2	0
233d0185-2202-56aa-9474-c93ceeb27e16	chr7	57960277	159334314	3	2	1
233d0185-2202-56aa-9474-c93ceeb27e16	chr8	81254	22606807	2	2	0
233d0185-2202-56aa-9474-c93ceeb27e16	chr8	22608566	27757704	3	3	0
233d0185-2202-56aa-9474-c93ceeb27e16	chr8	27759856	38171208	2	2	0
233d0185-2202-56aa-9474-c93ceeb27e16	chr8	38172190	42850559	3	3	0
233d0185-2202-56aa-9474-c93ceeb27e16	chr8	42851177	43899595	2	2	0
233d0185-2202-56aa-9474-c93ceeb27e16	chr8	43901170	145072769	4	4	0
233d0185-2202-56aa-9474-c93ceeb27e16	chr9	46587	3130428	2	2	0
233d0185-2202-56aa-9474-c93ceeb27e16	chr9	3131211	3139726	1	1	0
233d0185-2202-56aa-9474-c93ceeb27e16	chr9	3139802	138200944	2	2	0
233d0185-2202-56aa-9474-c93ceeb27e16	chr10	45792	734353	1	1	0
233d0185-2202-56aa-9474-c93ceeb27e16	chr10	735184	19837366	2	2	0
233d0185-2202-56aa-9474-c93ceeb27e16	chr10	19838824	46242979	1	1	0
233d0185-2202-56aa-9474-c93ceeb27e16	chr10	46246163	46526280	2	2	0
233d0185-2202-56aa-9474-c93ceeb27e16	chr10	47559596	73082831	1	1	0
233d0185-2202-56aa-9474-c93ceeb27e16	chr10	73086315	78149427	2	2	0
233d0185-2202-56aa-9474-c93ceeb27e16	chr10	78151785	86626565	1	1	0
233d0185-2202-56aa-9474-c93ceeb27e16	chr10	86634976	86734451	3	3	0
233d0185-2202-56aa-9474-c93ceeb27e16	chr10	86739198	133654968	1	1	0
233d0185-2202-56aa-9474-c93ceeb27e16	chr11	198510	72980616	2	2	0
233d0185-2202-56aa-9474-c93ceeb27e16	chr11	72986032	130062431	4	2	2
233d0185-2202-56aa-9474-c93ceeb27e16	chr11	130062825	135074876	5	3	2
233d0185-2202-56aa-9474-c93ceeb27e16	chr12	51460	27468039	2	2	0
233d0185-2202-56aa-9474-c93ceeb27e16	chr12	27468143	27478710	1	1	0
233d0185-2202-56aa-9474-c93ceeb27e16	chr12	27478764	133201603	2	2	0
233d0185-2202-56aa-9474-c93ceeb27e16	chr13	18452809	51066561	2	2	0
233d0185-2202-56aa-9474-c93ceeb27e16	chr13	51067037	114342922	3	2	1
233d0185-2202-56aa-9474-c93ceeb27e16	chr14	18239283	28631641	7	5	2
233d0185-2202-56aa-9474-c93ceeb27e16	chr14	28634039	38988349	6	4	2
233d0185-2202-56aa-9474-c93ceeb27e16	chr14	38990920	41207613	2	2	0
233d0185-2202-56aa-9474-c93ceeb27e16	chr14	41219527	47787918	6	4	2
233d0185-2202-56aa-9474-c93ceeb27e16	chr14	47792835	106877229	4	2	2
233d0185-2202-56aa-9474-c93ceeb27e16	chr15	19811075	76458512	2	2	0
233d0185-2202-56aa-9474-c93ceeb27e16	chr15	76458884	76610129	1	1	0
233d0185-2202-56aa-9474-c93ceeb27e16	chr15	76610297	84153221	3	2	1
233d0185-2202-56aa-9474-c93ceeb27e16	chr15	84156533	84928050	4	2	2
233d0185-2202-56aa-9474-c93ceeb27e16	chr15	84933210	85182267	3	2	1
233d0185-2202-56aa-9474-c93ceeb27e16	chr15	85183483	86828283	5	3	2
233d0185-2202-56aa-9474-c93ceeb27e16	chr15	86828667	101928837	4	2	2
233d0185-2202-56aa-9474-c93ceeb27e16	chr16	10777	90096867	2	2	0
233d0185-2202-56aa-9474-c93ceeb27e16	chr17	150733	6899220	4	2	2
233d0185-2202-56aa-9474-c93ceeb27e16	chr17	6899321	7565761	2	2	0
233d0185-2202-56aa-9474-c93ceeb27e16	chr17	7565912	7658002	1	1	0
233d0185-2202-56aa-9474-c93ceeb27e16	chr17	7671297	15937536	2	2	0
233d0185-2202-56aa-9474-c93ceeb27e16	chr17	15938073	26943491	4	2	2
233d0185-2202-56aa-9474-c93ceeb27e16	chr17	26943774	31744808	2	2	0
233d0185-2202-56aa-9474-c93ceeb27e16	chr17	31747763	31799465	6	4	2
233d0185-2202-56aa-9474-c93ceeb27e16	chr17	31801942	33990702	4	2	2
233d0185-2202-56aa-9474-c93ceeb27e16	chr17	33991654	56043319	2	2	0
233d0185-2202-56aa-9474-c93ceeb27e16	chr17	56043596	56046089	1	1	0
233d0185-2202-56aa-9474-c93ceeb27e16	chr17	56046872	61137905	2	2	0
233d0185-2202-56aa-9474-c93ceeb27e16	chr17	61138113	62861823	4	2	2
233d0185-2202-56aa-9474-c93ceeb27e16	chr17	62862075	66229742	2	2	0
233d0185-2202-56aa-9474-c93ceeb27e16	chr17	66231556	69467623	4	2	2
233d0185-2202-56aa-9474-c93ceeb27e16	chr17	69469148	83091923	5	3	2
233d0185-2202-56aa-9474-c93ceeb27e16	chr18	48133	13337560	3	2	1
233d0185-2202-56aa-9474-c93ceeb27e16	chr18	13340015	13617288	2	2	0
233d0185-2202-56aa-9474-c93ceeb27e16	chr18	13618215	15402409	3	2	1
233d0185-2202-56aa-9474-c93ceeb27e16	chr18	20949392	80257174	2	2	0
233d0185-2202-56aa-9474-c93ceeb27e16	chr19	90910	6221876	3	3	0
233d0185-2202-56aa-9474-c93ceeb27e16	chr19	6225995	58586487	2	2	0
233d0185-2202-56aa-9474-c93ceeb27e16	chr20	80664	64324800	2	2	0
233d0185-2202-56aa-9474-c93ceeb27e16	chr21	12973348	31197195	3	2	1
233d0185-2202-56aa-9474-c93ceeb27e16	chr21	31198263	32050728	4	3	1
233d0185-2202-56aa-9474-c93ceeb27e16	chr21	32051117	46677045	3	2	1
233d0185-2202-56aa-9474-c93ceeb27e16	chr22	16392123	49337271	3	2	1
233d0185-2202-56aa-9474-c93ceeb27e16	chr22	49337733	50796027	2	2	0
233d0185-2202-56aa-9474-c93ceeb27e16	chrX	251810	11503805	3	2	1
233d0185-2202-56aa-9474-c93ceeb27e16	chrX	11504019	11627491	2	1	1
233d0185-2202-56aa-9474-c93ceeb27e16	chrX	11629521	48027540	3	2	1
233d0185-2202-56aa-9474-c93ceeb27e16	chrX	48027602	48121492	4	3	1
233d0185-2202-56aa-9474-c93ceeb27e16	chrX	48128795	50339153	3	2	1
233d0185-2202-56aa-9474-c93ceeb27e16	chrX	50343205	156004181	4	2	2
233d0185-2202-56aa-9474-c93ceeb27e16	chrY	2782397	26653788	0	0	0
233d0185-2202-56aa-9474-c93ceeb27e16	chrY	56872112	56872112	3	3	0
