GDC_Aliquot	Chromosome	Start	End	Copy_Number	Major_Copy_Number	Minor_Copy_Number
4c6fc317-871d-5fde-a76d-4fe0c94f1937	chr1	62920	121705338	4	3	1
4c6fc317-871d-5fde-a76d-4fe0c94f1937	chr1	143541857	147867311	3	3	0
4c6fc317-871d-5fde-a76d-4fe0c94f1937	chr1	147867836	220308220	2	2	0
4c6fc317-871d-5fde-a76d-4fe0c94f1937	chr1	220308575	224073426	3	3	0
4c6fc317-871d-5fde-a76d-4fe0c94f1937	chr1	224076466	230334570	2	2	0
4c6fc317-871d-5fde-a76d-4fe0c94f1937	chr1	230336682	248930189	3	3	0
4c6fc317-871d-5fde-a76d-4fe0c94f1937	chr2	12784	20510652	3	3	0
4c6fc317-871d-5fde-a76d-4fe0c94f1937	chr2	20511752	20680585	4	4	0
4c6fc317-871d-5fde-a76d-4fe0c94f1937	chr2	20682198	34492601	3	3	0
4c6fc317-871d-5fde-a76d-4fe0c94f1937	chr2	34492775	34511990	0	0	0
4c6fc317-871d-5fde-a76d-4fe0c94f1937	chr2	34512096	80275615	3	3	0
4c6fc317-871d-5fde-a76d-4fe0c94f1937	chr2	80281253	159084333	4	3	1
4c6fc317-871d-5fde-a76d-4fe0c94f1937	chr2	159085287	159108648	7	5	2
4c6fc317-871d-5fde-a76d-4fe0c94f1937	chr2	159109536	162857090	4	3	1
4c6fc317-871d-5fde-a76d-4fe0c94f1937	chr2	162857367	162868458	8	4	4
4c6fc317-871d-5fde-a76d-4fe0c94f1937	chr2	162875346	174752980	4	3	1
4c6fc317-871d-5fde-a76d-4fe0c94f1937	chr2	174756207	174779746	7	5	2
4c6fc317-871d-5fde-a76d-4fe0c94f1937	chr2	174782893	212321626	4	3	1
4c6fc317-871d-5fde-a76d-4fe0c94f1937	chr2	212321824	212327434	0	0	0
4c6fc317-871d-5fde-a76d-4fe0c94f1937	chr2	212327454	242147305	4	3	1
4c6fc317-871d-5fde-a76d-4fe0c94f1937	chr3	20930	13608262	2	2	0
4c6fc317-871d-5fde-a76d-4fe0c94f1937	chr3	13608420	13684807	3	3	0
4c6fc317-871d-5fde-a76d-4fe0c94f1937	chr3	13684835	37446089	2	2	0
4c6fc317-871d-5fde-a76d-4fe0c94f1937	chr3	37447619	37463759	5	4	1
4c6fc317-871d-5fde-a76d-4fe0c94f1937	chr3	37465566	39166893	4	2	2
4c6fc317-871d-5fde-a76d-4fe0c94f1937	chr3	39167014	59045337	2	2	0
4c6fc317-871d-5fde-a76d-4fe0c94f1937	chr3	59049036	59582932	4	2	2
4c6fc317-871d-5fde-a76d-4fe0c94f1937	chr3	59583042	85349964	2	2	0
4c6fc317-871d-5fde-a76d-4fe0c94f1937	chr3	85352113	93843067	5	3	2
4c6fc317-871d-5fde-a76d-4fe0c94f1937	chr3	93843388	99008824	2	2	0
4c6fc317-871d-5fde-a76d-4fe0c94f1937	chr3	99009449	99021685	5	5	0
4c6fc317-871d-5fde-a76d-4fe0c94f1937	chr3	99021812	99225667	2	2	0
4c6fc317-871d-5fde-a76d-4fe0c94f1937	chr3	99225703	99230187	0	0	0
4c6fc317-871d-5fde-a76d-4fe0c94f1937	chr3	99230194	135533483	2	2	0
4c6fc317-871d-5fde-a76d-4fe0c94f1937	chr3	135538852	137089522	15	13	2
4c6fc317-871d-5fde-a76d-4fe0c94f1937	chr3	137091448	138045295	2	2	0
4c6fc317-871d-5fde-a76d-4fe0c94f1937	chr3	138046650	138444091	15	12	3
4c6fc317-871d-5fde-a76d-4fe0c94f1937	chr3	138447327	147583975	2	2	0
4c6fc317-871d-5fde-a76d-4fe0c94f1937	chr3	147585117	150040130	5	3	2
4c6fc317-871d-5fde-a76d-4fe0c94f1937	chr3	150042467	151819929	2	2	0
4c6fc317-871d-5fde-a76d-4fe0c94f1937	chr3	151824027	151828091	0	0	0
4c6fc317-871d-5fde-a76d-4fe0c94f1937	chr3	151830703	198169247	2	2	0
4c6fc317-871d-5fde-a76d-4fe0c94f1937	chr4	68929	877126	4	2	2
4c6fc317-871d-5fde-a76d-4fe0c94f1937	chr4	878435	34777432	2	2	0
4c6fc317-871d-5fde-a76d-4fe0c94f1937	chr4	34784878	34823103	0	0	0
4c6fc317-871d-5fde-a76d-4fe0c94f1937	chr4	34828250	49146817	2	2	0
4c6fc317-871d-5fde-a76d-4fe0c94f1937	chr4	49146905	117618387	4	2	2
4c6fc317-871d-5fde-a76d-4fe0c94f1937	chr4	117625235	117825407	5	4	1
4c6fc317-871d-5fde-a76d-4fe0c94f1937	chr4	117827267	135583311	4	2	2
4c6fc317-871d-5fde-a76d-4fe0c94f1937	chr4	135583672	135595842	6	3	3
4c6fc317-871d-5fde-a76d-4fe0c94f1937	chr4	135597355	190106768	4	2	2
4c6fc317-871d-5fde-a76d-4fe0c94f1937	chr5	15532	5483967	2	2	0
4c6fc317-871d-5fde-a76d-4fe0c94f1937	chr5	5487198	14097105	3	2	1
4c6fc317-871d-5fde-a76d-4fe0c94f1937	chr5	14098190	14112334	1	1	0
4c6fc317-871d-5fde-a76d-4fe0c94f1937	chr5	14112626	52878208	3	2	1
4c6fc317-871d-5fde-a76d-4fe0c94f1937	chr5	52878823	54528952	4	2	2
4c6fc317-871d-5fde-a76d-4fe0c94f1937	chr5	54532265	55134353	9	7	2
4c6fc317-871d-5fde-a76d-4fe0c94f1937	chr5	55135012	56160790	6	3	3
4c6fc317-871d-5fde-a76d-4fe0c94f1937	chr5	56164551	86980821	3	2	1
4c6fc317-871d-5fde-a76d-4fe0c94f1937	chr5	86981908	89572916	2	2	0
4c6fc317-871d-5fde-a76d-4fe0c94f1937	chr5	89573320	91938844	3	2	1
4c6fc317-871d-5fde-a76d-4fe0c94f1937	chr5	91938890	92214399	2	2	0
4c6fc317-871d-5fde-a76d-4fe0c94f1937	chr5	92223638	92696095	3	2	1
4c6fc317-871d-5fde-a76d-4fe0c94f1937	chr5	92696512	93413932	2	2	0
4c6fc317-871d-5fde-a76d-4fe0c94f1937	chr5	93414473	97100744	3	2	1
4c6fc317-871d-5fde-a76d-4fe0c94f1937	chr5	97103292	181363319	2	2	0
4c6fc317-871d-5fde-a76d-4fe0c94f1937	chr6	149661	18207102	1	1	0
4c6fc317-871d-5fde-a76d-4fe0c94f1937	chr6	18207212	18728777	12	10	2
4c6fc317-871d-5fde-a76d-4fe0c94f1937	chr6	18731547	19212055	18	16	2
4c6fc317-871d-5fde-a76d-4fe0c94f1937	chr6	19212174	20182588	15	13	2
4c6fc317-871d-5fde-a76d-4fe0c94f1937	chr6	20184820	20887917	1	1	0
4c6fc317-871d-5fde-a76d-4fe0c94f1937	chr6	20889590	22220060	7	5	2
4c6fc317-871d-5fde-a76d-4fe0c94f1937	chr6	22220401	26542625	1	1	0
4c6fc317-871d-5fde-a76d-4fe0c94f1937	chr6	26542666	30821831	5	4	1
4c6fc317-871d-5fde-a76d-4fe0c94f1937	chr6	30821917	35364322	4	2	2
4c6fc317-871d-5fde-a76d-4fe0c94f1937	chr6	35365021	35691117	8	6	2
4c6fc317-871d-5fde-a76d-4fe0c94f1937	chr6	35693966	37440309	3	2	1
4c6fc317-871d-5fde-a76d-4fe0c94f1937	chr6	37440681	37604996	8	6	2
4c6fc317-871d-5fde-a76d-4fe0c94f1937	chr6	37605690	37908094	6	3	3
4c6fc317-871d-5fde-a76d-4fe0c94f1937	chr6	37910276	38685989	8	6	2
4c6fc317-871d-5fde-a76d-4fe0c94f1937	chr6	38690363	39184681	10	8	2
4c6fc317-871d-5fde-a76d-4fe0c94f1937	chr6	39190738	39583340	13	11	2
4c6fc317-871d-5fde-a76d-4fe0c94f1937	chr6	39584622	42130357	10	8	2
4c6fc317-871d-5fde-a76d-4fe0c94f1937	chr6	42131633	43512106	8	6	2
4c6fc317-871d-5fde-a76d-4fe0c94f1937	chr6	43512457	46075824	20	18	2
4c6fc317-871d-5fde-a76d-4fe0c94f1937	chr6	46077139	46982874	15	13	2
4c6fc317-871d-5fde-a76d-4fe0c94f1937	chr6	46983511	48319040	9	7	2
4c6fc317-871d-5fde-a76d-4fe0c94f1937	chr6	48320066	48504331	18	18	0
4c6fc317-871d-5fde-a76d-4fe0c94f1937	chr6	48509130	49042633	6	5	1
4c6fc317-871d-5fde-a76d-4fe0c94f1937	chr6	49049662	49242528	1	1	0
4c6fc317-871d-5fde-a76d-4fe0c94f1937	chr6	49248231	51603246	7	5	2
4c6fc317-871d-5fde-a76d-4fe0c94f1937	chr6	51604423	51690613	2	2	0
4c6fc317-871d-5fde-a76d-4fe0c94f1937	chr6	51691511	52273643	8	6	2
4c6fc317-871d-5fde-a76d-4fe0c94f1937	chr6	52276714	55016409	13	11	2
4c6fc317-871d-5fde-a76d-4fe0c94f1937	chr6	55018912	55324519	1	1	0
4c6fc317-871d-5fde-a76d-4fe0c94f1937	chr6	55325493	55922387	4	2	2
4c6fc317-871d-5fde-a76d-4fe0c94f1937	chr6	55923191	61073215	1	1	0
4c6fc317-871d-5fde-a76d-4fe0c94f1937	chr6	61081847	62401906	4	2	2
4c6fc317-871d-5fde-a76d-4fe0c94f1937	chr6	62406586	69187371	1	1	0
4c6fc317-871d-5fde-a76d-4fe0c94f1937	chr6	69187768	71156880	6	4	2
4c6fc317-871d-5fde-a76d-4fe0c94f1937	chr6	71159637	82651207	1	1	0
4c6fc317-871d-5fde-a76d-4fe0c94f1937	chr6	82657967	82836175	4	3	1
4c6fc317-871d-5fde-a76d-4fe0c94f1937	chr6	82836307	82844832	4	4	0
4c6fc317-871d-5fde-a76d-4fe0c94f1937	chr6	82849833	82973874	4	3	1
4c6fc317-871d-5fde-a76d-4fe0c94f1937	chr6	82974715	88879501	1	1	0
4c6fc317-871d-5fde-a76d-4fe0c94f1937	chr6	88888252	89920174	3	2	1
4c6fc317-871d-5fde-a76d-4fe0c94f1937	chr6	89920623	91357521	7	5	2
4c6fc317-871d-5fde-a76d-4fe0c94f1937	chr6	91358008	96400344	1	1	0
4c6fc317-871d-5fde-a76d-4fe0c94f1937	chr6	96400488	101323596	3	2	1
4c6fc317-871d-5fde-a76d-4fe0c94f1937	chr6	101323866	102807949	1	1	0
4c6fc317-871d-5fde-a76d-4fe0c94f1937	chr6	102812440	103787178	4	2	2
4c6fc317-871d-5fde-a76d-4fe0c94f1937	chr6	103787268	103926387	1	1	0
4c6fc317-871d-5fde-a76d-4fe0c94f1937	chr6	103926515	105211258	4	2	2
4c6fc317-871d-5fde-a76d-4fe0c94f1937	chr6	105212164	106089479	1	1	0
4c6fc317-871d-5fde-a76d-4fe0c94f1937	chr6	106090820	108828643	6	4	2
4c6fc317-871d-5fde-a76d-4fe0c94f1937	chr6	108830102	119812391	1	1	0
4c6fc317-871d-5fde-a76d-4fe0c94f1937	chr6	119812680	120709930	7	5	2
4c6fc317-871d-5fde-a76d-4fe0c94f1937	chr6	120715260	120844838	2	2	0
4c6fc317-871d-5fde-a76d-4fe0c94f1937	chr6	120845384	120980548	7	5	2
4c6fc317-871d-5fde-a76d-4fe0c94f1937	chr6	120981738	125250255	1	1	0
4c6fc317-871d-5fde-a76d-4fe0c94f1937	chr6	125252166	125272693	3	3	0
4c6fc317-871d-5fde-a76d-4fe0c94f1937	chr6	125273197	128328262	1	1	0
4c6fc317-871d-5fde-a76d-4fe0c94f1937	chr6	128328431	128397897	0	0	0
4c6fc317-871d-5fde-a76d-4fe0c94f1937	chr6	128403535	128928516	4	2	2
4c6fc317-871d-5fde-a76d-4fe0c94f1937	chr6	128929081	129429372	1	1	0
4c6fc317-871d-5fde-a76d-4fe0c94f1937	chr6	129431477	129560531	4	2	2
4c6fc317-871d-5fde-a76d-4fe0c94f1937	chr6	129560698	130229603	5	4	1
4c6fc317-871d-5fde-a76d-4fe0c94f1937	chr6	130229819	130301409	3	3	0
4c6fc317-871d-5fde-a76d-4fe0c94f1937	chr6	130302805	131555803	1	1	0
4c6fc317-871d-5fde-a76d-4fe0c94f1937	chr6	131555976	132843723	4	2	2
4c6fc317-871d-5fde-a76d-4fe0c94f1937	chr6	132847324	132924656	1	1	0
4c6fc317-871d-5fde-a76d-4fe0c94f1937	chr6	132928213	135268129	4	2	2
4c6fc317-871d-5fde-a76d-4fe0c94f1937	chr6	135268739	136673431	8	6	2
4c6fc317-871d-5fde-a76d-4fe0c94f1937	chr6	136674072	138540599	3	2	1
4c6fc317-871d-5fde-a76d-4fe0c94f1937	chr6	138544143	140810047	6	4	2
4c6fc317-871d-5fde-a76d-4fe0c94f1937	chr6	140810064	141409460	4	2	2
4c6fc317-871d-5fde-a76d-4fe0c94f1937	chr6	141414128	144920210	1	1	0
4c6fc317-871d-5fde-a76d-4fe0c94f1937	chr6	144920535	145395911	3	2	1
4c6fc317-871d-5fde-a76d-4fe0c94f1937	chr6	145397936	146021759	6	4	2
4c6fc317-871d-5fde-a76d-4fe0c94f1937	chr6	146024406	146456468	10	8	2
4c6fc317-871d-5fde-a76d-4fe0c94f1937	chr6	146459541	147216581	7	5	2
4c6fc317-871d-5fde-a76d-4fe0c94f1937	chr6	147218446	147246069	11	11	0
4c6fc317-871d-5fde-a76d-4fe0c94f1937	chr6	147249587	150069159	6	4	2
4c6fc317-871d-5fde-a76d-4fe0c94f1937	chr6	150073681	155342041	4	2	2
4c6fc317-871d-5fde-a76d-4fe0c94f1937	chr6	155344238	157502450	1	1	0
4c6fc317-871d-5fde-a76d-4fe0c94f1937	chr6	157503531	160275902	3	2	1
4c6fc317-871d-5fde-a76d-4fe0c94f1937	chr6	160276596	160731787	2	2	0
4c6fc317-871d-5fde-a76d-4fe0c94f1937	chr6	160732048	161515365	6	4	2
4c6fc317-871d-5fde-a76d-4fe0c94f1937	chr6	161515427	162522510	4	2	2
4c6fc317-871d-5fde-a76d-4fe0c94f1937	chr6	162525763	164513867	1	1	0
4c6fc317-871d-5fde-a76d-4fe0c94f1937	chr6	164514245	170741917	3	2	1
4c6fc317-871d-5fde-a76d-4fe0c94f1937	chr7	43259	151850922	5	4	1
4c6fc317-871d-5fde-a76d-4fe0c94f1937	chr7	151851824	151898075	8	7	1
4c6fc317-871d-5fde-a76d-4fe0c94f1937	chr7	151898543	159334314	4	3	1
4c6fc317-871d-5fde-a76d-4fe0c94f1937	chr8	81254	15254056	2	1	1
4c6fc317-871d-5fde-a76d-4fe0c94f1937	chr8	15254729	15261119	5	3	2
4c6fc317-871d-5fde-a76d-4fe0c94f1937	chr8	15262041	43925152	2	1	1
4c6fc317-871d-5fde-a76d-4fe0c94f1937	chr8	43928841	46792777	2	2	0
4c6fc317-871d-5fde-a76d-4fe0c94f1937	chr8	46794535	49946976	3	2	1
4c6fc317-871d-5fde-a76d-4fe0c94f1937	chr8	49949461	50384951	4	2	2
4c6fc317-871d-5fde-a76d-4fe0c94f1937	chr8	50387129	59647614	2	2	0
4c6fc317-871d-5fde-a76d-4fe0c94f1937	chr8	59648024	64481926	3	2	1
4c6fc317-871d-5fde-a76d-4fe0c94f1937	chr8	64482600	65975846	4	2	2
4c6fc317-871d-5fde-a76d-4fe0c94f1937	chr8	65979892	66777298	2	2	0
4c6fc317-871d-5fde-a76d-4fe0c94f1937	chr8	66777987	66777987	5	3	2
4c6fc317-871d-5fde-a76d-4fe0c94f1937	chr8	66778023	66832458	1	1	0
4c6fc317-871d-5fde-a76d-4fe0c94f1937	chr8	66837496	86236725	6	3	3
4c6fc317-871d-5fde-a76d-4fe0c94f1937	chr8	86237065	86729524	12	10	2
4c6fc317-871d-5fde-a76d-4fe0c94f1937	chr8	86729837	101437951	10	8	2
4c6fc317-871d-5fde-a76d-4fe0c94f1937	chr8	101438038	101460215	16	13	3
4c6fc317-871d-5fde-a76d-4fe0c94f1937	chr8	101460698	103589015	9	7	2
4c6fc317-871d-5fde-a76d-4fe0c94f1937	chr8	103592469	119908500	10	8	2
4c6fc317-871d-5fde-a76d-4fe0c94f1937	chr8	119908591	142731581	6	3	3
4c6fc317-871d-5fde-a76d-4fe0c94f1937	chr8	142733751	142822382	3	3	0
4c6fc317-871d-5fde-a76d-4fe0c94f1937	chr8	142824911	145072769	2	2	0
4c6fc317-871d-5fde-a76d-4fe0c94f1937	chr9	46587	6625132	2	2	0
4c6fc317-871d-5fde-a76d-4fe0c94f1937	chr9	6625157	6722373	4	2	2
4c6fc317-871d-5fde-a76d-4fe0c94f1937	chr9	6724015	15570863	2	2	0
4c6fc317-871d-5fde-a76d-4fe0c94f1937	chr9	15571468	15762477	4	2	2
4c6fc317-871d-5fde-a76d-4fe0c94f1937	chr9	15764417	17600218	2	2	0
4c6fc317-871d-5fde-a76d-4fe0c94f1937	chr9	17602953	18182758	5	3	2
4c6fc317-871d-5fde-a76d-4fe0c94f1937	chr9	18183053	18187807	3	3	0
4c6fc317-871d-5fde-a76d-4fe0c94f1937	chr9	18188244	21874960	2	2	0
4c6fc317-871d-5fde-a76d-4fe0c94f1937	chr9	21881964	22027005	0	0	0
4c6fc317-871d-5fde-a76d-4fe0c94f1937	chr9	22028802	41741113	2	2	0
4c6fc317-871d-5fde-a76d-4fe0c94f1937	chr9	60863881	138200944	4	3	1
4c6fc317-871d-5fde-a76d-4fe0c94f1937	chr10	45792	739177	2	1	1
4c6fc317-871d-5fde-a76d-4fe0c94f1937	chr10	739287	20850754	3	2	1
4c6fc317-871d-5fde-a76d-4fe0c94f1937	chr10	20851326	23361174	1	1	0
4c6fc317-871d-5fde-a76d-4fe0c94f1937	chr10	23367387	23739966	6	3	3
4c6fc317-871d-5fde-a76d-4fe0c94f1937	chr10	23740188	37075140	1	1	0
4c6fc317-871d-5fde-a76d-4fe0c94f1937	chr10	37075331	42452522	3	3	0
4c6fc317-871d-5fde-a76d-4fe0c94f1937	chr10	42457632	126642144	2	2	0
4c6fc317-871d-5fde-a76d-4fe0c94f1937	chr10	126642196	126651432	0	0	0
4c6fc317-871d-5fde-a76d-4fe0c94f1937	chr10	126652407	133654968	2	2	0
4c6fc317-871d-5fde-a76d-4fe0c94f1937	chr11	198510	4950775	2	2	0
4c6fc317-871d-5fde-a76d-4fe0c94f1937	chr11	4950928	4952518	0	0	0
4c6fc317-871d-5fde-a76d-4fe0c94f1937	chr11	4952533	37277438	2	2	0
4c6fc317-871d-5fde-a76d-4fe0c94f1937	chr11	37278073	37317393	6	5	1
4c6fc317-871d-5fde-a76d-4fe0c94f1937	chr11	37317666	39172911	6	6	0
4c6fc317-871d-5fde-a76d-4fe0c94f1937	chr11	39183221	40945801	7	7	0
4c6fc317-871d-5fde-a76d-4fe0c94f1937	chr11	40948255	42154215	6	6	0
4c6fc317-871d-5fde-a76d-4fe0c94f1937	chr11	42155540	42293275	9	5	4
4c6fc317-871d-5fde-a76d-4fe0c94f1937	chr11	42293935	43049888	5	5	0
4c6fc317-871d-5fde-a76d-4fe0c94f1937	chr11	43050135	45772757	4	4	0
4c6fc317-871d-5fde-a76d-4fe0c94f1937	chr11	45772774	49175996	3	3	0
4c6fc317-871d-5fde-a76d-4fe0c94f1937	chr11	49177372	50564719	2	2	0
4c6fc317-871d-5fde-a76d-4fe0c94f1937	chr11	50564838	56351187	5	3	2
4c6fc317-871d-5fde-a76d-4fe0c94f1937	chr11	56354581	57783313	8	4	4
4c6fc317-871d-5fde-a76d-4fe0c94f1937	chr11	57788298	58018599	12	10	2
4c6fc317-871d-5fde-a76d-4fe0c94f1937	chr11	58019202	133726227	2	2	0
4c6fc317-871d-5fde-a76d-4fe0c94f1937	chr11	133728779	135074876	3	3	0
4c6fc317-871d-5fde-a76d-4fe0c94f1937	chr12	51460	682044	2	2	0
4c6fc317-871d-5fde-a76d-4fe0c94f1937	chr12	682639	756804	3	2	1
4c6fc317-871d-5fde-a76d-4fe0c94f1937	chr12	759943	764863	0	0	0
4c6fc317-871d-5fde-a76d-4fe0c94f1937	chr12	766188	34701563	3	2	1
4c6fc317-871d-5fde-a76d-4fe0c94f1937	chr12	37463949	38165050	2	1	1
4c6fc317-871d-5fde-a76d-4fe0c94f1937	chr12	38165625	41079489	1	1	0
4c6fc317-871d-5fde-a76d-4fe0c94f1937	chr12	41087165	42080850	2	1	1
4c6fc317-871d-5fde-a76d-4fe0c94f1937	chr12	42082342	42967978	5	4	1
4c6fc317-871d-5fde-a76d-4fe0c94f1937	chr12	42968326	63210079	4	3	1
4c6fc317-871d-5fde-a76d-4fe0c94f1937	chr12	63210287	69901366	2	1	1
4c6fc317-871d-5fde-a76d-4fe0c94f1937	chr12	69901437	72460518	4	3	1
4c6fc317-871d-5fde-a76d-4fe0c94f1937	chr12	72466694	119775819	2	1	1
4c6fc317-871d-5fde-a76d-4fe0c94f1937	chr12	119777892	130004089	3	2	1
4c6fc317-871d-5fde-a76d-4fe0c94f1937	chr12	130006072	130013066	10	7	3
4c6fc317-871d-5fde-a76d-4fe0c94f1937	chr12	130013863	133201603	4	3	1
4c6fc317-871d-5fde-a76d-4fe0c94f1937	chr13	18452809	21021767	6	4	2
4c6fc317-871d-5fde-a76d-4fe0c94f1937	chr13	21023575	21185527	5	5	0
4c6fc317-871d-5fde-a76d-4fe0c94f1937	chr13	21193682	61354509	2	2	0
4c6fc317-871d-5fde-a76d-4fe0c94f1937	chr13	61359957	61381998	6	5	1
4c6fc317-871d-5fde-a76d-4fe0c94f1937	chr13	61382676	61611482	6	6	0
4c6fc317-871d-5fde-a76d-4fe0c94f1937	chr13	61611612	78458083	2	2	0
4c6fc317-871d-5fde-a76d-4fe0c94f1937	chr13	78460464	81570237	5	3	2
4c6fc317-871d-5fde-a76d-4fe0c94f1937	chr13	81570868	83411109	8	4	4
4c6fc317-871d-5fde-a76d-4fe0c94f1937	chr13	83413034	85445441	5	3	2
4c6fc317-871d-5fde-a76d-4fe0c94f1937	chr13	85450360	88246428	2	2	0
4c6fc317-871d-5fde-a76d-4fe0c94f1937	chr13	88250651	114342922	4	4	0
4c6fc317-871d-5fde-a76d-4fe0c94f1937	chr14	18239283	26502529	6	3	3
4c6fc317-871d-5fde-a76d-4fe0c94f1937	chr14	26504171	27279100	2	2	0
4c6fc317-871d-5fde-a76d-4fe0c94f1937	chr14	27287270	27412813	6	6	0
4c6fc317-871d-5fde-a76d-4fe0c94f1937	chr14	27416529	28492204	2	2	0
4c6fc317-871d-5fde-a76d-4fe0c94f1937	chr14	28495556	28532052	1	1	0
4c6fc317-871d-5fde-a76d-4fe0c94f1937	chr14	28535273	30163755	2	2	0
4c6fc317-871d-5fde-a76d-4fe0c94f1937	chr14	30164482	43877366	6	3	3
4c6fc317-871d-5fde-a76d-4fe0c94f1937	chr14	43877567	45094066	4	4	0
4c6fc317-871d-5fde-a76d-4fe0c94f1937	chr14	45100322	53741331	6	3	3
4c6fc317-871d-5fde-a76d-4fe0c94f1937	chr14	53743125	53752981	10	5	5
4c6fc317-871d-5fde-a76d-4fe0c94f1937	chr14	53755181	69805352	6	3	3
4c6fc317-871d-5fde-a76d-4fe0c94f1937	chr14	69805810	75336641	2	2	0
4c6fc317-871d-5fde-a76d-4fe0c94f1937	chr14	75337942	76525118	6	3	3
4c6fc317-871d-5fde-a76d-4fe0c94f1937	chr14	76525821	88260683	2	2	0
4c6fc317-871d-5fde-a76d-4fe0c94f1937	chr14	88261019	89056822	3	2	1
4c6fc317-871d-5fde-a76d-4fe0c94f1937	chr14	89059428	106877229	2	2	0
4c6fc317-871d-5fde-a76d-4fe0c94f1937	chr15	19811075	23913120	5	3	2
4c6fc317-871d-5fde-a76d-4fe0c94f1937	chr15	23915320	23936582	2	1	1
4c6fc317-871d-5fde-a76d-4fe0c94f1937	chr15	23936661	45943616	5	3	2
4c6fc317-871d-5fde-a76d-4fe0c94f1937	chr15	45943633	45950000	2	1	1
4c6fc317-871d-5fde-a76d-4fe0c94f1937	chr15	45950067	50034128	5	3	2
4c6fc317-871d-5fde-a76d-4fe0c94f1937	chr15	50036118	53401893	4	2	2
4c6fc317-871d-5fde-a76d-4fe0c94f1937	chr15	53403360	60779292	5	3	2
4c6fc317-871d-5fde-a76d-4fe0c94f1937	chr15	60779372	60918836	5	4	1
4c6fc317-871d-5fde-a76d-4fe0c94f1937	chr15	60918990	101928837	5	3	2
4c6fc317-871d-5fde-a76d-4fe0c94f1937	chr16	10777	30867529	2	2	0
4c6fc317-871d-5fde-a76d-4fe0c94f1937	chr16	30879141	36048855	6	3	3
4c6fc317-871d-5fde-a76d-4fe0c94f1937	chr16	46441986	80170427	2	2	0
4c6fc317-871d-5fde-a76d-4fe0c94f1937	chr16	80175482	80210893	0	0	0
4c6fc317-871d-5fde-a76d-4fe0c94f1937	chr16	80212053	90096867	2	2	0
4c6fc317-871d-5fde-a76d-4fe0c94f1937	chr17	150733	7675361	3	3	0
4c6fc317-871d-5fde-a76d-4fe0c94f1937	chr17	7676734	8026459	9	9	0
4c6fc317-871d-5fde-a76d-4fe0c94f1937	chr17	8027460	10803218	6	6	0
4c6fc317-871d-5fde-a76d-4fe0c94f1937	chr17	10804891	12660563	4	4	0
4c6fc317-871d-5fde-a76d-4fe0c94f1937	chr17	12661294	12717502	9	9	0
4c6fc317-871d-5fde-a76d-4fe0c94f1937	chr17	12717580	14435080	13	13	0
4c6fc317-871d-5fde-a76d-4fe0c94f1937	chr17	14438972	14509286	18	18	0
4c6fc317-871d-5fde-a76d-4fe0c94f1937	chr17	14509315	14538910	18	17	1
4c6fc317-871d-5fde-a76d-4fe0c94f1937	chr17	14539061	15157657	9	9	0
4c6fc317-871d-5fde-a76d-4fe0c94f1937	chr17	15159259	15362449	24	23	1
4c6fc317-871d-5fde-a76d-4fe0c94f1937	chr17	15362540	15569996	12	12	0
4c6fc317-871d-5fde-a76d-4fe0c94f1937	chr17	15571773	17441537	23	22	1
4c6fc317-871d-5fde-a76d-4fe0c94f1937	chr17	17444654	18537646	14	13	1
4c6fc317-871d-5fde-a76d-4fe0c94f1937	chr17	18537994	18668032	7	7	0
4c6fc317-871d-5fde-a76d-4fe0c94f1937	chr17	18668351	18988015	6	6	0
4c6fc317-871d-5fde-a76d-4fe0c94f1937	chr17	18989778	20199043	8	8	0
4c6fc317-871d-5fde-a76d-4fe0c94f1937	chr17	20199939	21613009	15	8	7
4c6fc317-871d-5fde-a76d-4fe0c94f1937	chr17	21615833	26949301	8	7	1
4c6fc317-871d-5fde-a76d-4fe0c94f1937	chr17	26955079	38844502	2	2	0
4c6fc317-871d-5fde-a76d-4fe0c94f1937	chr17	38846820	72612450	3	2	1
4c6fc317-871d-5fde-a76d-4fe0c94f1937	chr17	72612900	72832547	2	2	0
4c6fc317-871d-5fde-a76d-4fe0c94f1937	chr17	72834316	83091923	3	2	1
4c6fc317-871d-5fde-a76d-4fe0c94f1937	chr18	48133	15402409	4	2	2
4c6fc317-871d-5fde-a76d-4fe0c94f1937	chr18	20949392	32713477	2	2	0
4c6fc317-871d-5fde-a76d-4fe0c94f1937	chr18	32719287	32720548	0	0	0
4c6fc317-871d-5fde-a76d-4fe0c94f1937	chr18	32721153	66791677	2	2	0
4c6fc317-871d-5fde-a76d-4fe0c94f1937	chr18	66795813	66898277	5	3	2
4c6fc317-871d-5fde-a76d-4fe0c94f1937	chr18	66900738	77723437	2	2	0
4c6fc317-871d-5fde-a76d-4fe0c94f1937	chr18	77723498	78302963	20	17	3
4c6fc317-871d-5fde-a76d-4fe0c94f1937	chr18	78303187	78408275	10	8	2
4c6fc317-871d-5fde-a76d-4fe0c94f1937	chr18	78408749	80257174	2	2	0
4c6fc317-871d-5fde-a76d-4fe0c94f1937	chr19	90910	16612892	2	2	0
4c6fc317-871d-5fde-a76d-4fe0c94f1937	chr19	16613163	24174509	3	2	1
4c6fc317-871d-5fde-a76d-4fe0c94f1937	chr19	24174791	28554501	4	3	1
4c6fc317-871d-5fde-a76d-4fe0c94f1937	chr19	28554944	31371008	3	2	1
4c6fc317-871d-5fde-a76d-4fe0c94f1937	chr19	31372078	31408965	4	2	2
4c6fc317-871d-5fde-a76d-4fe0c94f1937	chr19	31409102	58586487	3	2	1
4c6fc317-871d-5fde-a76d-4fe0c94f1937	chr20	80664	61601885	3	3	0
4c6fc317-871d-5fde-a76d-4fe0c94f1937	chr20	61602366	64324800	2	2	0
4c6fc317-871d-5fde-a76d-4fe0c94f1937	chr21	12973348	40648833	3	2	1
4c6fc317-871d-5fde-a76d-4fe0c94f1937	chr21	40649443	40657217	7	4	3
4c6fc317-871d-5fde-a76d-4fe0c94f1937	chr21	40657967	46677045	3	2	1
4c6fc317-871d-5fde-a76d-4fe0c94f1937	chr22	16392123	44787665	5	3	2
4c6fc317-871d-5fde-a76d-4fe0c94f1937	chr22	44788038	50796027	4	2	2
4c6fc317-871d-5fde-a76d-4fe0c94f1937	chrX	251810	1507351	4	2	2
4c6fc317-871d-5fde-a76d-4fe0c94f1937	chrX	1507378	1882751	6	3	3
4c6fc317-871d-5fde-a76d-4fe0c94f1937	chrX	1892047	2705504	5	3	2
4c6fc317-871d-5fde-a76d-4fe0c94f1937	chrX	2709788	2717448	2	1	1
4c6fc317-871d-5fde-a76d-4fe0c94f1937	chrX	2719189	2775583	6	3	3
4c6fc317-871d-5fde-a76d-4fe0c94f1937	chrX	2776199	16330863	1	1	0
4c6fc317-871d-5fde-a76d-4fe0c94f1937	chrX	16330929	16338298	0	0	0
4c6fc317-871d-5fde-a76d-4fe0c94f1937	chrX	16338737	156004181	1	1	0
4c6fc317-871d-5fde-a76d-4fe0c94f1937	chrY	2782397	16945203	4	3	1
4c6fc317-871d-5fde-a76d-4fe0c94f1937	chrY	16947548	17207121	2	2	0
4c6fc317-871d-5fde-a76d-4fe0c94f1937	chrY	17208297	21574533	4	3	1
4c6fc317-871d-5fde-a76d-4fe0c94f1937	chrY	21576095	22216533	10	10	0
4c6fc317-871d-5fde-a76d-4fe0c94f1937	chrY	22221869	26653788	9	6	3
4c6fc317-871d-5fde-a76d-4fe0c94f1937	chrY	56872112	56872112	2	2	0
