GDC_Aliquot	Chromosome	Start	End	Copy_Number	Major_Copy_Number	Minor_Copy_Number
267bb02c-9059-5065-ac9b-3484881331a6	chr1	62920	2962978	2	2	0
267bb02c-9059-5065-ac9b-3484881331a6	chr1	2985564	12162628	1	1	0
267bb02c-9059-5065-ac9b-3484881331a6	chr1	12163394	17636501	2	1	1
267bb02c-9059-5065-ac9b-3484881331a6	chr1	17640549	19436885	4	2	2
267bb02c-9059-5065-ac9b-3484881331a6	chr1	19436902	19817839	7	6	1
267bb02c-9059-5065-ac9b-3484881331a6	chr1	19818487	27435843	3	2	1
267bb02c-9059-5065-ac9b-3484881331a6	chr1	27439161	29245246	2	1	1
267bb02c-9059-5065-ac9b-3484881331a6	chr1	29246042	41976460	3	2	1
267bb02c-9059-5065-ac9b-3484881331a6	chr1	41977932	46524785	2	1	1
267bb02c-9059-5065-ac9b-3484881331a6	chr1	46531455	50602090	4	3	1
267bb02c-9059-5065-ac9b-3484881331a6	chr1	50604285	62588162	3	2	1
267bb02c-9059-5065-ac9b-3484881331a6	chr1	62591284	64214053	5	4	1
267bb02c-9059-5065-ac9b-3484881331a6	chr1	64214066	65486745	3	2	1
267bb02c-9059-5065-ac9b-3484881331a6	chr1	65487058	65521356	2	2	0
267bb02c-9059-5065-ac9b-3484881331a6	chr1	65521522	97873087	5	4	1
267bb02c-9059-5065-ac9b-3484881331a6	chr1	97873751	108168646	3	2	1
267bb02c-9059-5065-ac9b-3484881331a6	chr1	108170935	111658706	4	3	1
267bb02c-9059-5065-ac9b-3484881331a6	chr1	111659914	116247581	5	4	1
267bb02c-9059-5065-ac9b-3484881331a6	chr1	116251902	121705338	3	2	1
267bb02c-9059-5065-ac9b-3484881331a6	chr1	143541857	152746842	4	3	1
267bb02c-9059-5065-ac9b-3484881331a6	chr1	152747011	152777257	10	5	5
267bb02c-9059-5065-ac9b-3484881331a6	chr1	152777415	157412990	5	4	1
267bb02c-9059-5065-ac9b-3484881331a6	chr1	157413511	157418293	11	8	3
267bb02c-9059-5065-ac9b-3484881331a6	chr1	157419608	170284080	4	2	2
267bb02c-9059-5065-ac9b-3484881331a6	chr1	170290285	170634329	8	6	2
267bb02c-9059-5065-ac9b-3484881331a6	chr1	170637374	177793032	4	2	2
267bb02c-9059-5065-ac9b-3484881331a6	chr1	177797481	179016523	5	4	1
267bb02c-9059-5065-ac9b-3484881331a6	chr1	179017420	183577367	4	2	2
267bb02c-9059-5065-ac9b-3484881331a6	chr1	183578737	183993174	6	3	3
267bb02c-9059-5065-ac9b-3484881331a6	chr1	183993645	190480250	5	3	2
267bb02c-9059-5065-ac9b-3484881331a6	chr1	190482995	206459945	4	2	2
267bb02c-9059-5065-ac9b-3484881331a6	chr1	206463793	211985949	5	3	2
267bb02c-9059-5065-ac9b-3484881331a6	chr1	211988489	212714490	12	10	2
267bb02c-9059-5065-ac9b-3484881331a6	chr1	212716128	213576716	4	2	2
267bb02c-9059-5065-ac9b-3484881331a6	chr1	213577754	214243481	17	15	2
267bb02c-9059-5065-ac9b-3484881331a6	chr1	214244796	214572212	5	3	2
267bb02c-9059-5065-ac9b-3484881331a6	chr1	214572666	214697649	15	12	3
267bb02c-9059-5065-ac9b-3484881331a6	chr1	214697751	215133992	6	3	3
267bb02c-9059-5065-ac9b-3484881331a6	chr1	215134434	225792010	3	3	0
267bb02c-9059-5065-ac9b-3484881331a6	chr1	225792892	226036945	24	22	2
267bb02c-9059-5065-ac9b-3484881331a6	chr1	226038016	226485224	4	4	0
267bb02c-9059-5065-ac9b-3484881331a6	chr1	226485625	228988932	5	3	2
267bb02c-9059-5065-ac9b-3484881331a6	chr1	228989120	231462108	3	3	0
267bb02c-9059-5065-ac9b-3484881331a6	chr1	231462218	231469633	7	6	1
267bb02c-9059-5065-ac9b-3484881331a6	chr1	231472514	231741538	6	5	1
267bb02c-9059-5065-ac9b-3484881331a6	chr1	231744594	233887081	5	3	2
267bb02c-9059-5065-ac9b-3484881331a6	chr1	233887398	234095683	6	6	0
267bb02c-9059-5065-ac9b-3484881331a6	chr1	234096068	235178081	18	16	2
267bb02c-9059-5065-ac9b-3484881331a6	chr1	235184493	239644620	3	3	0
267bb02c-9059-5065-ac9b-3484881331a6	chr1	239645024	240195400	6	3	3
267bb02c-9059-5065-ac9b-3484881331a6	chr1	240196155	248930189	3	3	0
267bb02c-9059-5065-ac9b-3484881331a6	chr2	12784	53208726	2	2	0
267bb02c-9059-5065-ac9b-3484881331a6	chr2	53208846	53251591	0	0	0
267bb02c-9059-5065-ac9b-3484881331a6	chr2	53252312	56030398	2	2	0
267bb02c-9059-5065-ac9b-3484881331a6	chr2	56030806	60583837	3	2	1
267bb02c-9059-5065-ac9b-3484881331a6	chr2	60584584	61359232	4	2	2
267bb02c-9059-5065-ac9b-3484881331a6	chr2	61360971	67678514	3	2	1
267bb02c-9059-5065-ac9b-3484881331a6	chr2	67678640	67971448	5	3	2
267bb02c-9059-5065-ac9b-3484881331a6	chr2	67971691	74625331	3	2	1
267bb02c-9059-5065-ac9b-3484881331a6	chr2	74625831	77436325	4	2	2
267bb02c-9059-5065-ac9b-3484881331a6	chr2	77441542	78525144	6	5	1
267bb02c-9059-5065-ac9b-3484881331a6	chr2	78528721	80342459	5	3	2
267bb02c-9059-5065-ac9b-3484881331a6	chr2	80347076	82693999	4	2	2
267bb02c-9059-5065-ac9b-3484881331a6	chr2	82694435	84279141	2	2	0
267bb02c-9059-5065-ac9b-3484881331a6	chr2	84281690	88826632	3	2	1
267bb02c-9059-5065-ac9b-3484881331a6	chr2	88826703	100471135	5	3	2
267bb02c-9059-5065-ac9b-3484881331a6	chr2	100471798	100727176	4	2	2
267bb02c-9059-5065-ac9b-3484881331a6	chr2	100727216	101448267	5	3	2
267bb02c-9059-5065-ac9b-3484881331a6	chr2	101448788	242147305	2	2	0
267bb02c-9059-5065-ac9b-3484881331a6	chr3	20930	3922120	2	1	1
267bb02c-9059-5065-ac9b-3484881331a6	chr3	3923587	3934733	0	0	0
267bb02c-9059-5065-ac9b-3484881331a6	chr3	3935472	16670981	2	1	1
267bb02c-9059-5065-ac9b-3484881331a6	chr3	16672492	17773191	2	2	0
267bb02c-9059-5065-ac9b-3484881331a6	chr3	17791079	65599863	2	1	1
267bb02c-9059-5065-ac9b-3484881331a6	chr3	65602083	65710705	3	3	0
267bb02c-9059-5065-ac9b-3484881331a6	chr3	65710828	93811402	2	1	1
267bb02c-9059-5065-ac9b-3484881331a6	chr3	93817212	99008824	1	1	0
267bb02c-9059-5065-ac9b-3484881331a6	chr3	99009449	99021812	6	3	3
267bb02c-9059-5065-ac9b-3484881331a6	chr3	99021884	116442815	1	1	0
267bb02c-9059-5065-ac9b-3484881331a6	chr3	116447531	116790000	0	0	0
267bb02c-9059-5065-ac9b-3484881331a6	chr3	116790621	128692935	1	1	0
267bb02c-9059-5065-ac9b-3484881331a6	chr3	128693488	195559056	2	2	0
267bb02c-9059-5065-ac9b-3484881331a6	chr3	195656271	198169247	4	2	2
267bb02c-9059-5065-ac9b-3484881331a6	chr4	68929	4725328	2	1	1
267bb02c-9059-5065-ac9b-3484881331a6	chr4	4725464	17548930	3	2	1
267bb02c-9059-5065-ac9b-3484881331a6	chr4	17549082	19301267	9	8	1
267bb02c-9059-5065-ac9b-3484881331a6	chr4	19303323	22431070	4	3	1
267bb02c-9059-5065-ac9b-3484881331a6	chr4	22434000	48973134	2	1	1
267bb02c-9059-5065-ac9b-3484881331a6	chr4	48973455	66585857	4	3	1
267bb02c-9059-5065-ac9b-3484881331a6	chr4	66596896	190106768	4	2	2
267bb02c-9059-5065-ac9b-3484881331a6	chr5	15532	14106027	1	1	0
267bb02c-9059-5065-ac9b-3484881331a6	chr5	14106062	14119587	0	0	0
267bb02c-9059-5065-ac9b-3484881331a6	chr5	14119666	31104072	1	1	0
267bb02c-9059-5065-ac9b-3484881331a6	chr5	31105016	32034182	4	3	1
267bb02c-9059-5065-ac9b-3484881331a6	chr5	32035749	33405491	5	4	1
267bb02c-9059-5065-ac9b-3484881331a6	chr5	33406004	36662787	4	3	1
267bb02c-9059-5065-ac9b-3484881331a6	chr5	36664967	76719839	2	1	1
267bb02c-9059-5065-ac9b-3484881331a6	chr5	76723491	77024654	2	2	0
267bb02c-9059-5065-ac9b-3484881331a6	chr5	77027663	80915360	2	1	1
267bb02c-9059-5065-ac9b-3484881331a6	chr5	80915755	81189445	2	2	0
267bb02c-9059-5065-ac9b-3484881331a6	chr5	81190379	143710513	2	1	1
267bb02c-9059-5065-ac9b-3484881331a6	chr5	143711629	143725665	7	4	3
267bb02c-9059-5065-ac9b-3484881331a6	chr5	143726551	171663558	2	1	1
267bb02c-9059-5065-ac9b-3484881331a6	chr5	171663806	171674870	8	4	4
267bb02c-9059-5065-ac9b-3484881331a6	chr5	171674890	181363319	2	1	1
267bb02c-9059-5065-ac9b-3484881331a6	chr6	149661	31110480	4	3	1
267bb02c-9059-5065-ac9b-3484881331a6	chr6	31112655	31116298	13	9	4
267bb02c-9059-5065-ac9b-3484881331a6	chr6	31117993	45824348	4	3	1
267bb02c-9059-5065-ac9b-3484881331a6	chr6	45824433	68109545	4	2	2
267bb02c-9059-5065-ac9b-3484881331a6	chr6	68109977	69660325	7	6	1
267bb02c-9059-5065-ac9b-3484881331a6	chr6	69660934	69682649	9	9	0
267bb02c-9059-5065-ac9b-3484881331a6	chr6	69685855	70138650	4	3	1
267bb02c-9059-5065-ac9b-3484881331a6	chr6	70138820	70952299	12	11	1
267bb02c-9059-5065-ac9b-3484881331a6	chr6	70957847	72614859	6	5	1
267bb02c-9059-5065-ac9b-3484881331a6	chr6	72615609	73615837	4	2	2
267bb02c-9059-5065-ac9b-3484881331a6	chr6	73616513	74753628	6	5	1
267bb02c-9059-5065-ac9b-3484881331a6	chr6	74753824	75131699	4	2	2
267bb02c-9059-5065-ac9b-3484881331a6	chr6	75135769	76702394	1	1	0
267bb02c-9059-5065-ac9b-3484881331a6	chr6	76702482	76913060	4	2	2
267bb02c-9059-5065-ac9b-3484881331a6	chr6	76913408	77411571	2	1	1
267bb02c-9059-5065-ac9b-3484881331a6	chr6	77419748	77528187	18	15	3
267bb02c-9059-5065-ac9b-3484881331a6	chr6	77536799	79144138	2	1	1
267bb02c-9059-5065-ac9b-3484881331a6	chr6	79144509	80405843	1	1	0
267bb02c-9059-5065-ac9b-3484881331a6	chr6	80406024	81779271	2	1	1
267bb02c-9059-5065-ac9b-3484881331a6	chr6	81781387	122072088	1	1	0
267bb02c-9059-5065-ac9b-3484881331a6	chr6	122072298	123571861	4	2	2
267bb02c-9059-5065-ac9b-3484881331a6	chr6	123572272	123582038	0	0	0
267bb02c-9059-5065-ac9b-3484881331a6	chr6	123582196	125360456	3	2	1
267bb02c-9059-5065-ac9b-3484881331a6	chr6	125360506	125844574	2	2	0
267bb02c-9059-5065-ac9b-3484881331a6	chr6	125848929	166122267	3	2	1
267bb02c-9059-5065-ac9b-3484881331a6	chr6	166125319	166857896	2	1	1
267bb02c-9059-5065-ac9b-3484881331a6	chr6	166857920	169410759	1	1	0
267bb02c-9059-5065-ac9b-3484881331a6	chr6	169411199	170741917	2	1	1
267bb02c-9059-5065-ac9b-3484881331a6	chr7	43259	127976	5	4	1
267bb02c-9059-5065-ac9b-3484881331a6	chr7	128206	721090	2	2	0
267bb02c-9059-5065-ac9b-3484881331a6	chr7	722907	5343073	2	1	1
267bb02c-9059-5065-ac9b-3484881331a6	chr7	5344372	5986976	5	4	1
267bb02c-9059-5065-ac9b-3484881331a6	chr7	5987087	7181394	3	2	1
267bb02c-9059-5065-ac9b-3484881331a6	chr7	7190003	7771830	14	13	1
267bb02c-9059-5065-ac9b-3484881331a6	chr7	7772182	8246473	3	2	1
267bb02c-9059-5065-ac9b-3484881331a6	chr7	8247070	8381487	12	6	6
267bb02c-9059-5065-ac9b-3484881331a6	chr7	8381501	17632039	4	2	2
267bb02c-9059-5065-ac9b-3484881331a6	chr7	17634232	22883472	1	1	0
267bb02c-9059-5065-ac9b-3484881331a6	chr7	22884908	32665890	3	2	1
267bb02c-9059-5065-ac9b-3484881331a6	chr7	32672715	33348271	12	11	1
267bb02c-9059-5065-ac9b-3484881331a6	chr7	33348359	34071609	3	2	1
267bb02c-9059-5065-ac9b-3484881331a6	chr7	34071632	35074781	5	4	1
267bb02c-9059-5065-ac9b-3484881331a6	chr7	35075797	35554149	3	2	1
267bb02c-9059-5065-ac9b-3484881331a6	chr7	35554229	43868616	2	1	1
267bb02c-9059-5065-ac9b-3484881331a6	chr7	43871083	57317928	3	2	1
267bb02c-9059-5065-ac9b-3484881331a6	chr7	57318137	68399619	6	3	3
267bb02c-9059-5065-ac9b-3484881331a6	chr7	68401897	68428719	9	5	4
267bb02c-9059-5065-ac9b-3484881331a6	chr7	68430943	68557819	6	5	1
267bb02c-9059-5065-ac9b-3484881331a6	chr7	68557945	146888895	3	2	1
267bb02c-9059-5065-ac9b-3484881331a6	chr7	146889364	146991711	3	3	0
267bb02c-9059-5065-ac9b-3484881331a6	chr7	146991927	147491205	1	1	0
267bb02c-9059-5065-ac9b-3484881331a6	chr7	147491593	151472918	3	2	1
267bb02c-9059-5065-ac9b-3484881331a6	chr7	151476419	151627724	2	2	0
267bb02c-9059-5065-ac9b-3484881331a6	chr7	151628107	159334314	3	2	1
267bb02c-9059-5065-ac9b-3484881331a6	chr8	81254	11445502	1	1	0
267bb02c-9059-5065-ac9b-3484881331a6	chr8	11447856	11495543	3	2	1
267bb02c-9059-5065-ac9b-3484881331a6	chr8	11495826	29534629	1	1	0
267bb02c-9059-5065-ac9b-3484881331a6	chr8	29534832	31951520	2	2	0
267bb02c-9059-5065-ac9b-3484881331a6	chr8	31951636	31955518	9	7	2
267bb02c-9059-5065-ac9b-3484881331a6	chr8	31956294	33718158	2	2	0
267bb02c-9059-5065-ac9b-3484881331a6	chr8	33718754	35618035	3	2	1
267bb02c-9059-5065-ac9b-3484881331a6	chr8	35618964	41250040	2	2	0
267bb02c-9059-5065-ac9b-3484881331a6	chr8	41250633	41321077	4	3	1
267bb02c-9059-5065-ac9b-3484881331a6	chr8	41323595	42070445	2	2	0
267bb02c-9059-5065-ac9b-3484881331a6	chr8	42071634	53942717	5	3	2
267bb02c-9059-5065-ac9b-3484881331a6	chr8	53943120	54398526	4	4	0
267bb02c-9059-5065-ac9b-3484881331a6	chr8	54399429	56397163	4	2	2
267bb02c-9059-5065-ac9b-3484881331a6	chr8	56398230	77594926	3	2	1
267bb02c-9059-5065-ac9b-3484881331a6	chr8	77595757	77845378	4	2	2
267bb02c-9059-5065-ac9b-3484881331a6	chr8	77845468	81135826	3	2	1
267bb02c-9059-5065-ac9b-3484881331a6	chr8	81136568	91639565	4	2	2
267bb02c-9059-5065-ac9b-3484881331a6	chr8	91640987	96534295	6	3	3
267bb02c-9059-5065-ac9b-3484881331a6	chr8	96534902	131593850	3	2	1
267bb02c-9059-5065-ac9b-3484881331a6	chr8	131594613	140991637	2	1	1
267bb02c-9059-5065-ac9b-3484881331a6	chr8	140993377	145072769	3	2	1
267bb02c-9059-5065-ac9b-3484881331a6	chr9	46587	20697468	1	1	0
267bb02c-9059-5065-ac9b-3484881331a6	chr9	20700839	21070162	3	3	0
267bb02c-9059-5065-ac9b-3484881331a6	chr9	21071857	29558524	1	1	0
267bb02c-9059-5065-ac9b-3484881331a6	chr9	29563428	38284237	2	2	0
267bb02c-9059-5065-ac9b-3484881331a6	chr9	38284570	69131526	4	2	2
267bb02c-9059-5065-ac9b-3484881331a6	chr9	69131955	69246884	6	3	3
267bb02c-9059-5065-ac9b-3484881331a6	chr9	69247213	89951717	4	2	2
267bb02c-9059-5065-ac9b-3484881331a6	chr9	89954006	90073645	3	3	0
267bb02c-9059-5065-ac9b-3484881331a6	chr9	90075493	122431008	4	2	2
267bb02c-9059-5065-ac9b-3484881331a6	chr9	122437137	124591701	4	3	1
267bb02c-9059-5065-ac9b-3484881331a6	chr9	124606061	138200944	2	1	1
267bb02c-9059-5065-ac9b-3484881331a6	chr10	45792	3012303	2	2	0
267bb02c-9059-5065-ac9b-3484881331a6	chr10	3012662	3030575	5	4	1
267bb02c-9059-5065-ac9b-3484881331a6	chr10	3031057	3657428	2	2	0
267bb02c-9059-5065-ac9b-3484881331a6	chr10	3657537	4035113	4	2	2
267bb02c-9059-5065-ac9b-3484881331a6	chr10	4035455	5194845	6	3	3
267bb02c-9059-5065-ac9b-3484881331a6	chr10	5196233	9766751	3	2	1
267bb02c-9059-5065-ac9b-3484881331a6	chr10	9769475	24315126	2	2	0
267bb02c-9059-5065-ac9b-3484881331a6	chr10	24315158	24563471	1	1	0
267bb02c-9059-5065-ac9b-3484881331a6	chr10	24567385	28037718	2	2	0
267bb02c-9059-5065-ac9b-3484881331a6	chr10	28037846	36891905	4	4	0
267bb02c-9059-5065-ac9b-3484881331a6	chr10	36893311	42331264	4	2	2
267bb02c-9059-5065-ac9b-3484881331a6	chr10	42332543	48173568	2	2	0
267bb02c-9059-5065-ac9b-3484881331a6	chr10	48179571	54236346	1	1	0
267bb02c-9059-5065-ac9b-3484881331a6	chr10	54236368	60364628	2	2	0
267bb02c-9059-5065-ac9b-3484881331a6	chr10	60365862	60686928	5	5	0
267bb02c-9059-5065-ac9b-3484881331a6	chr10	60687429	62172913	2	2	0
267bb02c-9059-5065-ac9b-3484881331a6	chr10	62175233	69680265	1	1	0
267bb02c-9059-5065-ac9b-3484881331a6	chr10	69680454	71302098	2	2	0
267bb02c-9059-5065-ac9b-3484881331a6	chr10	71303533	73526079	1	1	0
267bb02c-9059-5065-ac9b-3484881331a6	chr10	73527048	84801566	2	2	0
267bb02c-9059-5065-ac9b-3484881331a6	chr10	84801688	86446029	1	1	0
267bb02c-9059-5065-ac9b-3484881331a6	chr10	86446945	117265701	2	2	0
267bb02c-9059-5065-ac9b-3484881331a6	chr10	117267747	133654968	3	2	1
267bb02c-9059-5065-ac9b-3484881331a6	chr11	198510	36260711	2	1	1
267bb02c-9059-5065-ac9b-3484881331a6	chr11	36261164	36977492	3	3	0
267bb02c-9059-5065-ac9b-3484881331a6	chr11	36983933	37412160	1	1	0
267bb02c-9059-5065-ac9b-3484881331a6	chr11	37417406	40871596	2	2	0
267bb02c-9059-5065-ac9b-3484881331a6	chr11	40871780	45430601	2	1	1
267bb02c-9059-5065-ac9b-3484881331a6	chr11	45431456	45773258	3	2	1
267bb02c-9059-5065-ac9b-3484881331a6	chr11	45774119	57494044	1	1	0
267bb02c-9059-5065-ac9b-3484881331a6	chr11	57494645	71421584	2	2	0
267bb02c-9059-5065-ac9b-3484881331a6	chr11	71422171	82097208	3	2	1
267bb02c-9059-5065-ac9b-3484881331a6	chr11	82097240	135074876	2	2	0
267bb02c-9059-5065-ac9b-3484881331a6	chr12	51460	23591232	4	2	2
267bb02c-9059-5065-ac9b-3484881331a6	chr12	23591716	23617419	8	4	4
267bb02c-9059-5065-ac9b-3484881331a6	chr12	23617526	50313502	4	2	2
267bb02c-9059-5065-ac9b-3484881331a6	chr12	50314467	131597454	3	2	1
267bb02c-9059-5065-ac9b-3484881331a6	chr12	131597710	133201603	2	1	1
267bb02c-9059-5065-ac9b-3484881331a6	chr13	18452809	21126951	4	2	2
267bb02c-9059-5065-ac9b-3484881331a6	chr13	21135560	21774686	2	2	0
267bb02c-9059-5065-ac9b-3484881331a6	chr13	21775140	22650687	3	2	1
267bb02c-9059-5065-ac9b-3484881331a6	chr13	22653275	26179114	2	2	0
267bb02c-9059-5065-ac9b-3484881331a6	chr13	26179578	26205639	5	4	1
267bb02c-9059-5065-ac9b-3484881331a6	chr13	26207391	43872976	2	2	0
267bb02c-9059-5065-ac9b-3484881331a6	chr13	43873047	44913580	4	2	2
267bb02c-9059-5065-ac9b-3484881331a6	chr13	44913759	114342922	2	2	0
267bb02c-9059-5065-ac9b-3484881331a6	chr14	18239283	35401592	2	1	1
267bb02c-9059-5065-ac9b-3484881331a6	chr14	35405648	35929238	4	3	1
267bb02c-9059-5065-ac9b-3484881331a6	chr14	35929682	37507458	4	4	0
267bb02c-9059-5065-ac9b-3484881331a6	chr14	37508640	40113423	3	2	1
267bb02c-9059-5065-ac9b-3484881331a6	chr14	40113428	44221873	5	4	1
267bb02c-9059-5065-ac9b-3484881331a6	chr14	44221982	73932925	3	2	1
267bb02c-9059-5065-ac9b-3484881331a6	chr14	73936839	74830959	2	1	1
267bb02c-9059-5065-ac9b-3484881331a6	chr14	74830987	79896687	3	2	1
267bb02c-9059-5065-ac9b-3484881331a6	chr14	79896797	82808939	2	1	1
267bb02c-9059-5065-ac9b-3484881331a6	chr14	82809739	87328121	3	2	1
267bb02c-9059-5065-ac9b-3484881331a6	chr14	87329548	87346663	0	0	0
267bb02c-9059-5065-ac9b-3484881331a6	chr14	87346968	103248492	2	1	1
267bb02c-9059-5065-ac9b-3484881331a6	chr14	103248706	103302425	1	1	0
267bb02c-9059-5065-ac9b-3484881331a6	chr14	103304299	106877229	3	2	1
267bb02c-9059-5065-ac9b-3484881331a6	chr15	19811075	24095423	2	2	0
267bb02c-9059-5065-ac9b-3484881331a6	chr15	24099315	24396515	0	0	0
267bb02c-9059-5065-ac9b-3484881331a6	chr15	24401996	60584108	2	2	0
267bb02c-9059-5065-ac9b-3484881331a6	chr15	60584324	64896738	4	2	2
267bb02c-9059-5065-ac9b-3484881331a6	chr15	64904224	66153122	4	3	1
267bb02c-9059-5065-ac9b-3484881331a6	chr15	66159027	101928837	4	2	2
267bb02c-9059-5065-ac9b-3484881331a6	chr16	10777	5503985	3	3	0
267bb02c-9059-5065-ac9b-3484881331a6	chr16	5505135	10348920	1	1	0
267bb02c-9059-5065-ac9b-3484881331a6	chr16	10349260	11492035	3	3	0
267bb02c-9059-5065-ac9b-3484881331a6	chr16	11492927	25731280	1	1	0
267bb02c-9059-5065-ac9b-3484881331a6	chr16	25732860	33340712	2	2	0
267bb02c-9059-5065-ac9b-3484881331a6	chr16	33640096	35082020	11	11	0
267bb02c-9059-5065-ac9b-3484881331a6	chr16	35087005	36048855	4	3	1
267bb02c-9059-5065-ac9b-3484881331a6	chr16	46441986	60171987	3	3	0
267bb02c-9059-5065-ac9b-3484881331a6	chr16	60175338	60187709	10	9	1
267bb02c-9059-5065-ac9b-3484881331a6	chr16	60189071	65533256	3	3	0
267bb02c-9059-5065-ac9b-3484881331a6	chr16	65534143	66020806	4	3	1
267bb02c-9059-5065-ac9b-3484881331a6	chr16	66021493	77820951	4	2	2
267bb02c-9059-5065-ac9b-3484881331a6	chr16	77826824	90096867	3	3	0
267bb02c-9059-5065-ac9b-3484881331a6	chr17	150733	7789192	2	2	0
267bb02c-9059-5065-ac9b-3484881331a6	chr17	7790137	22671711	7	5	2
267bb02c-9059-5065-ac9b-3484881331a6	chr17	22671863	27745030	6	3	3
267bb02c-9059-5065-ac9b-3484881331a6	chr17	27747965	32779827	3	2	1
267bb02c-9059-5065-ac9b-3484881331a6	chr17	32781779	36783514	5	3	2
267bb02c-9059-5065-ac9b-3484881331a6	chr17	36783714	42110454	4	2	2
267bb02c-9059-5065-ac9b-3484881331a6	chr17	42111459	45802793	2	2	0
267bb02c-9059-5065-ac9b-3484881331a6	chr17	45803694	49244164	3	2	1
267bb02c-9059-5065-ac9b-3484881331a6	chr17	49246934	49798502	2	2	0
267bb02c-9059-5065-ac9b-3484881331a6	chr17	49801487	50228806	6	3	3
267bb02c-9059-5065-ac9b-3484881331a6	chr17	50229949	69769658	4	2	2
267bb02c-9059-5065-ac9b-3484881331a6	chr17	69772350	72281791	5	3	2
267bb02c-9059-5065-ac9b-3484881331a6	chr17	72284000	77177434	4	2	2
267bb02c-9059-5065-ac9b-3484881331a6	chr17	77178214	80124678	6	3	3
267bb02c-9059-5065-ac9b-3484881331a6	chr17	80124691	83091923	5	3	2
267bb02c-9059-5065-ac9b-3484881331a6	chr18	48133	15402409	3	2	1
267bb02c-9059-5065-ac9b-3484881331a6	chr18	20949392	80257174	2	1	1
267bb02c-9059-5065-ac9b-3484881331a6	chr19	90910	2124622	2	2	0
267bb02c-9059-5065-ac9b-3484881331a6	chr19	2125087	2186196	0	0	0
267bb02c-9059-5065-ac9b-3484881331a6	chr19	2186238	24338821	2	2	0
267bb02c-9059-5065-ac9b-3484881331a6	chr19	24399775	27780521	16	13	3
267bb02c-9059-5065-ac9b-3484881331a6	chr19	27782420	29842851	7	4	3
267bb02c-9059-5065-ac9b-3484881331a6	chr19	29848233	31852236	2	2	0
267bb02c-9059-5065-ac9b-3484881331a6	chr19	31852692	32263234	9	7	2
267bb02c-9059-5065-ac9b-3484881331a6	chr19	32264884	40357584	6	3	3
267bb02c-9059-5065-ac9b-3484881331a6	chr19	40357935	58586487	2	2	0
267bb02c-9059-5065-ac9b-3484881331a6	chr20	80664	8843362	4	2	2
267bb02c-9059-5065-ac9b-3484881331a6	chr20	8843470	9063970	6	3	3
267bb02c-9059-5065-ac9b-3484881331a6	chr20	9066096	9701200	5	4	1
267bb02c-9059-5065-ac9b-3484881331a6	chr20	9702368	17183641	5	3	2
267bb02c-9059-5065-ac9b-3484881331a6	chr20	17183816	17793927	4	4	0
267bb02c-9059-5065-ac9b-3484881331a6	chr20	17793991	31312474	5	3	2
267bb02c-9059-5065-ac9b-3484881331a6	chr20	31312478	54951550	3	2	1
267bb02c-9059-5065-ac9b-3484881331a6	chr20	54951673	54974873	12	10	2
267bb02c-9059-5065-ac9b-3484881331a6	chr20	54975147	56592329	4	3	1
267bb02c-9059-5065-ac9b-3484881331a6	chr20	56592351	63317594	4	2	2
267bb02c-9059-5065-ac9b-3484881331a6	chr20	63326464	64324800	5	4	1
267bb02c-9059-5065-ac9b-3484881331a6	chr21	12973348	19565076	6	3	3
267bb02c-9059-5065-ac9b-3484881331a6	chr21	19565191	20804160	3	3	0
267bb02c-9059-5065-ac9b-3484881331a6	chr21	20804771	46677045	4	3	1
267bb02c-9059-5065-ac9b-3484881331a6	chr22	16392123	22698504	2	1	1
267bb02c-9059-5065-ac9b-3484881331a6	chr22	22699118	23290004	3	3	0
267bb02c-9059-5065-ac9b-3484881331a6	chr22	23290326	50575315	2	1	1
267bb02c-9059-5065-ac9b-3484881331a6	chr22	50577669	50796027	2	2	0
267bb02c-9059-5065-ac9b-3484881331a6	chrX	251810	38526362	3	2	1
267bb02c-9059-5065-ac9b-3484881331a6	chrX	38526653	38531403	0	0	0
267bb02c-9059-5065-ac9b-3484881331a6	chrX	38531520	38538064	9	5	4
267bb02c-9059-5065-ac9b-3484881331a6	chrX	38539778	38546408	2	1	1
267bb02c-9059-5065-ac9b-3484881331a6	chrX	38546461	43103188	4	2	2
267bb02c-9059-5065-ac9b-3484881331a6	chrX	43107198	43226366	16	16	0
267bb02c-9059-5065-ac9b-3484881331a6	chrX	43228696	50496365	5	3	2
267bb02c-9059-5065-ac9b-3484881331a6	chrX	50498965	52614595	5	4	1
267bb02c-9059-5065-ac9b-3484881331a6	chrX	52616473	52872454	10	8	2
267bb02c-9059-5065-ac9b-3484881331a6	chrX	52874234	52923326	10	10	0
267bb02c-9059-5065-ac9b-3484881331a6	chrX	52923661	55105296	16	14	2
267bb02c-9059-5065-ac9b-3484881331a6	chrX	55108972	55609486	5	3	2
267bb02c-9059-5065-ac9b-3484881331a6	chrX	55619743	62837133	6	5	1
267bb02c-9059-5065-ac9b-3484881331a6	chrX	62838079	68968155	3	2	1
267bb02c-9059-5065-ac9b-3484881331a6	chrX	68968412	73225791	2	1	1
267bb02c-9059-5065-ac9b-3484881331a6	chrX	73226006	74880334	4	3	1
267bb02c-9059-5065-ac9b-3484881331a6	chrX	74880629	76184545	2	1	1
267bb02c-9059-5065-ac9b-3484881331a6	chrX	76184668	79564963	1	1	0
267bb02c-9059-5065-ac9b-3484881331a6	chrX	79576234	81604397	4	4	0
267bb02c-9059-5065-ac9b-3484881331a6	chrX	81605282	86097091	2	1	1
267bb02c-9059-5065-ac9b-3484881331a6	chrX	86097153	88473437	1	1	0
267bb02c-9059-5065-ac9b-3484881331a6	chrX	88473897	88523838	3	2	1
267bb02c-9059-5065-ac9b-3484881331a6	chrX	88524860	90618397	2	1	1
267bb02c-9059-5065-ac9b-3484881331a6	chrX	90618754	92176182	4	2	2
267bb02c-9059-5065-ac9b-3484881331a6	chrX	92176386	92284212	2	1	1
267bb02c-9059-5065-ac9b-3484881331a6	chrX	92284793	93324140	4	3	1
267bb02c-9059-5065-ac9b-3484881331a6	chrX	93326860	96006774	3	2	1
267bb02c-9059-5065-ac9b-3484881331a6	chrX	96016670	96357419	10	9	1
267bb02c-9059-5065-ac9b-3484881331a6	chrX	96358701	102110890	2	1	1
267bb02c-9059-5065-ac9b-3484881331a6	chrX	102111010	115272140	1	1	0
267bb02c-9059-5065-ac9b-3484881331a6	chrX	115272693	115717115	3	3	0
267bb02c-9059-5065-ac9b-3484881331a6	chrX	115720261	116682231	5	3	2
267bb02c-9059-5065-ac9b-3484881331a6	chrX	116683317	117604731	4	2	2
267bb02c-9059-5065-ac9b-3484881331a6	chrX	117606220	118353137	6	5	1
267bb02c-9059-5065-ac9b-3484881331a6	chrX	118353669	121182064	6	3	3
267bb02c-9059-5065-ac9b-3484881331a6	chrX	121182321	121186065	13	7	6
267bb02c-9059-5065-ac9b-3484881331a6	chrX	121186147	123172060	5	3	2
267bb02c-9059-5065-ac9b-3484881331a6	chrX	123172253	124341440	4	2	2
267bb02c-9059-5065-ac9b-3484881331a6	chrX	124343676	137495646	2	2	0
267bb02c-9059-5065-ac9b-3484881331a6	chrX	137496089	140959334	3	2	1
267bb02c-9059-5065-ac9b-3484881331a6	chrX	140959382	151020542	5	3	2
267bb02c-9059-5065-ac9b-3484881331a6	chrX	151022672	151048063	9	5	4
267bb02c-9059-5065-ac9b-3484881331a6	chrX	151048849	155089904	4	2	2
267bb02c-9059-5065-ac9b-3484881331a6	chrX	155091821	156004181	2	2	0
267bb02c-9059-5065-ac9b-3484881331a6	chrY	2782397	26653788	0	0	0
267bb02c-9059-5065-ac9b-3484881331a6	chrY	56872112	56872112	2	2	0
