GDC_Aliquot	Chromosome	Start	End	Copy_Number	Major_Copy_Number	Minor_Copy_Number
ff02292f-8eb8-543a-a453-d9e78eaf610e	chr1	62920	41365165	3	2	1
ff02292f-8eb8-543a-a453-d9e78eaf610e	chr1	41369389	41437636	5	4	1
ff02292f-8eb8-543a-a453-d9e78eaf610e	chr1	41438350	61568991	3	2	1
ff02292f-8eb8-543a-a453-d9e78eaf610e	chr1	61569327	61623218	2	2	0
ff02292f-8eb8-543a-a453-d9e78eaf610e	chr1	61623589	109481386	3	2	1
ff02292f-8eb8-543a-a453-d9e78eaf610e	chr1	109486789	121705338	2	2	0
ff02292f-8eb8-543a-a453-d9e78eaf610e	chr1	143541857	175204480	3	2	1
ff02292f-8eb8-543a-a453-d9e78eaf610e	chr1	175204598	175210999	1	1	0
ff02292f-8eb8-543a-a453-d9e78eaf610e	chr1	175214803	248930189	3	2	1
ff02292f-8eb8-543a-a453-d9e78eaf610e	chr2	12784	140364842	2	2	0
ff02292f-8eb8-543a-a453-d9e78eaf610e	chr2	140367383	140747344	1	1	0
ff02292f-8eb8-543a-a453-d9e78eaf610e	chr2	140752803	145496728	2	2	0
ff02292f-8eb8-543a-a453-d9e78eaf610e	chr2	145499215	145636412	5	5	0
ff02292f-8eb8-543a-a453-d9e78eaf610e	chr2	145638300	166484552	2	2	0
ff02292f-8eb8-543a-a453-d9e78eaf610e	chr2	166484725	166810869	5	3	2
ff02292f-8eb8-543a-a453-d9e78eaf610e	chr2	166813105	169769815	2	2	0
ff02292f-8eb8-543a-a453-d9e78eaf610e	chr2	169775418	169988903	2	1	1
ff02292f-8eb8-543a-a453-d9e78eaf610e	chr2	169992633	171283927	4	2	2
ff02292f-8eb8-543a-a453-d9e78eaf610e	chr2	171286099	176765880	2	2	0
ff02292f-8eb8-543a-a453-d9e78eaf610e	chr2	176766622	176778710	4	3	1
ff02292f-8eb8-543a-a453-d9e78eaf610e	chr2	176779138	185921431	2	2	0
ff02292f-8eb8-543a-a453-d9e78eaf610e	chr2	185925461	186054703	1	1	0
ff02292f-8eb8-543a-a453-d9e78eaf610e	chr2	186055545	189351777	2	2	0
ff02292f-8eb8-543a-a453-d9e78eaf610e	chr2	189352201	189822632	3	2	1
ff02292f-8eb8-543a-a453-d9e78eaf610e	chr2	189823119	211930508	2	2	0
ff02292f-8eb8-543a-a453-d9e78eaf610e	chr2	211933038	212027525	1	1	0
ff02292f-8eb8-543a-a453-d9e78eaf610e	chr2	212029016	242147305	2	2	0
ff02292f-8eb8-543a-a453-d9e78eaf610e	chr3	20930	10808115	2	2	0
ff02292f-8eb8-543a-a453-d9e78eaf610e	chr3	10810220	11767533	1	1	0
ff02292f-8eb8-543a-a453-d9e78eaf610e	chr3	11768481	93937051	2	2	0
ff02292f-8eb8-543a-a453-d9e78eaf610e	chr3	93948926	114388001	3	2	1
ff02292f-8eb8-543a-a453-d9e78eaf610e	chr3	114389940	114495518	2	1	1
ff02292f-8eb8-543a-a453-d9e78eaf610e	chr3	114495764	148740123	3	2	1
ff02292f-8eb8-543a-a453-d9e78eaf610e	chr3	148745514	148750959	6	4	2
ff02292f-8eb8-543a-a453-d9e78eaf610e	chr3	148751803	162790480	3	2	1
ff02292f-8eb8-543a-a453-d9e78eaf610e	chr3	162794869	162908207	10	10	0
ff02292f-8eb8-543a-a453-d9e78eaf610e	chr3	162908784	198169247	3	2	1
ff02292f-8eb8-543a-a453-d9e78eaf610e	chr4	68929	25725116	1	1	0
ff02292f-8eb8-543a-a453-d9e78eaf610e	chr4	25725620	98954499	2	1	1
ff02292f-8eb8-543a-a453-d9e78eaf610e	chr4	98954621	99646091	3	2	1
ff02292f-8eb8-543a-a453-d9e78eaf610e	chr4	99646303	190106768	2	1	1
ff02292f-8eb8-543a-a453-d9e78eaf610e	chr5	15532	142967	7	5	2
ff02292f-8eb8-543a-a453-d9e78eaf610e	chr5	145032	164078	5	3	2
ff02292f-8eb8-543a-a453-d9e78eaf610e	chr5	169787	8702410	3	2	1
ff02292f-8eb8-543a-a453-d9e78eaf610e	chr5	8702945	8725852	0	0	0
ff02292f-8eb8-543a-a453-d9e78eaf610e	chr5	8726039	9981436	3	2	1
ff02292f-8eb8-543a-a453-d9e78eaf610e	chr5	9982419	9990669	1	1	0
ff02292f-8eb8-543a-a453-d9e78eaf610e	chr5	9997086	22318181	3	2	1
ff02292f-8eb8-543a-a453-d9e78eaf610e	chr5	22320698	22493924	5	3	2
ff02292f-8eb8-543a-a453-d9e78eaf610e	chr5	22494358	22766930	3	2	1
ff02292f-8eb8-543a-a453-d9e78eaf610e	chr5	22770427	25683462	5	3	2
ff02292f-8eb8-543a-a453-d9e78eaf610e	chr5	25683502	28229960	6	3	3
ff02292f-8eb8-543a-a453-d9e78eaf610e	chr5	28230610	50163220	3	2	1
ff02292f-8eb8-543a-a453-d9e78eaf610e	chr5	50163701	57515236	2	2	0
ff02292f-8eb8-543a-a453-d9e78eaf610e	chr5	57517553	57647625	6	6	0
ff02292f-8eb8-543a-a453-d9e78eaf610e	chr5	57648085	181363319	2	2	0
ff02292f-8eb8-543a-a453-d9e78eaf610e	chr6	149661	5042912	3	3	0
ff02292f-8eb8-543a-a453-d9e78eaf610e	chr6	5043042	5106354	2	2	0
ff02292f-8eb8-543a-a453-d9e78eaf610e	chr6	5106665	10013772	3	3	0
ff02292f-8eb8-543a-a453-d9e78eaf610e	chr6	10014328	10155100	4	3	1
ff02292f-8eb8-543a-a453-d9e78eaf610e	chr6	10155424	18907205	3	3	0
ff02292f-8eb8-543a-a453-d9e78eaf610e	chr6	18908441	18928392	5	4	1
ff02292f-8eb8-543a-a453-d9e78eaf610e	chr6	18929418	29111504	3	3	0
ff02292f-8eb8-543a-a453-d9e78eaf610e	chr6	29116310	30353705	3	2	1
ff02292f-8eb8-543a-a453-d9e78eaf610e	chr6	30353955	44570402	3	3	0
ff02292f-8eb8-543a-a453-d9e78eaf610e	chr6	44571106	44692065	4	4	0
ff02292f-8eb8-543a-a453-d9e78eaf610e	chr6	44701803	44736955	2	2	0
ff02292f-8eb8-543a-a453-d9e78eaf610e	chr6	44737566	44893146	4	4	0
ff02292f-8eb8-543a-a453-d9e78eaf610e	chr6	44910328	45061315	11	11	0
ff02292f-8eb8-543a-a453-d9e78eaf610e	chr6	45068713	45812519	2	2	0
ff02292f-8eb8-543a-a453-d9e78eaf610e	chr6	45814288	60709007	3	3	0
ff02292f-8eb8-543a-a453-d9e78eaf610e	chr6	60710125	157574491	2	2	0
ff02292f-8eb8-543a-a453-d9e78eaf610e	chr6	157576940	157620251	4	4	0
ff02292f-8eb8-543a-a453-d9e78eaf610e	chr6	157620479	170741917	2	2	0
ff02292f-8eb8-543a-a453-d9e78eaf610e	chr7	43259	16711354	3	2	1
ff02292f-8eb8-543a-a453-d9e78eaf610e	chr7	16711617	16928833	5	3	2
ff02292f-8eb8-543a-a453-d9e78eaf610e	chr7	16928885	24985501	3	2	1
ff02292f-8eb8-543a-a453-d9e78eaf610e	chr7	24987040	27736275	6	3	3
ff02292f-8eb8-543a-a453-d9e78eaf610e	chr7	27736611	28358203	3	2	1
ff02292f-8eb8-543a-a453-d9e78eaf610e	chr7	28358263	29005750	4	2	2
ff02292f-8eb8-543a-a453-d9e78eaf610e	chr7	29006842	34242316	3	2	1
ff02292f-8eb8-543a-a453-d9e78eaf610e	chr7	34242750	34549805	5	3	2
ff02292f-8eb8-543a-a453-d9e78eaf610e	chr7	34555195	47154885	3	2	1
ff02292f-8eb8-543a-a453-d9e78eaf610e	chr7	47168324	47220077	5	4	1
ff02292f-8eb8-543a-a453-d9e78eaf610e	chr7	47220462	51958339	3	2	1
ff02292f-8eb8-543a-a453-d9e78eaf610e	chr7	51958899	51985136	8	5	3
ff02292f-8eb8-543a-a453-d9e78eaf610e	chr7	51985167	52079482	8	6	2
ff02292f-8eb8-543a-a453-d9e78eaf610e	chr7	52084780	52173000	6	3	3
ff02292f-8eb8-543a-a453-d9e78eaf610e	chr7	52173294	67986858	3	2	1
ff02292f-8eb8-543a-a453-d9e78eaf610e	chr7	67989485	70795063	2	1	1
ff02292f-8eb8-543a-a453-d9e78eaf610e	chr7	70797150	79273718	1	1	0
ff02292f-8eb8-543a-a453-d9e78eaf610e	chr7	79279670	81477308	2	1	1
ff02292f-8eb8-543a-a453-d9e78eaf610e	chr7	81481220	99849423	1	1	0
ff02292f-8eb8-543a-a453-d9e78eaf610e	chr7	99851563	126404920	2	1	1
ff02292f-8eb8-543a-a453-d9e78eaf610e	chr7	126405428	126406827	10	10	0
ff02292f-8eb8-543a-a453-d9e78eaf610e	chr7	126412712	137436496	2	1	1
ff02292f-8eb8-543a-a453-d9e78eaf610e	chr7	137437205	137933576	3	2	1
ff02292f-8eb8-543a-a453-d9e78eaf610e	chr7	137934529	145289382	2	1	1
ff02292f-8eb8-543a-a453-d9e78eaf610e	chr7	145289713	145519799	3	2	1
ff02292f-8eb8-543a-a453-d9e78eaf610e	chr7	145520627	159334314	2	1	1
ff02292f-8eb8-543a-a453-d9e78eaf610e	chr8	81254	25883760	4	2	2
ff02292f-8eb8-543a-a453-d9e78eaf610e	chr8	25883813	26360553	4	3	1
ff02292f-8eb8-543a-a453-d9e78eaf610e	chr8	26360759	41893781	4	2	2
ff02292f-8eb8-543a-a453-d9e78eaf610e	chr8	41894190	46196447	5	3	2
ff02292f-8eb8-543a-a453-d9e78eaf610e	chr8	46198853	82907201	4	3	1
ff02292f-8eb8-543a-a453-d9e78eaf610e	chr8	82908958	83823523	5	4	1
ff02292f-8eb8-543a-a453-d9e78eaf610e	chr8	83825137	88118754	4	3	1
ff02292f-8eb8-543a-a453-d9e78eaf610e	chr8	88118811	88385338	10	9	1
ff02292f-8eb8-543a-a453-d9e78eaf610e	chr8	88385408	89362010	7	6	1
ff02292f-8eb8-543a-a453-d9e78eaf610e	chr8	89365522	91806491	5	4	1
ff02292f-8eb8-543a-a453-d9e78eaf610e	chr8	91807597	93835984	4	3	1
ff02292f-8eb8-543a-a453-d9e78eaf610e	chr8	93836493	97424641	3	2	1
ff02292f-8eb8-543a-a453-d9e78eaf610e	chr8	97424677	98388286	4	3	1
ff02292f-8eb8-543a-a453-d9e78eaf610e	chr8	98389810	105543882	3	2	1
ff02292f-8eb8-543a-a453-d9e78eaf610e	chr8	105544265	106810920	4	3	1
ff02292f-8eb8-543a-a453-d9e78eaf610e	chr8	106811575	107701567	3	2	1
ff02292f-8eb8-543a-a453-d9e78eaf610e	chr8	107701993	107813250	10	8	2
ff02292f-8eb8-543a-a453-d9e78eaf610e	chr8	107813838	111187029	3	2	1
ff02292f-8eb8-543a-a453-d9e78eaf610e	chr8	111189030	111450207	5	4	1
ff02292f-8eb8-543a-a453-d9e78eaf610e	chr8	111451468	113935552	6	5	1
ff02292f-8eb8-543a-a453-d9e78eaf610e	chr8	113935960	118710858	7	6	1
ff02292f-8eb8-543a-a453-d9e78eaf610e	chr8	118711493	119403995	9	8	1
ff02292f-8eb8-543a-a453-d9e78eaf610e	chr8	119408516	121153493	7	6	1
ff02292f-8eb8-543a-a453-d9e78eaf610e	chr8	121161442	121828297	6	5	1
ff02292f-8eb8-543a-a453-d9e78eaf610e	chr8	121828473	125689970	4	3	1
ff02292f-8eb8-543a-a453-d9e78eaf610e	chr8	125692012	129005230	5	4	1
ff02292f-8eb8-543a-a453-d9e78eaf610e	chr8	129010267	129165645	9	8	1
ff02292f-8eb8-543a-a453-d9e78eaf610e	chr8	129166732	129390326	23	22	1
ff02292f-8eb8-543a-a453-d9e78eaf610e	chr8	129393035	129701335	10	9	1
ff02292f-8eb8-543a-a453-d9e78eaf610e	chr8	129701909	129774955	5	4	1
ff02292f-8eb8-543a-a453-d9e78eaf610e	chr8	129775474	137343085	3	2	1
ff02292f-8eb8-543a-a453-d9e78eaf610e	chr8	137343615	137524171	4	3	1
ff02292f-8eb8-543a-a453-d9e78eaf610e	chr8	137524963	145072769	3	2	1
ff02292f-8eb8-543a-a453-d9e78eaf610e	chr9	46587	15845916	6	3	3
ff02292f-8eb8-543a-a453-d9e78eaf610e	chr9	15847099	27248179	2	2	0
ff02292f-8eb8-543a-a453-d9e78eaf610e	chr9	27248191	27297303	1	1	0
ff02292f-8eb8-543a-a453-d9e78eaf610e	chr9	27297614	30865687	2	2	0
ff02292f-8eb8-543a-a453-d9e78eaf610e	chr9	30868165	34164377	5	3	2
ff02292f-8eb8-543a-a453-d9e78eaf610e	chr9	34166126	35145358	4	2	2
ff02292f-8eb8-543a-a453-d9e78eaf610e	chr9	35145644	37696903	5	3	2
ff02292f-8eb8-543a-a453-d9e78eaf610e	chr9	37697268	38456368	4	2	2
ff02292f-8eb8-543a-a453-d9e78eaf610e	chr9	38456843	41741113	5	3	2
ff02292f-8eb8-543a-a453-d9e78eaf610e	chr9	60863881	90796064	3	2	1
ff02292f-8eb8-543a-a453-d9e78eaf610e	chr9	90796236	90818032	1	1	0
ff02292f-8eb8-543a-a453-d9e78eaf610e	chr9	90819562	108852724	3	2	1
ff02292f-8eb8-543a-a453-d9e78eaf610e	chr9	108853374	108858906	1	1	0
ff02292f-8eb8-543a-a453-d9e78eaf610e	chr9	108859159	138200944	3	2	1
ff02292f-8eb8-543a-a453-d9e78eaf610e	chr10	45792	133654968	2	2	0
ff02292f-8eb8-543a-a453-d9e78eaf610e	chr11	198510	45942539	2	1	1
ff02292f-8eb8-543a-a453-d9e78eaf610e	chr11	45947110	46190860	1	1	0
ff02292f-8eb8-543a-a453-d9e78eaf610e	chr11	46199305	46294031	4	3	1
ff02292f-8eb8-543a-a453-d9e78eaf610e	chr11	46294392	55608804	2	1	1
ff02292f-8eb8-543a-a453-d9e78eaf610e	chr11	55609022	55674842	0	0	0
ff02292f-8eb8-543a-a453-d9e78eaf610e	chr11	55676735	61672788	2	1	1
ff02292f-8eb8-543a-a453-d9e78eaf610e	chr11	61675341	135074876	3	2	1
ff02292f-8eb8-543a-a453-d9e78eaf610e	chr12	51460	147894	2	2	0
ff02292f-8eb8-543a-a453-d9e78eaf610e	chr12	148345	53867683	2	1	1
ff02292f-8eb8-543a-a453-d9e78eaf610e	chr12	53867976	53893586	1	1	0
ff02292f-8eb8-543a-a453-d9e78eaf610e	chr12	53893661	116729180	2	1	1
ff02292f-8eb8-543a-a453-d9e78eaf610e	chr12	116733184	129451840	3	2	1
ff02292f-8eb8-543a-a453-d9e78eaf610e	chr12	129452024	133201603	2	1	1
ff02292f-8eb8-543a-a453-d9e78eaf610e	chr13	18452809	78444792	2	2	0
ff02292f-8eb8-543a-a453-d9e78eaf610e	chr13	78444981	78457653	3	3	0
ff02292f-8eb8-543a-a453-d9e78eaf610e	chr13	78457835	93685429	2	2	0
ff02292f-8eb8-543a-a453-d9e78eaf610e	chr13	93688130	93834329	1	1	0
ff02292f-8eb8-543a-a453-d9e78eaf610e	chr13	93835470	114342922	2	2	0
ff02292f-8eb8-543a-a453-d9e78eaf610e	chr14	18239283	30270001	2	2	0
ff02292f-8eb8-543a-a453-d9e78eaf610e	chr14	30271453	35855492	3	2	1
ff02292f-8eb8-543a-a453-d9e78eaf610e	chr14	35855824	61945966	2	2	0
ff02292f-8eb8-543a-a453-d9e78eaf610e	chr14	61951667	62036274	6	3	3
ff02292f-8eb8-543a-a453-d9e78eaf610e	chr14	62037163	62311064	3	2	1
ff02292f-8eb8-543a-a453-d9e78eaf610e	chr14	62312452	106877229	2	2	0
ff02292f-8eb8-543a-a453-d9e78eaf610e	chr15	19811075	68477974	2	2	0
ff02292f-8eb8-543a-a453-d9e78eaf610e	chr15	68479838	68611070	4	4	0
ff02292f-8eb8-543a-a453-d9e78eaf610e	chr15	68611455	101928837	2	2	0
ff02292f-8eb8-543a-a453-d9e78eaf610e	chr16	10777	6488985	2	2	0
ff02292f-8eb8-543a-a453-d9e78eaf610e	chr16	6497043	6551190	0	0	0
ff02292f-8eb8-543a-a453-d9e78eaf610e	chr16	6552033	15953470	2	2	0
ff02292f-8eb8-543a-a453-d9e78eaf610e	chr16	15955776	16931992	5	3	2
ff02292f-8eb8-543a-a453-d9e78eaf610e	chr16	16934201	23146266	2	2	0
ff02292f-8eb8-543a-a453-d9e78eaf610e	chr16	23152133	23242976	3	2	1
ff02292f-8eb8-543a-a453-d9e78eaf610e	chr16	23243756	23809102	2	2	0
ff02292f-8eb8-543a-a453-d9e78eaf610e	chr16	23811027	23947650	6	3	3
ff02292f-8eb8-543a-a453-d9e78eaf610e	chr16	23948099	24354356	4	2	2
ff02292f-8eb8-543a-a453-d9e78eaf610e	chr16	24355041	25080089	6	4	2
ff02292f-8eb8-543a-a453-d9e78eaf610e	chr16	25080798	25923857	4	2	2
ff02292f-8eb8-543a-a453-d9e78eaf610e	chr16	25923867	69814818	2	2	0
ff02292f-8eb8-543a-a453-d9e78eaf610e	chr16	69814869	69917095	6	6	0
ff02292f-8eb8-543a-a453-d9e78eaf610e	chr16	69918754	77579053	2	2	0
ff02292f-8eb8-543a-a453-d9e78eaf610e	chr16	77579476	77709825	3	3	0
ff02292f-8eb8-543a-a453-d9e78eaf610e	chr16	77709861	90096867	2	2	0
ff02292f-8eb8-543a-a453-d9e78eaf610e	chr17	150733	7639341	2	2	0
ff02292f-8eb8-543a-a453-d9e78eaf610e	chr17	7643486	7690621	0	0	0
ff02292f-8eb8-543a-a453-d9e78eaf610e	chr17	7693809	7815263	2	2	0
ff02292f-8eb8-543a-a453-d9e78eaf610e	chr17	7815398	52788878	3	2	1
ff02292f-8eb8-543a-a453-d9e78eaf610e	chr17	52789077	52990499	1	1	0
ff02292f-8eb8-543a-a453-d9e78eaf610e	chr17	52994374	83091923	3	2	1
ff02292f-8eb8-543a-a453-d9e78eaf610e	chr18	48133	23502210	3	2	1
ff02292f-8eb8-543a-a453-d9e78eaf610e	chr18	23509954	24819722	4	2	2
ff02292f-8eb8-543a-a453-d9e78eaf610e	chr18	24821094	25070612	5	3	2
ff02292f-8eb8-543a-a453-d9e78eaf610e	chr18	25076912	25300108	2	2	0
ff02292f-8eb8-543a-a453-d9e78eaf610e	chr18	25300609	26163446	3	2	1
ff02292f-8eb8-543a-a453-d9e78eaf610e	chr18	26165965	26667844	5	3	2
ff02292f-8eb8-543a-a453-d9e78eaf610e	chr18	26670001	26806052	2	2	0
ff02292f-8eb8-543a-a453-d9e78eaf610e	chr18	26809264	27672312	4	2	2
ff02292f-8eb8-543a-a453-d9e78eaf610e	chr18	27672405	28634302	5	3	2
ff02292f-8eb8-543a-a453-d9e78eaf610e	chr18	28635066	28665713	2	2	0
ff02292f-8eb8-543a-a453-d9e78eaf610e	chr18	28666087	28701762	4	2	2
ff02292f-8eb8-543a-a453-d9e78eaf610e	chr18	28701906	48411824	2	2	0
ff02292f-8eb8-543a-a453-d9e78eaf610e	chr18	48414551	48516090	6	6	0
ff02292f-8eb8-543a-a453-d9e78eaf610e	chr18	48517251	80257174	2	2	0
ff02292f-8eb8-543a-a453-d9e78eaf610e	chr19	90910	5931293	3	3	0
ff02292f-8eb8-543a-a453-d9e78eaf610e	chr19	5932914	6597577	4	3	1
ff02292f-8eb8-543a-a453-d9e78eaf610e	chr19	6598993	6965018	3	3	0
ff02292f-8eb8-543a-a453-d9e78eaf610e	chr19	6969846	7838056	4	3	1
ff02292f-8eb8-543a-a453-d9e78eaf610e	chr19	7838420	9781435	5	3	2
ff02292f-8eb8-543a-a453-d9e78eaf610e	chr19	9785093	10545128	4	3	1
ff02292f-8eb8-543a-a453-d9e78eaf610e	chr19	10545766	12905232	3	3	0
ff02292f-8eb8-543a-a453-d9e78eaf610e	chr19	12906995	13144465	8	8	0
ff02292f-8eb8-543a-a453-d9e78eaf610e	chr19	13148543	29707558	3	3	0
ff02292f-8eb8-543a-a453-d9e78eaf610e	chr19	29708758	31382322	4	3	1
ff02292f-8eb8-543a-a453-d9e78eaf610e	chr19	31382877	31408965	5	4	1
ff02292f-8eb8-543a-a453-d9e78eaf610e	chr19	31409102	35615833	3	3	0
ff02292f-8eb8-543a-a453-d9e78eaf610e	chr19	35615903	36556570	4	3	1
ff02292f-8eb8-543a-a453-d9e78eaf610e	chr19	36557215	51626613	3	3	0
ff02292f-8eb8-543a-a453-d9e78eaf610e	chr19	51627084	52434878	4	3	1
ff02292f-8eb8-543a-a453-d9e78eaf610e	chr19	52437335	54426378	3	3	0
ff02292f-8eb8-543a-a453-d9e78eaf610e	chr19	54426455	54819199	4	3	1
ff02292f-8eb8-543a-a453-d9e78eaf610e	chr19	54822372	58586487	3	3	0
ff02292f-8eb8-543a-a453-d9e78eaf610e	chr20	80664	15514914	3	2	1
ff02292f-8eb8-543a-a453-d9e78eaf610e	chr20	15515663	16115442	6	3	3
ff02292f-8eb8-543a-a453-d9e78eaf610e	chr20	16115685	17427766	3	2	1
ff02292f-8eb8-543a-a453-d9e78eaf610e	chr20	17427858	23407179	4	2	2
ff02292f-8eb8-543a-a453-d9e78eaf610e	chr20	23407309	53312169	3	2	1
ff02292f-8eb8-543a-a453-d9e78eaf610e	chr20	53312276	53323363	1	1	0
ff02292f-8eb8-543a-a453-d9e78eaf610e	chr20	53328122	64324800	3	2	1
ff02292f-8eb8-543a-a453-d9e78eaf610e	chr21	12973348	14945798	3	2	1
ff02292f-8eb8-543a-a453-d9e78eaf610e	chr21	14945905	41531260	6	3	3
ff02292f-8eb8-543a-a453-d9e78eaf610e	chr21	41532857	46016413	5	3	2
ff02292f-8eb8-543a-a453-d9e78eaf610e	chr21	46021401	46096437	8	6	2
ff02292f-8eb8-543a-a453-d9e78eaf610e	chr21	46099112	46677045	5	3	2
ff02292f-8eb8-543a-a453-d9e78eaf610e	chr22	16392123	17236923	1	1	0
ff02292f-8eb8-543a-a453-d9e78eaf610e	chr22	17237779	50233028	2	2	0
ff02292f-8eb8-543a-a453-d9e78eaf610e	chr22	50233043	50796027	3	2	1
ff02292f-8eb8-543a-a453-d9e78eaf610e	chrX	251810	621450	2	2	0
ff02292f-8eb8-543a-a453-d9e78eaf610e	chrX	638559	1006176	3	2	1
ff02292f-8eb8-543a-a453-d9e78eaf610e	chrX	1007312	1420939	4	2	2
ff02292f-8eb8-543a-a453-d9e78eaf610e	chrX	1425946	1478856	2	1	1
ff02292f-8eb8-543a-a453-d9e78eaf610e	chrX	1479705	1774322	3	2	1
ff02292f-8eb8-543a-a453-d9e78eaf610e	chrX	1779555	1923307	5	3	2
ff02292f-8eb8-543a-a453-d9e78eaf610e	chrX	1938120	2735872	3	2	1
ff02292f-8eb8-543a-a453-d9e78eaf610e	chrX	2738809	2785914	4	2	2
ff02292f-8eb8-543a-a453-d9e78eaf610e	chrX	2788903	22489937	1	1	0
ff02292f-8eb8-543a-a453-d9e78eaf610e	chrX	22490071	22743343	2	2	0
ff02292f-8eb8-543a-a453-d9e78eaf610e	chrX	22745346	58454123	1	1	0
ff02292f-8eb8-543a-a453-d9e78eaf610e	chrX	58469511	108868201	0	0	0
ff02292f-8eb8-543a-a453-d9e78eaf610e	chrX	108869357	108901755	2	1	1
ff02292f-8eb8-543a-a453-d9e78eaf610e	chrX	108909204	109367503	2	2	0
ff02292f-8eb8-543a-a453-d9e78eaf610e	chrX	109370698	109403705	1	1	0
ff02292f-8eb8-543a-a453-d9e78eaf610e	chrX	109405116	153433297	0	0	0
ff02292f-8eb8-543a-a453-d9e78eaf610e	chrX	153434224	153561294	1	1	0
ff02292f-8eb8-543a-a453-d9e78eaf610e	chrX	153563127	155559522	0	0	0
ff02292f-8eb8-543a-a453-d9e78eaf610e	chrX	155559835	156004181	1	1	0
ff02292f-8eb8-543a-a453-d9e78eaf610e	chrY	2782397	3909669	3	2	1
ff02292f-8eb8-543a-a453-d9e78eaf610e	chrY	3909883	4444801	0	0	0
ff02292f-8eb8-543a-a453-d9e78eaf610e	chrY	4455985	26653788	2	1	1
ff02292f-8eb8-543a-a453-d9e78eaf610e	chrY	56872112	56872112	4	4	0
