GDC_Aliquot	Chromosome	Start	End	Copy_Number	Major_Copy_Number	Minor_Copy_Number
d6386fbe-ce13-5efc-acec-5b793de3af72	chr1	62920	18848253	1	1	0
d6386fbe-ce13-5efc-acec-5b793de3af72	chr1	18852610	21891873	2	1	1
d6386fbe-ce13-5efc-acec-5b793de3af72	chr1	21894117	22298018	3	2	1
d6386fbe-ce13-5efc-acec-5b793de3af72	chr1	22298753	24522016	2	1	1
d6386fbe-ce13-5efc-acec-5b793de3af72	chr1	24522750	28665360	1	1	0
d6386fbe-ce13-5efc-acec-5b793de3af72	chr1	28665596	67952295	2	1	1
d6386fbe-ce13-5efc-acec-5b793de3af72	chr1	67955386	67988251	3	2	1
d6386fbe-ce13-5efc-acec-5b793de3af72	chr1	67996564	112147704	2	1	1
d6386fbe-ce13-5efc-acec-5b793de3af72	chr1	112153052	112154768	0	0	0
d6386fbe-ce13-5efc-acec-5b793de3af72	chr1	112163334	121705338	2	1	1
d6386fbe-ce13-5efc-acec-5b793de3af72	chr1	143541857	148306539	5	3	2
d6386fbe-ce13-5efc-acec-5b793de3af72	chr1	148311356	152787202	4	2	2
d6386fbe-ce13-5efc-acec-5b793de3af72	chr1	152789447	152796224	0	0	0
d6386fbe-ce13-5efc-acec-5b793de3af72	chr1	152801429	161954620	4	2	2
d6386fbe-ce13-5efc-acec-5b793de3af72	chr1	161954959	163322250	4	3	1
d6386fbe-ce13-5efc-acec-5b793de3af72	chr1	163322427	164164457	10	8	2
d6386fbe-ce13-5efc-acec-5b793de3af72	chr1	164165478	170865315	4	2	2
d6386fbe-ce13-5efc-acec-5b793de3af72	chr1	170866621	172709727	7	6	1
d6386fbe-ce13-5efc-acec-5b793de3af72	chr1	172709989	173642500	10	9	1
d6386fbe-ce13-5efc-acec-5b793de3af72	chr1	173642945	174121478	4	3	1
d6386fbe-ce13-5efc-acec-5b793de3af72	chr1	174121761	175658599	2	1	1
d6386fbe-ce13-5efc-acec-5b793de3af72	chr1	175658922	175664381	3	3	0
d6386fbe-ce13-5efc-acec-5b793de3af72	chr1	175664777	176448578	4	2	2
d6386fbe-ce13-5efc-acec-5b793de3af72	chr1	176449432	177221550	2	1	1
d6386fbe-ce13-5efc-acec-5b793de3af72	chr1	177223045	178716808	4	2	2
d6386fbe-ce13-5efc-acec-5b793de3af72	chr1	178716821	179228599	6	5	1
d6386fbe-ce13-5efc-acec-5b793de3af72	chr1	179228634	181483121	3	2	1
d6386fbe-ce13-5efc-acec-5b793de3af72	chr1	181484769	200244662	1	1	0
d6386fbe-ce13-5efc-acec-5b793de3af72	chr1	200249853	200293269	0	0	0
d6386fbe-ce13-5efc-acec-5b793de3af72	chr1	200293995	214785645	1	1	0
d6386fbe-ce13-5efc-acec-5b793de3af72	chr1	214786424	214911272	2	2	0
d6386fbe-ce13-5efc-acec-5b793de3af72	chr1	214911767	223018675	1	1	0
d6386fbe-ce13-5efc-acec-5b793de3af72	chr1	223019483	223326430	2	1	1
d6386fbe-ce13-5efc-acec-5b793de3af72	chr1	223328916	223863935	1	1	0
d6386fbe-ce13-5efc-acec-5b793de3af72	chr1	223865016	224096859	3	2	1
d6386fbe-ce13-5efc-acec-5b793de3af72	chr1	224099721	224876110	1	1	0
d6386fbe-ce13-5efc-acec-5b793de3af72	chr1	224876237	225132806	4	3	1
d6386fbe-ce13-5efc-acec-5b793de3af72	chr1	225137148	227449298	1	1	0
d6386fbe-ce13-5efc-acec-5b793de3af72	chr1	227449391	228422190	4	3	1
d6386fbe-ce13-5efc-acec-5b793de3af72	chr1	228425137	232409037	1	1	0
d6386fbe-ce13-5efc-acec-5b793de3af72	chr1	232409057	232605331	4	2	2
d6386fbe-ce13-5efc-acec-5b793de3af72	chr1	232606280	233756740	1	1	0
d6386fbe-ce13-5efc-acec-5b793de3af72	chr1	233756901	233841949	4	2	2
d6386fbe-ce13-5efc-acec-5b793de3af72	chr1	233845850	234128129	1	1	0
d6386fbe-ce13-5efc-acec-5b793de3af72	chr1	234128151	234367623	2	1	1
d6386fbe-ce13-5efc-acec-5b793de3af72	chr1	234374516	235300071	1	1	0
d6386fbe-ce13-5efc-acec-5b793de3af72	chr1	235303249	235421416	2	1	1
d6386fbe-ce13-5efc-acec-5b793de3af72	chr1	235423016	236298060	1	1	0
d6386fbe-ce13-5efc-acec-5b793de3af72	chr1	236300898	236528858	3	2	1
d6386fbe-ce13-5efc-acec-5b793de3af72	chr1	236531190	237149006	1	1	0
d6386fbe-ce13-5efc-acec-5b793de3af72	chr1	237149713	237458510	3	2	1
d6386fbe-ce13-5efc-acec-5b793de3af72	chr1	237461669	237742042	1	1	0
d6386fbe-ce13-5efc-acec-5b793de3af72	chr1	237742121	238227855	2	1	1
d6386fbe-ce13-5efc-acec-5b793de3af72	chr1	238228049	238310884	5	4	1
d6386fbe-ce13-5efc-acec-5b793de3af72	chr1	238311157	238361460	1	1	0
d6386fbe-ce13-5efc-acec-5b793de3af72	chr1	238363831	238849135	2	1	1
d6386fbe-ce13-5efc-acec-5b793de3af72	chr1	238849655	239157913	4	2	2
d6386fbe-ce13-5efc-acec-5b793de3af72	chr1	239158187	240196352	1	1	0
d6386fbe-ce13-5efc-acec-5b793de3af72	chr1	240196819	240271213	2	1	1
d6386fbe-ce13-5efc-acec-5b793de3af72	chr1	240271280	240308321	6	3	3
d6386fbe-ce13-5efc-acec-5b793de3af72	chr1	240309245	240663789	3	2	1
d6386fbe-ce13-5efc-acec-5b793de3af72	chr1	240669461	240689325	1	1	0
d6386fbe-ce13-5efc-acec-5b793de3af72	chr1	240693223	241233352	4	2	2
d6386fbe-ce13-5efc-acec-5b793de3af72	chr1	241233990	241476388	1	1	0
d6386fbe-ce13-5efc-acec-5b793de3af72	chr1	241476754	241580784	2	1	1
d6386fbe-ce13-5efc-acec-5b793de3af72	chr1	241586760	242094476	1	1	0
d6386fbe-ce13-5efc-acec-5b793de3af72	chr1	242095687	242458076	2	1	1
d6386fbe-ce13-5efc-acec-5b793de3af72	chr1	242464263	242532337	1	1	0
d6386fbe-ce13-5efc-acec-5b793de3af72	chr1	242532474	243565586	2	1	1
d6386fbe-ce13-5efc-acec-5b793de3af72	chr1	243568895	243586678	5	4	1
d6386fbe-ce13-5efc-acec-5b793de3af72	chr1	243586829	248930189	1	1	0
d6386fbe-ce13-5efc-acec-5b793de3af72	chr2	12784	2868706	2	1	1
d6386fbe-ce13-5efc-acec-5b793de3af72	chr2	2868856	2871612	5	3	2
d6386fbe-ce13-5efc-acec-5b793de3af72	chr2	2872312	3759921	2	1	1
d6386fbe-ce13-5efc-acec-5b793de3af72	chr2	3762265	3773662	4	2	2
d6386fbe-ce13-5efc-acec-5b793de3af72	chr2	3776231	18107883	2	1	1
d6386fbe-ce13-5efc-acec-5b793de3af72	chr2	18110122	22738850	1	1	0
d6386fbe-ce13-5efc-acec-5b793de3af72	chr2	22740926	39506709	2	1	1
d6386fbe-ce13-5efc-acec-5b793de3af72	chr2	39506882	47567996	3	2	1
d6386fbe-ce13-5efc-acec-5b793de3af72	chr2	47568711	50749033	2	1	1
d6386fbe-ce13-5efc-acec-5b793de3af72	chr2	50749321	54854726	3	2	1
d6386fbe-ce13-5efc-acec-5b793de3af72	chr2	54855012	85148553	2	1	1
d6386fbe-ce13-5efc-acec-5b793de3af72	chr2	85153189	95754013	3	2	1
d6386fbe-ce13-5efc-acec-5b793de3af72	chr2	95754731	149746553	2	1	1
d6386fbe-ce13-5efc-acec-5b793de3af72	chr2	149746710	149751614	5	3	2
d6386fbe-ce13-5efc-acec-5b793de3af72	chr2	149753407	203431240	2	1	1
d6386fbe-ce13-5efc-acec-5b793de3af72	chr2	203433781	211141941	1	1	0
d6386fbe-ce13-5efc-acec-5b793de3af72	chr2	211142679	212945560	2	1	1
d6386fbe-ce13-5efc-acec-5b793de3af72	chr2	212947701	242147305	1	1	0
d6386fbe-ce13-5efc-acec-5b793de3af72	chr3	20930	1884421	1	1	0
d6386fbe-ce13-5efc-acec-5b793de3af72	chr3	1884603	1893653	5	3	2
d6386fbe-ce13-5efc-acec-5b793de3af72	chr3	1893996	41574354	2	1	1
d6386fbe-ce13-5efc-acec-5b793de3af72	chr3	41575890	62050148	1	1	0
d6386fbe-ce13-5efc-acec-5b793de3af72	chr3	62050159	70024626	2	1	1
d6386fbe-ce13-5efc-acec-5b793de3af72	chr3	70024711	71883545	1	1	0
d6386fbe-ce13-5efc-acec-5b793de3af72	chr3	71885506	96584623	2	1	1
d6386fbe-ce13-5efc-acec-5b793de3af72	chr3	96585044	117285954	1	1	0
d6386fbe-ce13-5efc-acec-5b793de3af72	chr3	117286094	117386493	4	3	1
d6386fbe-ce13-5efc-acec-5b793de3af72	chr3	117388691	162790480	1	1	0
d6386fbe-ce13-5efc-acec-5b793de3af72	chr3	162794869	162908207	6	6	0
d6386fbe-ce13-5efc-acec-5b793de3af72	chr3	162908784	173096308	2	1	1
d6386fbe-ce13-5efc-acec-5b793de3af72	chr3	173096605	194980425	1	1	0
d6386fbe-ce13-5efc-acec-5b793de3af72	chr3	194981108	195060020	2	1	1
d6386fbe-ce13-5efc-acec-5b793de3af72	chr3	195060592	198169247	1	1	0
d6386fbe-ce13-5efc-acec-5b793de3af72	chr4	68929	54539495	1	1	0
d6386fbe-ce13-5efc-acec-5b793de3af72	chr4	54541595	55185978	2	1	1
d6386fbe-ce13-5efc-acec-5b793de3af72	chr4	55186662	107939750	1	1	0
d6386fbe-ce13-5efc-acec-5b793de3af72	chr4	107939822	108021450	2	1	1
d6386fbe-ce13-5efc-acec-5b793de3af72	chr4	108021566	114252544	1	1	0
d6386fbe-ce13-5efc-acec-5b793de3af72	chr4	114254167	114263234	4	4	0
d6386fbe-ce13-5efc-acec-5b793de3af72	chr4	114264667	131633892	1	1	0
d6386fbe-ce13-5efc-acec-5b793de3af72	chr4	131635003	133401444	3	2	1
d6386fbe-ce13-5efc-acec-5b793de3af72	chr4	133411396	134336566	1	1	0
d6386fbe-ce13-5efc-acec-5b793de3af72	chr4	134337013	134818993	3	2	1
d6386fbe-ce13-5efc-acec-5b793de3af72	chr4	134820877	135726067	1	1	0
d6386fbe-ce13-5efc-acec-5b793de3af72	chr4	135727348	136766836	3	2	1
d6386fbe-ce13-5efc-acec-5b793de3af72	chr4	136766916	143707283	2	1	1
d6386fbe-ce13-5efc-acec-5b793de3af72	chr4	143711942	143767301	3	2	1
d6386fbe-ce13-5efc-acec-5b793de3af72	chr4	143768423	143985015	4	3	1
d6386fbe-ce13-5efc-acec-5b793de3af72	chr4	143986961	145341661	2	1	1
d6386fbe-ce13-5efc-acec-5b793de3af72	chr4	145345610	148833533	1	1	0
d6386fbe-ce13-5efc-acec-5b793de3af72	chr4	148841023	155350547	2	1	1
d6386fbe-ce13-5efc-acec-5b793de3af72	chr4	155355496	160846216	3	2	1
d6386fbe-ce13-5efc-acec-5b793de3af72	chr4	160846662	161983809	1	1	0
d6386fbe-ce13-5efc-acec-5b793de3af72	chr4	161983836	163143038	2	1	1
d6386fbe-ce13-5efc-acec-5b793de3af72	chr4	163143667	190106768	1	1	0
d6386fbe-ce13-5efc-acec-5b793de3af72	chr5	15532	30849231	1	1	0
d6386fbe-ce13-5efc-acec-5b793de3af72	chr5	30853136	32817470	2	2	0
d6386fbe-ce13-5efc-acec-5b793de3af72	chr5	32818451	142672956	1	1	0
d6386fbe-ce13-5efc-acec-5b793de3af72	chr5	142674690	142685741	3	3	0
d6386fbe-ce13-5efc-acec-5b793de3af72	chr5	142685759	181363319	1	1	0
d6386fbe-ce13-5efc-acec-5b793de3af72	chr6	149661	24867852	3	2	1
d6386fbe-ce13-5efc-acec-5b793de3af72	chr6	24868683	39088374	2	1	1
d6386fbe-ce13-5efc-acec-5b793de3af72	chr6	39092800	42187763	3	2	1
d6386fbe-ce13-5efc-acec-5b793de3af72	chr6	42191197	42723539	2	1	1
d6386fbe-ce13-5efc-acec-5b793de3af72	chr6	42724882	60683028	3	2	1
d6386fbe-ce13-5efc-acec-5b793de3af72	chr6	60683817	67518319	2	1	1
d6386fbe-ce13-5efc-acec-5b793de3af72	chr6	67518515	103280350	1	1	0
d6386fbe-ce13-5efc-acec-5b793de3af72	chr6	103282618	103314157	4	4	0
d6386fbe-ce13-5efc-acec-5b793de3af72	chr6	103314174	106804007	1	1	0
d6386fbe-ce13-5efc-acec-5b793de3af72	chr6	106804196	106821816	3	2	1
d6386fbe-ce13-5efc-acec-5b793de3af72	chr6	106823342	122362295	1	1	0
d6386fbe-ce13-5efc-acec-5b793de3af72	chr6	122362886	122382365	3	3	0
d6386fbe-ce13-5efc-acec-5b793de3af72	chr6	122387541	140707412	1	1	0
d6386fbe-ce13-5efc-acec-5b793de3af72	chr6	140708098	144344139	2	1	1
d6386fbe-ce13-5efc-acec-5b793de3af72	chr6	144347058	158952848	1	1	0
d6386fbe-ce13-5efc-acec-5b793de3af72	chr6	158959352	158993071	0	0	0
d6386fbe-ce13-5efc-acec-5b793de3af72	chr6	158994702	170415622	1	1	0
d6386fbe-ce13-5efc-acec-5b793de3af72	chr6	170416099	170741917	2	1	1
d6386fbe-ce13-5efc-acec-5b793de3af72	chr7	43259	8414051	2	2	0
d6386fbe-ce13-5efc-acec-5b793de3af72	chr7	8414265	8952743	1	1	0
d6386fbe-ce13-5efc-acec-5b793de3af72	chr7	8952899	41430495	2	2	0
d6386fbe-ce13-5efc-acec-5b793de3af72	chr7	41431159	41439793	4	4	0
d6386fbe-ce13-5efc-acec-5b793de3af72	chr7	41441989	45186123	2	2	0
d6386fbe-ce13-5efc-acec-5b793de3af72	chr7	45186189	47057928	1	1	0
d6386fbe-ce13-5efc-acec-5b793de3af72	chr7	47058647	65735810	2	2	0
d6386fbe-ce13-5efc-acec-5b793de3af72	chr7	65737334	70683500	1	1	0
d6386fbe-ce13-5efc-acec-5b793de3af72	chr7	70683690	70766084	0	0	0
d6386fbe-ce13-5efc-acec-5b793de3af72	chr7	70766663	78997270	1	1	0
d6386fbe-ce13-5efc-acec-5b793de3af72	chr7	78997790	97978742	2	2	0
d6386fbe-ce13-5efc-acec-5b793de3af72	chr7	97980054	110387667	1	1	0
d6386fbe-ce13-5efc-acec-5b793de3af72	chr7	110387755	134100981	2	2	0
d6386fbe-ce13-5efc-acec-5b793de3af72	chr7	134100986	134102334	0	0	0
d6386fbe-ce13-5efc-acec-5b793de3af72	chr7	134104128	135185657	2	2	0
d6386fbe-ce13-5efc-acec-5b793de3af72	chr7	135185695	135196685	1	1	0
d6386fbe-ce13-5efc-acec-5b793de3af72	chr7	135197671	144462577	2	2	0
d6386fbe-ce13-5efc-acec-5b793de3af72	chr7	144462625	147948092	1	1	0
d6386fbe-ce13-5efc-acec-5b793de3af72	chr7	147952103	156279358	2	2	0
d6386fbe-ce13-5efc-acec-5b793de3af72	chr7	156280550	157921234	1	1	0
d6386fbe-ce13-5efc-acec-5b793de3af72	chr7	157921387	159334314	2	2	0
d6386fbe-ce13-5efc-acec-5b793de3af72	chr8	81254	2641345	2	1	1
d6386fbe-ce13-5efc-acec-5b793de3af72	chr8	2643518	2917070	1	1	0
d6386fbe-ce13-5efc-acec-5b793de3af72	chr8	2917116	4078284	2	1	1
d6386fbe-ce13-5efc-acec-5b793de3af72	chr8	4079337	4751248	3	2	1
d6386fbe-ce13-5efc-acec-5b793de3af72	chr8	4751690	13433164	2	1	1
d6386fbe-ce13-5efc-acec-5b793de3af72	chr8	13434326	16281128	1	1	0
d6386fbe-ce13-5efc-acec-5b793de3af72	chr8	16283945	24597469	2	1	1
d6386fbe-ce13-5efc-acec-5b793de3af72	chr8	24597624	34426493	1	1	0
d6386fbe-ce13-5efc-acec-5b793de3af72	chr8	34427047	34439632	2	2	0
d6386fbe-ce13-5efc-acec-5b793de3af72	chr8	34444881	52282069	1	1	0
d6386fbe-ce13-5efc-acec-5b793de3af72	chr8	52285462	53394636	2	2	0
d6386fbe-ce13-5efc-acec-5b793de3af72	chr8	53394713	54720880	1	1	0
d6386fbe-ce13-5efc-acec-5b793de3af72	chr8	54721047	55581379	2	2	0
d6386fbe-ce13-5efc-acec-5b793de3af72	chr8	55581485	56109122	1	1	0
d6386fbe-ce13-5efc-acec-5b793de3af72	chr8	56109498	57800060	2	2	0
d6386fbe-ce13-5efc-acec-5b793de3af72	chr8	57800871	59975260	1	1	0
d6386fbe-ce13-5efc-acec-5b793de3af72	chr8	59977744	62195563	2	2	0
d6386fbe-ce13-5efc-acec-5b793de3af72	chr8	62197100	63118114	4	4	0
d6386fbe-ce13-5efc-acec-5b793de3af72	chr8	63118599	64426424	2	2	0
d6386fbe-ce13-5efc-acec-5b793de3af72	chr8	64431313	65109354	3	3	0
d6386fbe-ce13-5efc-acec-5b793de3af72	chr8	65112688	70141285	2	2	0
d6386fbe-ce13-5efc-acec-5b793de3af72	chr8	70142104	70433767	1	1	0
d6386fbe-ce13-5efc-acec-5b793de3af72	chr8	70436241	71849823	2	1	1
d6386fbe-ce13-5efc-acec-5b793de3af72	chr8	71852339	77682953	1	1	0
d6386fbe-ce13-5efc-acec-5b793de3af72	chr8	77685022	81873085	2	2	0
d6386fbe-ce13-5efc-acec-5b793de3af72	chr8	81875974	82643488	1	1	0
d6386fbe-ce13-5efc-acec-5b793de3af72	chr8	82644880	92753488	2	2	0
d6386fbe-ce13-5efc-acec-5b793de3af72	chr8	92756871	93519061	1	1	0
d6386fbe-ce13-5efc-acec-5b793de3af72	chr8	93519474	94486914	2	2	0
d6386fbe-ce13-5efc-acec-5b793de3af72	chr8	94490561	95206819	3	3	0
d6386fbe-ce13-5efc-acec-5b793de3af72	chr8	95208894	100345601	2	2	0
d6386fbe-ce13-5efc-acec-5b793de3af72	chr8	100345748	102467192	3	3	0
d6386fbe-ce13-5efc-acec-5b793de3af72	chr8	102468526	103273428	4	4	0
d6386fbe-ce13-5efc-acec-5b793de3af72	chr8	103275617	104369054	3	3	0
d6386fbe-ce13-5efc-acec-5b793de3af72	chr8	104374222	110067381	5	5	0
d6386fbe-ce13-5efc-acec-5b793de3af72	chr8	110067454	116100141	7	6	1
d6386fbe-ce13-5efc-acec-5b793de3af72	chr8	116107898	116808801	8	6	2
d6386fbe-ce13-5efc-acec-5b793de3af72	chr8	116810978	117317789	5	4	1
d6386fbe-ce13-5efc-acec-5b793de3af72	chr8	117318205	119700371	7	5	2
d6386fbe-ce13-5efc-acec-5b793de3af72	chr8	119700439	121447355	5	4	1
d6386fbe-ce13-5efc-acec-5b793de3af72	chr8	121454619	122813737	6	5	1
d6386fbe-ce13-5efc-acec-5b793de3af72	chr8	122817690	123520922	5	4	1
d6386fbe-ce13-5efc-acec-5b793de3af72	chr8	123521508	126992905	6	5	1
d6386fbe-ce13-5efc-acec-5b793de3af72	chr8	126993002	127429378	8	7	1
d6386fbe-ce13-5efc-acec-5b793de3af72	chr8	127429607	128702095	6	4	2
d6386fbe-ce13-5efc-acec-5b793de3af72	chr8	128702258	129209789	5	4	1
d6386fbe-ce13-5efc-acec-5b793de3af72	chr8	129210064	130951300	4	3	1
d6386fbe-ce13-5efc-acec-5b793de3af72	chr8	130954420	132460101	1	1	0
d6386fbe-ce13-5efc-acec-5b793de3af72	chr8	132460115	132888007	5	4	1
d6386fbe-ce13-5efc-acec-5b793de3af72	chr8	132888216	132943505	1	1	0
d6386fbe-ce13-5efc-acec-5b793de3af72	chr8	132943592	137452201	4	3	1
d6386fbe-ce13-5efc-acec-5b793de3af72	chr8	137452605	137644855	6	5	1
d6386fbe-ce13-5efc-acec-5b793de3af72	chr8	137645145	138016714	4	3	1
d6386fbe-ce13-5efc-acec-5b793de3af72	chr8	138016848	138420437	1	1	0
d6386fbe-ce13-5efc-acec-5b793de3af72	chr8	138422226	138968891	4	3	1
d6386fbe-ce13-5efc-acec-5b793de3af72	chr8	138970754	141566354	1	1	0
d6386fbe-ce13-5efc-acec-5b793de3af72	chr8	141566973	145072769	2	1	1
d6386fbe-ce13-5efc-acec-5b793de3af72	chr9	46587	41741113	2	1	1
d6386fbe-ce13-5efc-acec-5b793de3af72	chr9	60863881	78481687	1	1	0
d6386fbe-ce13-5efc-acec-5b793de3af72	chr9	78481719	83149231	3	2	1
d6386fbe-ce13-5efc-acec-5b793de3af72	chr9	83149281	87105050	2	1	1
d6386fbe-ce13-5efc-acec-5b793de3af72	chr9	87105382	87333554	1	1	0
d6386fbe-ce13-5efc-acec-5b793de3af72	chr9	87336265	87541050	2	1	1
d6386fbe-ce13-5efc-acec-5b793de3af72	chr9	87541931	89312994	3	2	1
d6386fbe-ce13-5efc-acec-5b793de3af72	chr9	89313378	93917166	4	3	1
d6386fbe-ce13-5efc-acec-5b793de3af72	chr9	93918973	97904649	1	1	0
d6386fbe-ce13-5efc-acec-5b793de3af72	chr9	97907568	133663599	2	1	1
d6386fbe-ce13-5efc-acec-5b793de3af72	chr9	133664049	133753192	4	2	2
d6386fbe-ce13-5efc-acec-5b793de3af72	chr9	133753594	138200944	2	1	1
d6386fbe-ce13-5efc-acec-5b793de3af72	chr10	45792	3900888	1	1	0
d6386fbe-ce13-5efc-acec-5b793de3af72	chr10	3901087	3906062	0	0	0
d6386fbe-ce13-5efc-acec-5b793de3af72	chr10	3906824	22581927	1	1	0
d6386fbe-ce13-5efc-acec-5b793de3af72	chr10	22582194	28871907	0	0	0
d6386fbe-ce13-5efc-acec-5b793de3af72	chr10	28871947	49016989	1	1	0
d6386fbe-ce13-5efc-acec-5b793de3af72	chr10	49019740	49030829	3	3	0
d6386fbe-ce13-5efc-acec-5b793de3af72	chr10	49031116	86646992	1	1	0
d6386fbe-ce13-5efc-acec-5b793de3af72	chr10	86647213	86668961	2	1	1
d6386fbe-ce13-5efc-acec-5b793de3af72	chr10	86671769	133654968	1	1	0
d6386fbe-ce13-5efc-acec-5b793de3af72	chr11	198510	958566	3	2	1
d6386fbe-ce13-5efc-acec-5b793de3af72	chr11	958711	1060419	1	1	0
d6386fbe-ce13-5efc-acec-5b793de3af72	chr11	1061718	1071102	4	4	0
d6386fbe-ce13-5efc-acec-5b793de3af72	chr11	1071409	1428269	2	1	1
d6386fbe-ce13-5efc-acec-5b793de3af72	chr11	1428856	1962212	4	3	1
d6386fbe-ce13-5efc-acec-5b793de3af72	chr11	2043393	2507003	2	1	1
d6386fbe-ce13-5efc-acec-5b793de3af72	chr11	2507094	3082502	4	3	1
d6386fbe-ce13-5efc-acec-5b793de3af72	chr11	3083130	3108735	3	2	1
d6386fbe-ce13-5efc-acec-5b793de3af72	chr11	3111944	3156709	4	3	1
d6386fbe-ce13-5efc-acec-5b793de3af72	chr11	3156834	5768511	2	1	1
d6386fbe-ce13-5efc-acec-5b793de3af72	chr11	5768639	5788108	0	0	0
d6386fbe-ce13-5efc-acec-5b793de3af72	chr11	5788231	8663904	2	1	1
d6386fbe-ce13-5efc-acec-5b793de3af72	chr11	8664066	8763915	4	3	1
d6386fbe-ce13-5efc-acec-5b793de3af72	chr11	8764390	9074642	2	1	1
d6386fbe-ce13-5efc-acec-5b793de3af72	chr11	9075258	9386879	4	3	1
d6386fbe-ce13-5efc-acec-5b793de3af72	chr11	9394496	44845513	2	1	1
d6386fbe-ce13-5efc-acec-5b793de3af72	chr11	44846802	45313113	3	2	1
d6386fbe-ce13-5efc-acec-5b793de3af72	chr11	45313190	71402258	2	1	1
d6386fbe-ce13-5efc-acec-5b793de3af72	chr11	71402574	71418270	1	1	0
d6386fbe-ce13-5efc-acec-5b793de3af72	chr11	71418477	84435099	2	1	1
d6386fbe-ce13-5efc-acec-5b793de3af72	chr11	84435126	84512531	1	1	0
d6386fbe-ce13-5efc-acec-5b793de3af72	chr11	84514722	95771614	2	1	1
d6386fbe-ce13-5efc-acec-5b793de3af72	chr11	95779085	107246739	4	3	1
d6386fbe-ce13-5efc-acec-5b793de3af72	chr11	107246772	111177094	3	2	1
d6386fbe-ce13-5efc-acec-5b793de3af72	chr11	111180391	115893479	4	3	1
d6386fbe-ce13-5efc-acec-5b793de3af72	chr11	115893768	135074876	3	2	1
d6386fbe-ce13-5efc-acec-5b793de3af72	chr12	51460	24281861	2	1	1
d6386fbe-ce13-5efc-acec-5b793de3af72	chr12	24282042	24290336	1	1	0
d6386fbe-ce13-5efc-acec-5b793de3af72	chr12	24291912	52526630	2	1	1
d6386fbe-ce13-5efc-acec-5b793de3af72	chr12	52527431	52531875	6	3	3
d6386fbe-ce13-5efc-acec-5b793de3af72	chr12	52532185	133201603	2	1	1
d6386fbe-ce13-5efc-acec-5b793de3af72	chr13	18452809	57617128	1	1	0
d6386fbe-ce13-5efc-acec-5b793de3af72	chr13	57620276	106767514	2	1	1
d6386fbe-ce13-5efc-acec-5b793de3af72	chr13	106769638	106794629	3	2	1
d6386fbe-ce13-5efc-acec-5b793de3af72	chr13	106799029	114342922	2	1	1
d6386fbe-ce13-5efc-acec-5b793de3af72	chr14	18239283	37018983	2	1	1
d6386fbe-ce13-5efc-acec-5b793de3af72	chr14	37019405	105130542	1	1	0
d6386fbe-ce13-5efc-acec-5b793de3af72	chr14	105131711	106877229	2	2	0
d6386fbe-ce13-5efc-acec-5b793de3af72	chr15	19811075	25061109	1	1	0
d6386fbe-ce13-5efc-acec-5b793de3af72	chr15	25061499	25084673	4	3	1
d6386fbe-ce13-5efc-acec-5b793de3af72	chr15	25085155	62361360	1	1	0
d6386fbe-ce13-5efc-acec-5b793de3af72	chr15	62362468	101928837	2	1	1
d6386fbe-ce13-5efc-acec-5b793de3af72	chr16	10777	55986179	1	1	0
d6386fbe-ce13-5efc-acec-5b793de3af72	chr16	55991821	60171987	2	1	1
d6386fbe-ce13-5efc-acec-5b793de3af72	chr16	60175338	60187709	5	3	2
d6386fbe-ce13-5efc-acec-5b793de3af72	chr16	60189071	66484789	2	1	1
d6386fbe-ce13-5efc-acec-5b793de3af72	chr16	66484880	68231290	3	2	1
d6386fbe-ce13-5efc-acec-5b793de3af72	chr16	68231336	90096867	2	1	1
d6386fbe-ce13-5efc-acec-5b793de3af72	chr17	150733	264714	2	2	0
d6386fbe-ce13-5efc-acec-5b793de3af72	chr17	264729	12768794	1	1	0
d6386fbe-ce13-5efc-acec-5b793de3af72	chr17	12769321	40971781	2	1	1
d6386fbe-ce13-5efc-acec-5b793de3af72	chr17	40971837	40983709	0	0	0
d6386fbe-ce13-5efc-acec-5b793de3af72	chr17	40985238	83091923	2	1	1
d6386fbe-ce13-5efc-acec-5b793de3af72	chr18	48133	22705898	2	1	1
d6386fbe-ce13-5efc-acec-5b793de3af72	chr18	22706482	22732378	5	3	2
d6386fbe-ce13-5efc-acec-5b793de3af72	chr18	22732942	26970088	2	1	1
d6386fbe-ce13-5efc-acec-5b793de3af72	chr18	26970106	32713477	3	2	1
d6386fbe-ce13-5efc-acec-5b793de3af72	chr18	32719287	32721153	1	1	0
d6386fbe-ce13-5efc-acec-5b793de3af72	chr18	32721182	32744031	4	2	2
d6386fbe-ce13-5efc-acec-5b793de3af72	chr18	32744752	50256311	3	2	1
d6386fbe-ce13-5efc-acec-5b793de3af72	chr18	50259162	65490849	1	1	0
d6386fbe-ce13-5efc-acec-5b793de3af72	chr18	65498567	67913031	3	2	1
d6386fbe-ce13-5efc-acec-5b793de3af72	chr18	67916154	80257174	1	1	0
d6386fbe-ce13-5efc-acec-5b793de3af72	chr19	90910	5983511	2	1	1
d6386fbe-ce13-5efc-acec-5b793de3af72	chr19	5984821	21231950	1	1	0
d6386fbe-ce13-5efc-acec-5b793de3af72	chr19	21232141	22242357	2	1	1
d6386fbe-ce13-5efc-acec-5b793de3af72	chr19	22242561	22260752	5	3	2
d6386fbe-ce13-5efc-acec-5b793de3af72	chr19	22262849	31379058	2	1	1
d6386fbe-ce13-5efc-acec-5b793de3af72	chr19	31381157	31408965	3	2	1
d6386fbe-ce13-5efc-acec-5b793de3af72	chr19	31409102	58586487	1	1	0
d6386fbe-ce13-5efc-acec-5b793de3af72	chr20	80664	14487798	2	1	1
d6386fbe-ce13-5efc-acec-5b793de3af72	chr20	14488093	64324800	1	1	0
d6386fbe-ce13-5efc-acec-5b793de3af72	chr21	12973348	14688400	2	2	0
d6386fbe-ce13-5efc-acec-5b793de3af72	chr21	14692169	17944190	2	1	1
d6386fbe-ce13-5efc-acec-5b793de3af72	chr21	17944688	19395212	1	1	0
d6386fbe-ce13-5efc-acec-5b793de3af72	chr21	19395645	32117235	2	1	1
d6386fbe-ce13-5efc-acec-5b793de3af72	chr21	32118192	33751093	1	1	0
d6386fbe-ce13-5efc-acec-5b793de3af72	chr21	33755055	46677045	2	1	1
d6386fbe-ce13-5efc-acec-5b793de3af72	chr22	16392123	26836517	3	2	1
d6386fbe-ce13-5efc-acec-5b793de3af72	chr22	26840108	48622421	1	1	0
d6386fbe-ce13-5efc-acec-5b793de3af72	chr22	48624198	48650537	2	2	0
d6386fbe-ce13-5efc-acec-5b793de3af72	chr22	48650638	50796027	1	1	0
d6386fbe-ce13-5efc-acec-5b793de3af72	chrX	251810	2464269	1	1	0
d6386fbe-ce13-5efc-acec-5b793de3af72	chrX	2464404	2504610	3	2	1
d6386fbe-ce13-5efc-acec-5b793de3af72	chrX	2516146	44749652	1	1	0
d6386fbe-ce13-5efc-acec-5b793de3af72	chrX	44751125	45098760	0	0	0
d6386fbe-ce13-5efc-acec-5b793de3af72	chrX	45105863	155694460	1	1	0
d6386fbe-ce13-5efc-acec-5b793de3af72	chrX	155695384	156004181	3	2	1
d6386fbe-ce13-5efc-acec-5b793de3af72	chrY	2782397	26653788	0	0	0
d6386fbe-ce13-5efc-acec-5b793de3af72	chrY	56872112	56872112	14	14	0
