GDC_Aliquot	Chromosome	Start	End	Copy_Number	Major_Copy_Number	Minor_Copy_Number
d265b316-a594-546f-908e-d3fb60935b5e	chr1	62920	48497726	4	3	1
d265b316-a594-546f-908e-d3fb60935b5e	chr1	48497994	65222778	5	3	2
d265b316-a594-546f-908e-d3fb60935b5e	chr1	65225895	65334564	6	4	2
d265b316-a594-546f-908e-d3fb60935b5e	chr1	65334974	70604448	5	3	2
d265b316-a594-546f-908e-d3fb60935b5e	chr1	70604629	91443458	4	2	2
d265b316-a594-546f-908e-d3fb60935b5e	chr1	91448076	99240766	3	2	1
d265b316-a594-546f-908e-d3fb60935b5e	chr1	99243229	101624710	5	3	2
d265b316-a594-546f-908e-d3fb60935b5e	chr1	101625108	117403305	3	2	1
d265b316-a594-546f-908e-d3fb60935b5e	chr1	117403551	118666277	4	2	2
d265b316-a594-546f-908e-d3fb60935b5e	chr1	118667209	121705338	5	3	2
d265b316-a594-546f-908e-d3fb60935b5e	chr1	143541857	147863572	11	9	2
d265b316-a594-546f-908e-d3fb60935b5e	chr1	147867311	152583051	12	10	2
d265b316-a594-546f-908e-d3fb60935b5e	chr1	152583230	152614064	0	0	0
d265b316-a594-546f-908e-d3fb60935b5e	chr1	152614100	152909326	12	12	0
d265b316-a594-546f-908e-d3fb60935b5e	chr1	152916665	153629765	2	2	0
d265b316-a594-546f-908e-d3fb60935b5e	chr1	153630385	157135998	4	2	2
d265b316-a594-546f-908e-d3fb60935b5e	chr1	157136356	165164044	2	2	0
d265b316-a594-546f-908e-d3fb60935b5e	chr1	165166700	165881239	4	2	2
d265b316-a594-546f-908e-d3fb60935b5e	chr1	165881253	169657371	2	2	0
d265b316-a594-546f-908e-d3fb60935b5e	chr1	169673493	175033554	4	2	2
d265b316-a594-546f-908e-d3fb60935b5e	chr1	175044029	185933846	2	2	0
d265b316-a594-546f-908e-d3fb60935b5e	chr1	185940034	191377018	4	2	2
d265b316-a594-546f-908e-d3fb60935b5e	chr1	191379544	192153379	2	2	0
d265b316-a594-546f-908e-d3fb60935b5e	chr1	192160343	192603082	4	2	2
d265b316-a594-546f-908e-d3fb60935b5e	chr1	192603358	202405345	2	2	0
d265b316-a594-546f-908e-d3fb60935b5e	chr1	202406124	202857410	4	2	2
d265b316-a594-546f-908e-d3fb60935b5e	chr1	202867255	223997119	2	2	0
d265b316-a594-546f-908e-d3fb60935b5e	chr1	224000960	225536312	4	2	2
d265b316-a594-546f-908e-d3fb60935b5e	chr1	225539675	236720173	2	2	0
d265b316-a594-546f-908e-d3fb60935b5e	chr1	236720386	237378097	4	2	2
d265b316-a594-546f-908e-d3fb60935b5e	chr1	237378822	238911342	2	2	0
d265b316-a594-546f-908e-d3fb60935b5e	chr1	238911381	240056062	4	2	2
d265b316-a594-546f-908e-d3fb60935b5e	chr1	240058091	247923651	2	2	0
d265b316-a594-546f-908e-d3fb60935b5e	chr1	247924369	248930189	4	2	2
d265b316-a594-546f-908e-d3fb60935b5e	chr2	12784	10814066	2	2	0
d265b316-a594-546f-908e-d3fb60935b5e	chr2	10816908	72894314	4	2	2
d265b316-a594-546f-908e-d3fb60935b5e	chr2	72900223	73811831	5	4	1
d265b316-a594-546f-908e-d3fb60935b5e	chr2	73816242	75061642	3	2	1
d265b316-a594-546f-908e-d3fb60935b5e	chr2	75062734	75523365	4	2	2
d265b316-a594-546f-908e-d3fb60935b5e	chr2	75523541	78021278	3	2	1
d265b316-a594-546f-908e-d3fb60935b5e	chr2	78022049	78087148	5	3	2
d265b316-a594-546f-908e-d3fb60935b5e	chr2	78089381	78784774	3	2	1
d265b316-a594-546f-908e-d3fb60935b5e	chr2	78784872	78959868	7	5	2
d265b316-a594-546f-908e-d3fb60935b5e	chr2	78963282	82099068	3	2	1
d265b316-a594-546f-908e-d3fb60935b5e	chr2	82099412	82156007	6	4	2
d265b316-a594-546f-908e-d3fb60935b5e	chr2	82156696	82824709	3	2	1
d265b316-a594-546f-908e-d3fb60935b5e	chr2	82824826	82877913	5	3	2
d265b316-a594-546f-908e-d3fb60935b5e	chr2	82878542	84921604	3	2	1
d265b316-a594-546f-908e-d3fb60935b5e	chr2	84921963	87149498	4	2	2
d265b316-a594-546f-908e-d3fb60935b5e	chr2	87149821	88829551	3	2	1
d265b316-a594-546f-908e-d3fb60935b5e	chr2	88830496	96314976	6	4	2
d265b316-a594-546f-908e-d3fb60935b5e	chr2	96315631	96738144	5	3	2
d265b316-a594-546f-908e-d3fb60935b5e	chr2	96738543	97087848	9	7	2
d265b316-a594-546f-908e-d3fb60935b5e	chr2	97091772	98917766	6	4	2
d265b316-a594-546f-908e-d3fb60935b5e	chr2	98920611	157856587	4	2	2
d265b316-a594-546f-908e-d3fb60935b5e	chr2	157858930	198525445	2	2	0
d265b316-a594-546f-908e-d3fb60935b5e	chr2	198531113	198811352	3	3	0
d265b316-a594-546f-908e-d3fb60935b5e	chr2	198811619	199443346	2	2	0
d265b316-a594-546f-908e-d3fb60935b5e	chr2	199444770	199784468	0	0	0
d265b316-a594-546f-908e-d3fb60935b5e	chr2	199786385	212420725	2	2	0
d265b316-a594-546f-908e-d3fb60935b5e	chr2	212422064	212457488	0	0	0
d265b316-a594-546f-908e-d3fb60935b5e	chr2	212458184	224077032	2	2	0
d265b316-a594-546f-908e-d3fb60935b5e	chr2	224078956	229250328	4	2	2
d265b316-a594-546f-908e-d3fb60935b5e	chr2	229250622	242147305	2	2	0
d265b316-a594-546f-908e-d3fb60935b5e	chr3	20930	64802758	3	3	0
d265b316-a594-546f-908e-d3fb60935b5e	chr3	64803213	64865149	6	4	2
d265b316-a594-546f-908e-d3fb60935b5e	chr3	64865949	66072114	5	4	1
d265b316-a594-546f-908e-d3fb60935b5e	chr3	66072436	66684836	9	6	3
d265b316-a594-546f-908e-d3fb60935b5e	chr3	66684957	69875636	4	3	1
d265b316-a594-546f-908e-d3fb60935b5e	chr3	69877401	70392039	9	6	3
d265b316-a594-546f-908e-d3fb60935b5e	chr3	70393365	70591825	6	3	3
d265b316-a594-546f-908e-d3fb60935b5e	chr3	70601252	71718298	3	3	0
d265b316-a594-546f-908e-d3fb60935b5e	chr3	71719322	72403870	7	4	3
d265b316-a594-546f-908e-d3fb60935b5e	chr3	72408901	73258306	8	4	4
d265b316-a594-546f-908e-d3fb60935b5e	chr3	73260557	73524763	10	7	3
d265b316-a594-546f-908e-d3fb60935b5e	chr3	73525562	75163580	10	6	4
d265b316-a594-546f-908e-d3fb60935b5e	chr3	75164136	75590743	5	3	2
d265b316-a594-546f-908e-d3fb60935b5e	chr3	75596233	77963608	3	3	0
d265b316-a594-546f-908e-d3fb60935b5e	chr3	77964176	77975741	2	2	0
d265b316-a594-546f-908e-d3fb60935b5e	chr3	77976378	89337951	3	3	0
d265b316-a594-546f-908e-d3fb60935b5e	chr3	89345442	89368137	0	0	0
d265b316-a594-546f-908e-d3fb60935b5e	chr3	89370214	90406012	3	3	0
d265b316-a594-546f-908e-d3fb60935b5e	chr3	90436486	116791345	3	2	1
d265b316-a594-546f-908e-d3fb60935b5e	chr3	116791836	117180939	1	1	0
d265b316-a594-546f-908e-d3fb60935b5e	chr3	117181002	174854389	3	2	1
d265b316-a594-546f-908e-d3fb60935b5e	chr3	174855155	174999166	2	2	0
d265b316-a594-546f-908e-d3fb60935b5e	chr3	175001615	175046438	0	0	0
d265b316-a594-546f-908e-d3fb60935b5e	chr3	175049564	175244112	3	2	1
d265b316-a594-546f-908e-d3fb60935b5e	chr3	175250689	175386419	1	1	0
d265b316-a594-546f-908e-d3fb60935b5e	chr3	175392901	175409335	5	4	1
d265b316-a594-546f-908e-d3fb60935b5e	chr3	175413694	175434759	1	1	0
d265b316-a594-546f-908e-d3fb60935b5e	chr3	175439544	198169247	4	3	1
d265b316-a594-546f-908e-d3fb60935b5e	chr4	68929	4523099	4	2	2
d265b316-a594-546f-908e-d3fb60935b5e	chr4	4523290	4666167	3	2	1
d265b316-a594-546f-908e-d3fb60935b5e	chr4	4670335	4689125	6	4	2
d265b316-a594-546f-908e-d3fb60935b5e	chr4	4689704	5052235	4	2	2
d265b316-a594-546f-908e-d3fb60935b5e	chr4	5053599	5200388	1	1	0
d265b316-a594-546f-908e-d3fb60935b5e	chr4	5201075	15058515	4	2	2
d265b316-a594-546f-908e-d3fb60935b5e	chr4	15059518	15184804	1	1	0
d265b316-a594-546f-908e-d3fb60935b5e	chr4	15185269	15902174	4	2	2
d265b316-a594-546f-908e-d3fb60935b5e	chr4	15902713	20063750	3	2	1
d265b316-a594-546f-908e-d3fb60935b5e	chr4	20065603	20126048	4	3	1
d265b316-a594-546f-908e-d3fb60935b5e	chr4	20126899	34812653	3	2	1
d265b316-a594-546f-908e-d3fb60935b5e	chr4	34812668	34823103	0	0	0
d265b316-a594-546f-908e-d3fb60935b5e	chr4	34828250	46168944	3	2	1
d265b316-a594-546f-908e-d3fb60935b5e	chr4	46169495	47268826	5	3	2
d265b316-a594-546f-908e-d3fb60935b5e	chr4	47269597	49295203	6	4	2
d265b316-a594-546f-908e-d3fb60935b5e	chr4	49501149	85421249	4	2	2
d265b316-a594-546f-908e-d3fb60935b5e	chr4	85424134	85996502	2	2	0
d265b316-a594-546f-908e-d3fb60935b5e	chr4	85999128	153730876	4	2	2
d265b316-a594-546f-908e-d3fb60935b5e	chr4	153732712	153744127	3	2	1
d265b316-a594-546f-908e-d3fb60935b5e	chr4	153745747	190106768	4	2	2
d265b316-a594-546f-908e-d3fb60935b5e	chr5	15532	27480368	3	3	0
d265b316-a594-546f-908e-d3fb60935b5e	chr5	27486319	29403280	4	3	1
d265b316-a594-546f-908e-d3fb60935b5e	chr5	29403384	46389171	5	3	2
d265b316-a594-546f-908e-d3fb60935b5e	chr5	50146124	50596584	4	2	2
d265b316-a594-546f-908e-d3fb60935b5e	chr5	50602994	50788387	2	2	0
d265b316-a594-546f-908e-d3fb60935b5e	chr5	50792188	50872680	1	1	0
d265b316-a594-546f-908e-d3fb60935b5e	chr5	50872763	71885201	4	2	2
d265b316-a594-546f-908e-d3fb60935b5e	chr5	71886152	165080252	2	2	0
d265b316-a594-546f-908e-d3fb60935b5e	chr5	165080406	165817675	0	0	0
d265b316-a594-546f-908e-d3fb60935b5e	chr5	165818252	165851699	1	1	0
d265b316-a594-546f-908e-d3fb60935b5e	chr5	165852413	167072594	0	0	0
d265b316-a594-546f-908e-d3fb60935b5e	chr5	167077813	167223313	1	1	0
d265b316-a594-546f-908e-d3fb60935b5e	chr5	167232128	167482563	0	0	0
d265b316-a594-546f-908e-d3fb60935b5e	chr5	167483300	181363319	2	2	0
d265b316-a594-546f-908e-d3fb60935b5e	chr6	149661	7207774	5	3	2
d265b316-a594-546f-908e-d3fb60935b5e	chr6	7212511	7377879	2	2	0
d265b316-a594-546f-908e-d3fb60935b5e	chr6	7382791	19664250	5	3	2
d265b316-a594-546f-908e-d3fb60935b5e	chr6	19664842	20130804	6	4	2
d265b316-a594-546f-908e-d3fb60935b5e	chr6	20131005	23782872	5	3	2
d265b316-a594-546f-908e-d3fb60935b5e	chr6	23783459	24480880	6	4	2
d265b316-a594-546f-908e-d3fb60935b5e	chr6	24481314	28872144	5	3	2
d265b316-a594-546f-908e-d3fb60935b5e	chr6	28883860	32275352	6	4	2
d265b316-a594-546f-908e-d3fb60935b5e	chr6	32275378	33913793	5	3	2
d265b316-a594-546f-908e-d3fb60935b5e	chr6	33917820	46574489	6	4	2
d265b316-a594-546f-908e-d3fb60935b5e	chr6	46574878	50755350	5	3	2
d265b316-a594-546f-908e-d3fb60935b5e	chr6	50757038	51234458	4	2	2
d265b316-a594-546f-908e-d3fb60935b5e	chr6	51238757	51650701	6	4	2
d265b316-a594-546f-908e-d3fb60935b5e	chr6	51651607	68827253	4	2	2
d265b316-a594-546f-908e-d3fb60935b5e	chr6	68827786	68851380	3	2	1
d265b316-a594-546f-908e-d3fb60935b5e	chr6	68853714	101099992	4	2	2
d265b316-a594-546f-908e-d3fb60935b5e	chr6	101100071	101122831	5	3	2
d265b316-a594-546f-908e-d3fb60935b5e	chr6	101127633	101201445	2	2	0
d265b316-a594-546f-908e-d3fb60935b5e	chr6	101203741	101354035	0	0	0
d265b316-a594-546f-908e-d3fb60935b5e	chr6	101357272	101442492	2	1	1
d265b316-a594-546f-908e-d3fb60935b5e	chr6	101444424	103286954	4	2	2
d265b316-a594-546f-908e-d3fb60935b5e	chr6	103290101	103320903	1	1	0
d265b316-a594-546f-908e-d3fb60935b5e	chr6	103320921	132675537	4	2	2
d265b316-a594-546f-908e-d3fb60935b5e	chr6	132677128	132698064	3	2	1
d265b316-a594-546f-908e-d3fb60935b5e	chr6	132698183	162083204	4	2	2
d265b316-a594-546f-908e-d3fb60935b5e	chr6	162083373	162179766	2	1	1
d265b316-a594-546f-908e-d3fb60935b5e	chr6	162180084	170741917	4	2	2
d265b316-a594-546f-908e-d3fb60935b5e	chr7	43259	54467376	2	2	0
d265b316-a594-546f-908e-d3fb60935b5e	chr7	54467522	54472843	1	1	0
d265b316-a594-546f-908e-d3fb60935b5e	chr7	54473272	62322298	2	2	0
d265b316-a594-546f-908e-d3fb60935b5e	chr7	62324395	70647979	4	2	2
d265b316-a594-546f-908e-d3fb60935b5e	chr7	70648195	70688082	2	1	1
d265b316-a594-546f-908e-d3fb60935b5e	chr7	70688440	78687038	4	2	2
d265b316-a594-546f-908e-d3fb60935b5e	chr7	78687291	78821210	1	1	0
d265b316-a594-546f-908e-d3fb60935b5e	chr7	78821225	83278852	4	2	2
d265b316-a594-546f-908e-d3fb60935b5e	chr7	83279644	83318106	6	4	2
d265b316-a594-546f-908e-d3fb60935b5e	chr7	83318389	112488923	4	2	2
d265b316-a594-546f-908e-d3fb60935b5e	chr7	112489180	112502412	6	4	2
d265b316-a594-546f-908e-d3fb60935b5e	chr7	112502923	121192013	4	2	2
d265b316-a594-546f-908e-d3fb60935b5e	chr7	121195121	121238286	5	3	2
d265b316-a594-546f-908e-d3fb60935b5e	chr7	121238307	146753736	4	2	2
d265b316-a594-546f-908e-d3fb60935b5e	chr7	146754246	146845414	2	1	1
d265b316-a594-546f-908e-d3fb60935b5e	chr7	146845747	147314595	0	0	0
d265b316-a594-546f-908e-d3fb60935b5e	chr7	147314989	147652119	2	2	0
d265b316-a594-546f-908e-d3fb60935b5e	chr7	147652993	159334314	4	2	2
d265b316-a594-546f-908e-d3fb60935b5e	chr8	81254	5741242	2	2	0
d265b316-a594-546f-908e-d3fb60935b5e	chr8	5741248	5746805	0	0	0
d265b316-a594-546f-908e-d3fb60935b5e	chr8	5746973	18561931	2	2	0
d265b316-a594-546f-908e-d3fb60935b5e	chr8	18562214	18933334	4	2	2
d265b316-a594-546f-908e-d3fb60935b5e	chr8	18933885	39286601	2	2	0
d265b316-a594-546f-908e-d3fb60935b5e	chr8	39290321	39732134	1	1	0
d265b316-a594-546f-908e-d3fb60935b5e	chr8	39733797	43931659	2	2	0
d265b316-a594-546f-908e-d3fb60935b5e	chr8	45951913	50047741	4	2	2
d265b316-a594-546f-908e-d3fb60935b5e	chr8	50049657	52209963	5	3	2
d265b316-a594-546f-908e-d3fb60935b5e	chr8	52210813	68130675	3	2	1
d265b316-a594-546f-908e-d3fb60935b5e	chr8	68130850	68162639	2	1	1
d265b316-a594-546f-908e-d3fb60935b5e	chr8	68165114	73539123	3	2	1
d265b316-a594-546f-908e-d3fb60935b5e	chr8	73540656	131313242	4	2	2
d265b316-a594-546f-908e-d3fb60935b5e	chr8	131314167	132713303	2	2	0
d265b316-a594-546f-908e-d3fb60935b5e	chr8	132714382	145072769	4	2	2
d265b316-a594-546f-908e-d3fb60935b5e	chr9	46587	454794	1	1	0
d265b316-a594-546f-908e-d3fb60935b5e	chr9	455162	3132236	3	2	1
d265b316-a594-546f-908e-d3fb60935b5e	chr9	3134738	3139301	1	1	0
d265b316-a594-546f-908e-d3fb60935b5e	chr9	3139596	25305889	3	2	1
d265b316-a594-546f-908e-d3fb60935b5e	chr9	25306077	27047248	2	2	0
d265b316-a594-546f-908e-d3fb60935b5e	chr9	27047283	41741113	3	2	1
d265b316-a594-546f-908e-d3fb60935b5e	chr9	60863881	61557822	1	1	0
d265b316-a594-546f-908e-d3fb60935b5e	chr9	61561095	61647899	0	0	0
d265b316-a594-546f-908e-d3fb60935b5e	chr9	61665362	138200944	3	2	1
d265b316-a594-546f-908e-d3fb60935b5e	chr10	45792	373781	2	2	0
d265b316-a594-546f-908e-d3fb60935b5e	chr10	377446	37454168	3	3	0
d265b316-a594-546f-908e-d3fb60935b5e	chr10	37457882	62124403	4	2	2
d265b316-a594-546f-908e-d3fb60935b5e	chr10	62127956	133654968	3	2	1
d265b316-a594-546f-908e-d3fb60935b5e	chr11	198510	1608947	3	2	1
d265b316-a594-546f-908e-d3fb60935b5e	chr11	1610436	4254774	2	1	1
d265b316-a594-546f-908e-d3fb60935b5e	chr11	4254903	11206827	3	2	1
d265b316-a594-546f-908e-d3fb60935b5e	chr11	11210713	11220278	6	4	2
d265b316-a594-546f-908e-d3fb60935b5e	chr11	11222278	11381530	5	4	1
d265b316-a594-546f-908e-d3fb60935b5e	chr11	11386102	12375985	4	3	1
d265b316-a594-546f-908e-d3fb60935b5e	chr11	12376087	16849679	3	2	1
d265b316-a594-546f-908e-d3fb60935b5e	chr11	16852134	17453896	4	3	1
d265b316-a594-546f-908e-d3fb60935b5e	chr11	17454913	37497263	3	2	1
d265b316-a594-546f-908e-d3fb60935b5e	chr11	37497705	40300366	4	2	2
d265b316-a594-546f-908e-d3fb60935b5e	chr11	40300583	40811964	2	2	0
d265b316-a594-546f-908e-d3fb60935b5e	chr11	40813847	77624291	4	2	2
d265b316-a594-546f-908e-d3fb60935b5e	chr11	77628786	83389750	6	4	2
d265b316-a594-546f-908e-d3fb60935b5e	chr11	83390438	84154448	2	2	0
d265b316-a594-546f-908e-d3fb60935b5e	chr11	84161506	84274045	0	0	0
d265b316-a594-546f-908e-d3fb60935b5e	chr11	84274368	84662477	4	4	0
d265b316-a594-546f-908e-d3fb60935b5e	chr11	84663063	84696171	7	6	1
d265b316-a594-546f-908e-d3fb60935b5e	chr11	84701214	84795113	4	4	0
d265b316-a594-546f-908e-d3fb60935b5e	chr11	84796736	84858382	4	3	1
d265b316-a594-546f-908e-d3fb60935b5e	chr11	84858502	84919128	6	4	2
d265b316-a594-546f-908e-d3fb60935b5e	chr11	84919291	84951266	5	3	2
d265b316-a594-546f-908e-d3fb60935b5e	chr11	84955791	85036433	0	0	0
d265b316-a594-546f-908e-d3fb60935b5e	chr11	85036678	85114873	2	2	0
d265b316-a594-546f-908e-d3fb60935b5e	chr11	85118675	85132319	6	6	0
d265b316-a594-546f-908e-d3fb60935b5e	chr11	85133131	86665299	6	4	2
d265b316-a594-546f-908e-d3fb60935b5e	chr11	86665668	87383220	7	4	3
d265b316-a594-546f-908e-d3fb60935b5e	chr11	87389382	91660954	6	4	2
d265b316-a594-546f-908e-d3fb60935b5e	chr11	91661351	93603783	8	4	4
d265b316-a594-546f-908e-d3fb60935b5e	chr11	93604018	101643594	7	4	3
d265b316-a594-546f-908e-d3fb60935b5e	chr11	101648621	101733714	8	7	1
d265b316-a594-546f-908e-d3fb60935b5e	chr11	101734850	102424861	26	23	3
d265b316-a594-546f-908e-d3fb60935b5e	chr11	102425341	102474670	39	34	5
d265b316-a594-546f-908e-d3fb60935b5e	chr11	102475855	103024885	34	31	3
d265b316-a594-546f-908e-d3fb60935b5e	chr11	103028064	105545465	8	4	4
d265b316-a594-546f-908e-d3fb60935b5e	chr11	105547088	105612934	30	30	0
d265b316-a594-546f-908e-d3fb60935b5e	chr11	105614097	105706728	8	4	4
d265b316-a594-546f-908e-d3fb60935b5e	chr11	105710042	106582380	3	3	0
d265b316-a594-546f-908e-d3fb60935b5e	chr11	106584428	107386663	23	23	0
d265b316-a594-546f-908e-d3fb60935b5e	chr11	107388345	107690775	17	17	0
d265b316-a594-546f-908e-d3fb60935b5e	chr11	107693560	110681062	3	3	0
d265b316-a594-546f-908e-d3fb60935b5e	chr11	110685017	111042925	23	23	0
d265b316-a594-546f-908e-d3fb60935b5e	chr11	111043879	113195345	5	5	0
d265b316-a594-546f-908e-d3fb60935b5e	chr11	113199952	113396640	4	4	0
d265b316-a594-546f-908e-d3fb60935b5e	chr11	113402914	114124120	6	6	0
d265b316-a594-546f-908e-d3fb60935b5e	chr11	114126927	119330989	4	4	0
d265b316-a594-546f-908e-d3fb60935b5e	chr11	119331233	122074829	6	6	0
d265b316-a594-546f-908e-d3fb60935b5e	chr11	122075796	122431801	8	8	0
d265b316-a594-546f-908e-d3fb60935b5e	chr11	122434326	123417766	5	5	0
d265b316-a594-546f-908e-d3fb60935b5e	chr11	123419143	123464305	4	4	0
d265b316-a594-546f-908e-d3fb60935b5e	chr11	123464707	127319089	6	4	2
d265b316-a594-546f-908e-d3fb60935b5e	chr11	127323110	127472616	4	4	0
d265b316-a594-546f-908e-d3fb60935b5e	chr11	127475379	128183503	5	5	0
d265b316-a594-546f-908e-d3fb60935b5e	chr11	128184747	128555758	6	6	0
d265b316-a594-546f-908e-d3fb60935b5e	chr11	128555989	130109882	5	5	0
d265b316-a594-546f-908e-d3fb60935b5e	chr11	130113447	131986255	8	8	0
d265b316-a594-546f-908e-d3fb60935b5e	chr11	131987155	132593560	5	5	0
d265b316-a594-546f-908e-d3fb60935b5e	chr11	132595232	134358099	6	6	0
d265b316-a594-546f-908e-d3fb60935b5e	chr11	134363857	135074876	5	5	0
d265b316-a594-546f-908e-d3fb60935b5e	chr12	51460	9423080	2	2	0
d265b316-a594-546f-908e-d3fb60935b5e	chr12	9423891	9663306	1	1	0
d265b316-a594-546f-908e-d3fb60935b5e	chr12	9663833	24838302	2	2	0
d265b316-a594-546f-908e-d3fb60935b5e	chr12	24845575	24918979	3	2	1
d265b316-a594-546f-908e-d3fb60935b5e	chr12	24920202	25043243	2	2	0
d265b316-a594-546f-908e-d3fb60935b5e	chr12	25043532	25153717	3	2	1
d265b316-a594-546f-908e-d3fb60935b5e	chr12	25159786	33558246	2	2	0
d265b316-a594-546f-908e-d3fb60935b5e	chr12	33558629	34701563	4	2	2
d265b316-a594-546f-908e-d3fb60935b5e	chr12	37463949	37678684	2	1	1
d265b316-a594-546f-908e-d3fb60935b5e	chr12	37687479	37777376	4	4	0
d265b316-a594-546f-908e-d3fb60935b5e	chr12	37788687	58345814	2	1	1
d265b316-a594-546f-908e-d3fb60935b5e	chr12	58345910	63987835	3	2	1
d265b316-a594-546f-908e-d3fb60935b5e	chr12	63988906	67895756	4	2	2
d265b316-a594-546f-908e-d3fb60935b5e	chr12	67899571	73121394	3	2	1
d265b316-a594-546f-908e-d3fb60935b5e	chr12	73121823	73173669	5	3	2
d265b316-a594-546f-908e-d3fb60935b5e	chr12	73179465	73273411	3	2	1
d265b316-a594-546f-908e-d3fb60935b5e	chr12	73274566	73872404	5	3	2
d265b316-a594-546f-908e-d3fb60935b5e	chr12	73877858	78909326	3	2	1
d265b316-a594-546f-908e-d3fb60935b5e	chr12	78909724	84164670	4	2	2
d265b316-a594-546f-908e-d3fb60935b5e	chr12	84172570	84738579	3	2	1
d265b316-a594-546f-908e-d3fb60935b5e	chr12	84740113	94371252	4	2	2
d265b316-a594-546f-908e-d3fb60935b5e	chr12	94371720	95174181	3	2	1
d265b316-a594-546f-908e-d3fb60935b5e	chr12	95176277	95752972	4	2	2
d265b316-a594-546f-908e-d3fb60935b5e	chr12	95754058	96440318	3	2	1
d265b316-a594-546f-908e-d3fb60935b5e	chr12	96441749	96696520	5	3	2
d265b316-a594-546f-908e-d3fb60935b5e	chr12	96697101	133201603	3	2	1
d265b316-a594-546f-908e-d3fb60935b5e	chr13	18452809	36026932	4	2	2
d265b316-a594-546f-908e-d3fb60935b5e	chr13	36029250	36108929	2	2	0
d265b316-a594-546f-908e-d3fb60935b5e	chr13	36109131	36201085	4	2	2
d265b316-a594-546f-908e-d3fb60935b5e	chr13	36204565	69063322	2	2	0
d265b316-a594-546f-908e-d3fb60935b5e	chr13	69064035	100148737	4	2	2
d265b316-a594-546f-908e-d3fb60935b5e	chr13	100148923	100191227	2	1	1
d265b316-a594-546f-908e-d3fb60935b5e	chr13	100192770	100360275	5	3	2
d265b316-a594-546f-908e-d3fb60935b5e	chr13	100364685	107848668	4	2	2
d265b316-a594-546f-908e-d3fb60935b5e	chr13	107849932	107928484	2	2	0
d265b316-a594-546f-908e-d3fb60935b5e	chr13	107934438	108007068	6	4	2
d265b316-a594-546f-908e-d3fb60935b5e	chr13	108007096	110726682	7	5	2
d265b316-a594-546f-908e-d3fb60935b5e	chr13	110727018	111495853	10	8	2
d265b316-a594-546f-908e-d3fb60935b5e	chr13	111495926	112374228	15	13	2
d265b316-a594-546f-908e-d3fb60935b5e	chr13	112374427	114342922	19	17	2
d265b316-a594-546f-908e-d3fb60935b5e	chr14	18239283	19956767	7	6	1
d265b316-a594-546f-908e-d3fb60935b5e	chr14	19957350	21084606	6	6	0
d265b316-a594-546f-908e-d3fb60935b5e	chr14	21084845	21851093	4	4	0
d265b316-a594-546f-908e-d3fb60935b5e	chr14	21851383	21910958	6	5	1
d265b316-a594-546f-908e-d3fb60935b5e	chr14	21911829	23213490	4	4	0
d265b316-a594-546f-908e-d3fb60935b5e	chr14	23213679	24956046	3	3	0
d265b316-a594-546f-908e-d3fb60935b5e	chr14	24956076	25706133	4	4	0
d265b316-a594-546f-908e-d3fb60935b5e	chr14	25706507	28665831	3	3	0
d265b316-a594-546f-908e-d3fb60935b5e	chr14	28673035	28851122	1	1	0
d265b316-a594-546f-908e-d3fb60935b5e	chr14	28853508	29247279	2	2	0
d265b316-a594-546f-908e-d3fb60935b5e	chr14	29252670	30896087	4	4	0
d265b316-a594-546f-908e-d3fb60935b5e	chr14	30905136	33351732	3	3	0
d265b316-a594-546f-908e-d3fb60935b5e	chr14	33352333	35401490	2	2	0
d265b316-a594-546f-908e-d3fb60935b5e	chr14	35401592	35536469	4	4	0
d265b316-a594-546f-908e-d3fb60935b5e	chr14	35539873	37120959	2	2	0
d265b316-a594-546f-908e-d3fb60935b5e	chr14	37121139	40110072	1	1	0
d265b316-a594-546f-908e-d3fb60935b5e	chr14	40111885	41447855	6	4	2
d265b316-a594-546f-908e-d3fb60935b5e	chr14	41452354	45307587	8	4	4
d265b316-a594-546f-908e-d3fb60935b5e	chr14	45312854	47078697	3	3	0
d265b316-a594-546f-908e-d3fb60935b5e	chr14	47078830	50039464	8	4	4
d265b316-a594-546f-908e-d3fb60935b5e	chr14	50041519	55289465	6	4	2
d265b316-a594-546f-908e-d3fb60935b5e	chr14	55289500	77598636	3	3	0
d265b316-a594-546f-908e-d3fb60935b5e	chr14	77599057	78911297	5	5	0
d265b316-a594-546f-908e-d3fb60935b5e	chr14	78916817	79065762	0	0	0
d265b316-a594-546f-908e-d3fb60935b5e	chr14	79070380	79914288	5	5	0
d265b316-a594-546f-908e-d3fb60935b5e	chr14	79915254	82409982	4	4	0
d265b316-a594-546f-908e-d3fb60935b5e	chr14	82409986	82900960	5	5	0
d265b316-a594-546f-908e-d3fb60935b5e	chr14	82902120	83803780	2	2	0
d265b316-a594-546f-908e-d3fb60935b5e	chr14	83805641	83833429	4	4	0
d265b316-a594-546f-908e-d3fb60935b5e	chr14	83837048	84632524	2	2	0
d265b316-a594-546f-908e-d3fb60935b5e	chr14	84637320	84784723	4	4	0
d265b316-a594-546f-908e-d3fb60935b5e	chr14	84785058	85975851	2	2	0
d265b316-a594-546f-908e-d3fb60935b5e	chr14	85976917	86198350	4	4	0
d265b316-a594-546f-908e-d3fb60935b5e	chr14	86202235	86543578	5	5	0
d265b316-a594-546f-908e-d3fb60935b5e	chr14	86551773	87292687	3	3	0
d265b316-a594-546f-908e-d3fb60935b5e	chr14	87296528	88958499	2	2	0
d265b316-a594-546f-908e-d3fb60935b5e	chr14	88958960	89425231	3	3	0
d265b316-a594-546f-908e-d3fb60935b5e	chr14	89428536	92104523	2	2	0
d265b316-a594-546f-908e-d3fb60935b5e	chr14	92105635	92934516	4	3	1
d265b316-a594-546f-908e-d3fb60935b5e	chr14	92934534	93752955	6	5	1
d265b316-a594-546f-908e-d3fb60935b5e	chr14	93759247	95037633	7	5	2
d265b316-a594-546f-908e-d3fb60935b5e	chr14	95038157	95593706	5	3	2
d265b316-a594-546f-908e-d3fb60935b5e	chr14	95594021	96392440	6	4	2
d265b316-a594-546f-908e-d3fb60935b5e	chr14	96395006	98874961	7	5	2
d265b316-a594-546f-908e-d3fb60935b5e	chr14	98875416	100651773	8	6	2
d265b316-a594-546f-908e-d3fb60935b5e	chr14	100652118	103692980	7	5	2
d265b316-a594-546f-908e-d3fb60935b5e	chr14	103697541	104793738	6	4	2
d265b316-a594-546f-908e-d3fb60935b5e	chr14	104801891	106877229	7	5	2
d265b316-a594-546f-908e-d3fb60935b5e	chr15	19811075	22300068	3	2	1
d265b316-a594-546f-908e-d3fb60935b5e	chr15	23396367	60891565	4	2	2
d265b316-a594-546f-908e-d3fb60935b5e	chr15	60893410	61232416	2	2	0
d265b316-a594-546f-908e-d3fb60935b5e	chr15	61233420	101928837	4	2	2
d265b316-a594-546f-908e-d3fb60935b5e	chr16	10777	1975677	4	2	2
d265b316-a594-546f-908e-d3fb60935b5e	chr16	1976441	7803710	2	2	0
d265b316-a594-546f-908e-d3fb60935b5e	chr16	7803846	8597420	4	2	2
d265b316-a594-546f-908e-d3fb60935b5e	chr16	8599306	34209701	2	2	0
d265b316-a594-546f-908e-d3fb60935b5e	chr16	35080991	36048855	5	3	2
d265b316-a594-546f-908e-d3fb60935b5e	chr16	46441986	73079552	2	2	0
d265b316-a594-546f-908e-d3fb60935b5e	chr16	73081681	73380034	0	0	0
d265b316-a594-546f-908e-d3fb60935b5e	chr16	73383825	86482004	2	2	0
d265b316-a594-546f-908e-d3fb60935b5e	chr16	86486971	86548044	0	0	0
d265b316-a594-546f-908e-d3fb60935b5e	chr16	86550399	87688085	2	2	0
d265b316-a594-546f-908e-d3fb60935b5e	chr16	87688551	90096867	4	2	2
d265b316-a594-546f-908e-d3fb60935b5e	chr17	150733	1205481	4	2	2
d265b316-a594-546f-908e-d3fb60935b5e	chr17	1206311	1609629	3	2	1
d265b316-a594-546f-908e-d3fb60935b5e	chr17	1612479	1734483	7	5	2
d265b316-a594-546f-908e-d3fb60935b5e	chr17	1748403	4467959	3	2	1
d265b316-a594-546f-908e-d3fb60935b5e	chr17	4468688	4495717	7	5	2
d265b316-a594-546f-908e-d3fb60935b5e	chr17	4500902	4954342	3	2	1
d265b316-a594-546f-908e-d3fb60935b5e	chr17	4963420	7639341	2	2	0
d265b316-a594-546f-908e-d3fb60935b5e	chr17	7643486	7786566	0	0	0
d265b316-a594-546f-908e-d3fb60935b5e	chr17	7787395	8925739	2	2	0
d265b316-a594-546f-908e-d3fb60935b5e	chr17	8930058	8994681	0	0	0
d265b316-a594-546f-908e-d3fb60935b5e	chr17	8996495	9234860	2	2	0
d265b316-a594-546f-908e-d3fb60935b5e	chr17	9243942	9674045	0	0	0
d265b316-a594-546f-908e-d3fb60935b5e	chr17	9678038	12942948	2	2	0
d265b316-a594-546f-908e-d3fb60935b5e	chr17	12942978	13436333	7	5	2
d265b316-a594-546f-908e-d3fb60935b5e	chr17	13442254	14255970	4	2	2
d265b316-a594-546f-908e-d3fb60935b5e	chr17	14258920	15251740	2	2	0
d265b316-a594-546f-908e-d3fb60935b5e	chr17	15251978	16593088	6	4	2
d265b316-a594-546f-908e-d3fb60935b5e	chr17	16598383	19704612	2	2	0
d265b316-a594-546f-908e-d3fb60935b5e	chr17	19709183	21661661	6	4	2
d265b316-a594-546f-908e-d3fb60935b5e	chr17	22167265	38835851	2	2	0
d265b316-a594-546f-908e-d3fb60935b5e	chr17	38843564	44066232	4	2	2
d265b316-a594-546f-908e-d3fb60935b5e	chr17	44071829	47815493	2	2	0
d265b316-a594-546f-908e-d3fb60935b5e	chr17	47817369	50448764	4	2	2
d265b316-a594-546f-908e-d3fb60935b5e	chr17	50452256	64097600	6	4	2
d265b316-a594-546f-908e-d3fb60935b5e	chr17	64097966	72887224	4	2	2
d265b316-a594-546f-908e-d3fb60935b5e	chr17	72888123	76786609	6	4	2
d265b316-a594-546f-908e-d3fb60935b5e	chr17	76789516	83091923	4	2	2
d265b316-a594-546f-908e-d3fb60935b5e	chr18	48133	352057	7	5	2
d265b316-a594-546f-908e-d3fb60935b5e	chr18	352074	15402409	6	4	2
d265b316-a594-546f-908e-d3fb60935b5e	chr18	20949392	31488105	4	2	2
d265b316-a594-546f-908e-d3fb60935b5e	chr18	31489617	48010075	3	2	1
d265b316-a594-546f-908e-d3fb60935b5e	chr18	48014444	52457954	4	2	2
d265b316-a594-546f-908e-d3fb60935b5e	chr18	52458771	53018428	5	3	2
d265b316-a594-546f-908e-d3fb60935b5e	chr18	53018501	59456262	4	2	2
d265b316-a594-546f-908e-d3fb60935b5e	chr18	59456677	59471063	3	2	1
d265b316-a594-546f-908e-d3fb60935b5e	chr18	59471255	65960310	4	2	2
d265b316-a594-546f-908e-d3fb60935b5e	chr18	65961206	74396646	3	2	1
d265b316-a594-546f-908e-d3fb60935b5e	chr18	74396721	74406721	2	1	1
d265b316-a594-546f-908e-d3fb60935b5e	chr18	74410171	80257174	3	2	1
d265b316-a594-546f-908e-d3fb60935b5e	chr19	90910	2149695	2	2	0
d265b316-a594-546f-908e-d3fb60935b5e	chr19	2152204	4113314	8	6	2
d265b316-a594-546f-908e-d3fb60935b5e	chr19	4136330	24281335	2	2	0
d265b316-a594-546f-908e-d3fb60935b5e	chr19	24282042	58586487	3	2	1
d265b316-a594-546f-908e-d3fb60935b5e	chr20	80664	14174850	4	2	2
d265b316-a594-546f-908e-d3fb60935b5e	chr20	14176601	14305010	2	1	1
d265b316-a594-546f-908e-d3fb60935b5e	chr20	14310305	32194182	4	2	2
d265b316-a594-546f-908e-d3fb60935b5e	chr20	32197302	34506759	2	2	0
d265b316-a594-546f-908e-d3fb60935b5e	chr20	34510309	37179804	1	1	0
d265b316-a594-546f-908e-d3fb60935b5e	chr20	37184911	46311311	2	2	0
d265b316-a594-546f-908e-d3fb60935b5e	chr20	46313367	46864233	1	1	0
d265b316-a594-546f-908e-d3fb60935b5e	chr20	46867859	50803221	2	2	0
d265b316-a594-546f-908e-d3fb60935b5e	chr20	50804934	51590255	1	1	0
d265b316-a594-546f-908e-d3fb60935b5e	chr20	51596714	55893827	2	2	0
d265b316-a594-546f-908e-d3fb60935b5e	chr20	55895268	55926682	1	1	0
d265b316-a594-546f-908e-d3fb60935b5e	chr20	55927597	60740097	2	2	0
d265b316-a594-546f-908e-d3fb60935b5e	chr20	60744636	63227699	4	4	0
d265b316-a594-546f-908e-d3fb60935b5e	chr20	63230299	63459705	5	4	1
d265b316-a594-546f-908e-d3fb60935b5e	chr20	63468033	64324800	6	4	2
d265b316-a594-546f-908e-d3fb60935b5e	chr21	12973348	46222358	4	2	2
d265b316-a594-546f-908e-d3fb60935b5e	chr21	46222409	46677045	5	3	2
d265b316-a594-546f-908e-d3fb60935b5e	chr22	16392123	21491066	3	3	0
d265b316-a594-546f-908e-d3fb60935b5e	chr22	21562864	22878944	6	3	3
d265b316-a594-546f-908e-d3fb60935b5e	chr22	22879096	24363814	4	3	1
d265b316-a594-546f-908e-d3fb60935b5e	chr22	24364158	24782322	8	5	3
d265b316-a594-546f-908e-d3fb60935b5e	chr22	24785426	24829281	4	3	1
d265b316-a594-546f-908e-d3fb60935b5e	chr22	24829494	24838494	10	7	3
d265b316-a594-546f-908e-d3fb60935b5e	chr22	24838514	50796027	3	3	0
d265b316-a594-546f-908e-d3fb60935b5e	chrX	251810	49051467	1	1	0
d265b316-a594-546f-908e-d3fb60935b5e	chrX	49066561	51335699	3	3	0
d265b316-a594-546f-908e-d3fb60935b5e	chrX	51344421	53882466	4	4	0
d265b316-a594-546f-908e-d3fb60935b5e	chrX	53884322	57076360	3	3	0
d265b316-a594-546f-908e-d3fb60935b5e	chrX	57077139	57738129	5	3	2
d265b316-a594-546f-908e-d3fb60935b5e	chrX	57746154	63606657	4	2	2
d265b316-a594-546f-908e-d3fb60935b5e	chrX	63609099	63659878	3	3	0
d265b316-a594-546f-908e-d3fb60935b5e	chrX	63661830	77099080	5	3	2
d265b316-a594-546f-908e-d3fb60935b5e	chrX	77099156	77686290	3	2	1
d265b316-a594-546f-908e-d3fb60935b5e	chrX	77737795	85289374	5	3	2
d265b316-a594-546f-908e-d3fb60935b5e	chrX	85293640	105307190	3	2	1
d265b316-a594-546f-908e-d3fb60935b5e	chrX	105308307	105343557	1	1	0
d265b316-a594-546f-908e-d3fb60935b5e	chrX	105349989	131754440	3	2	1
d265b316-a594-546f-908e-d3fb60935b5e	chrX	131755878	133852003	4	2	2
d265b316-a594-546f-908e-d3fb60935b5e	chrX	133852314	135092952	3	2	1
d265b316-a594-546f-908e-d3fb60935b5e	chrX	135101454	138891325	4	2	2
d265b316-a594-546f-908e-d3fb60935b5e	chrX	138895711	142624756	3	2	1
d265b316-a594-546f-908e-d3fb60935b5e	chrX	142625477	143688159	2	2	0
d265b316-a594-546f-908e-d3fb60935b5e	chrX	143691034	152326608	3	2	1
d265b316-a594-546f-908e-d3fb60935b5e	chrX	152336687	155248189	4	2	2
d265b316-a594-546f-908e-d3fb60935b5e	chrX	155256181	156004181	2	2	0
d265b316-a594-546f-908e-d3fb60935b5e	chrY	2782397	26653788	0	0	0
d265b316-a594-546f-908e-d3fb60935b5e	chrY	56872112	56872112	3	3	0
