GDC_Aliquot	Chromosome	Start	End	Copy_Number	Major_Copy_Number	Minor_Copy_Number
c00798e9-eb10-5832-825e-b73ab02282b4	chr1	62920	11846011	5	3	2
c00798e9-eb10-5832-825e-b73ab02282b4	chr1	11847591	24347632	6	3	3
c00798e9-eb10-5832-825e-b73ab02282b4	chr1	24348145	38435020	5	3	2
c00798e9-eb10-5832-825e-b73ab02282b4	chr1	38438186	38448404	2	1	1
c00798e9-eb10-5832-825e-b73ab02282b4	chr1	38449579	40821776	6	3	3
c00798e9-eb10-5832-825e-b73ab02282b4	chr1	40821942	40850007	13	7	6
c00798e9-eb10-5832-825e-b73ab02282b4	chr1	40851348	42435411	7	4	3
c00798e9-eb10-5832-825e-b73ab02282b4	chr1	42435502	52669373	5	3	2
c00798e9-eb10-5832-825e-b73ab02282b4	chr1	52669473	53103760	5	4	1
c00798e9-eb10-5832-825e-b73ab02282b4	chr1	53103820	63307543	5	3	2
c00798e9-eb10-5832-825e-b73ab02282b4	chr1	63307694	81401794	6	3	3
c00798e9-eb10-5832-825e-b73ab02282b4	chr1	81405036	94607600	5	3	2
c00798e9-eb10-5832-825e-b73ab02282b4	chr1	94608128	94635769	9	6	3
c00798e9-eb10-5832-825e-b73ab02282b4	chr1	94636361	114727382	5	3	2
c00798e9-eb10-5832-825e-b73ab02282b4	chr1	114731332	121705338	6	3	3
c00798e9-eb10-5832-825e-b73ab02282b4	chr1	143541857	177800873	4	2	2
c00798e9-eb10-5832-825e-b73ab02282b4	chr1	177801455	178727493	5	3	2
c00798e9-eb10-5832-825e-b73ab02282b4	chr1	178727615	219758535	4	2	2
c00798e9-eb10-5832-825e-b73ab02282b4	chr1	219760181	248930189	3	2	1
c00798e9-eb10-5832-825e-b73ab02282b4	chr2	12784	3763577	3	2	1
c00798e9-eb10-5832-825e-b73ab02282b4	chr2	3764949	3773662	7	4	3
c00798e9-eb10-5832-825e-b73ab02282b4	chr2	3776231	75171823	4	2	2
c00798e9-eb10-5832-825e-b73ab02282b4	chr2	75174488	75188128	1	1	0
c00798e9-eb10-5832-825e-b73ab02282b4	chr2	75192619	88807789	5	3	2
c00798e9-eb10-5832-825e-b73ab02282b4	chr2	88807855	101609681	6	3	3
c00798e9-eb10-5832-825e-b73ab02282b4	chr2	101609784	105548331	4	3	1
c00798e9-eb10-5832-825e-b73ab02282b4	chr2	105549109	105562942	9	5	4
c00798e9-eb10-5832-825e-b73ab02282b4	chr2	105563230	122842090	4	3	1
c00798e9-eb10-5832-825e-b73ab02282b4	chr2	122842277	132426846	6	3	3
c00798e9-eb10-5832-825e-b73ab02282b4	chr2	132429370	132432925	14	7	7
c00798e9-eb10-5832-825e-b73ab02282b4	chr2	132433384	141979349	6	3	3
c00798e9-eb10-5832-825e-b73ab02282b4	chr2	141980983	146104517	9	5	4
c00798e9-eb10-5832-825e-b73ab02282b4	chr2	146106836	146109366	0	0	0
c00798e9-eb10-5832-825e-b73ab02282b4	chr2	146120238	150104887	8	4	4
c00798e9-eb10-5832-825e-b73ab02282b4	chr2	150105374	154450240	7	5	2
c00798e9-eb10-5832-825e-b73ab02282b4	chr2	154451105	156116155	4	2	2
c00798e9-eb10-5832-825e-b73ab02282b4	chr2	156116603	156935134	6	4	2
c00798e9-eb10-5832-825e-b73ab02282b4	chr2	156938119	158001074	4	2	2
c00798e9-eb10-5832-825e-b73ab02282b4	chr2	158001253	158013743	10	5	5
c00798e9-eb10-5832-825e-b73ab02282b4	chr2	158015582	159108648	4	2	2
c00798e9-eb10-5832-825e-b73ab02282b4	chr2	159109536	160388291	4	3	1
c00798e9-eb10-5832-825e-b73ab02282b4	chr2	160392286	163151572	3	2	1
c00798e9-eb10-5832-825e-b73ab02282b4	chr2	163151736	166183791	4	3	1
c00798e9-eb10-5832-825e-b73ab02282b4	chr2	166186377	174745231	3	2	1
c00798e9-eb10-5832-825e-b73ab02282b4	chr2	174748331	174759869	8	4	4
c00798e9-eb10-5832-825e-b73ab02282b4	chr2	174762320	198130546	3	2	1
c00798e9-eb10-5832-825e-b73ab02282b4	chr2	198131488	199294421	5	4	1
c00798e9-eb10-5832-825e-b73ab02282b4	chr2	199295094	199308650	3	3	0
c00798e9-eb10-5832-825e-b73ab02282b4	chr2	199311320	205826462	2	1	1
c00798e9-eb10-5832-825e-b73ab02282b4	chr2	205826664	214067130	1	1	0
c00798e9-eb10-5832-825e-b73ab02282b4	chr2	214068785	218127017	2	2	0
c00798e9-eb10-5832-825e-b73ab02282b4	chr2	218127711	221319583	4	4	0
c00798e9-eb10-5832-825e-b73ab02282b4	chr2	221319920	225161108	2	2	0
c00798e9-eb10-5832-825e-b73ab02282b4	chr2	225161138	227785584	4	4	0
c00798e9-eb10-5832-825e-b73ab02282b4	chr2	227788233	228542235	2	2	0
c00798e9-eb10-5832-825e-b73ab02282b4	chr2	228544492	231746173	3	3	0
c00798e9-eb10-5832-825e-b73ab02282b4	chr2	231746906	242147305	2	2	0
c00798e9-eb10-5832-825e-b73ab02282b4	chr3	20930	1439492	3	3	0
c00798e9-eb10-5832-825e-b73ab02282b4	chr3	1444700	1455137	8	4	4
c00798e9-eb10-5832-825e-b73ab02282b4	chr3	1455969	99225667	3	3	0
c00798e9-eb10-5832-825e-b73ab02282b4	chr3	99225703	99230212	0	0	0
c00798e9-eb10-5832-825e-b73ab02282b4	chr3	99230225	116687352	3	3	0
c00798e9-eb10-5832-825e-b73ab02282b4	chr3	116688502	117226233	1	1	0
c00798e9-eb10-5832-825e-b73ab02282b4	chr3	117226369	149979590	3	3	0
c00798e9-eb10-5832-825e-b73ab02282b4	chr3	149980886	150423625	4	4	0
c00798e9-eb10-5832-825e-b73ab02282b4	chr3	150423797	169210482	3	3	0
c00798e9-eb10-5832-825e-b73ab02282b4	chr3	169210939	175488308	2	2	0
c00798e9-eb10-5832-825e-b73ab02282b4	chr3	175489088	175499151	4	2	2
c00798e9-eb10-5832-825e-b73ab02282b4	chr3	175500784	175620893	3	2	1
c00798e9-eb10-5832-825e-b73ab02282b4	chr3	175620989	195042872	6	3	3
c00798e9-eb10-5832-825e-b73ab02282b4	chr3	195043674	195060592	10	5	5
c00798e9-eb10-5832-825e-b73ab02282b4	chr3	195061665	198169247	5	3	2
c00798e9-eb10-5832-825e-b73ab02282b4	chr4	68929	7004898	4	2	2
c00798e9-eb10-5832-825e-b73ab02282b4	chr4	7004909	7485025	3	2	1
c00798e9-eb10-5832-825e-b73ab02282b4	chr4	7485078	14859854	5	3	2
c00798e9-eb10-5832-825e-b73ab02282b4	chr4	14861249	18668076	4	2	2
c00798e9-eb10-5832-825e-b73ab02282b4	chr4	18668396	20944555	6	3	3
c00798e9-eb10-5832-825e-b73ab02282b4	chr4	20944896	36332535	5	3	2
c00798e9-eb10-5832-825e-b73ab02282b4	chr4	36332866	49146817	3	2	1
c00798e9-eb10-5832-825e-b73ab02282b4	chr4	49146905	54373167	5	3	2
c00798e9-eb10-5832-825e-b73ab02282b4	chr4	54374774	54818410	6	3	3
c00798e9-eb10-5832-825e-b73ab02282b4	chr4	54818565	68478894	5	3	2
c00798e9-eb10-5832-825e-b73ab02282b4	chr4	68494770	68640616	14	14	0
c00798e9-eb10-5832-825e-b73ab02282b4	chr4	68655691	69111940	5	3	2
c00798e9-eb10-5832-825e-b73ab02282b4	chr4	69113183	70643152	6	3	3
c00798e9-eb10-5832-825e-b73ab02282b4	chr4	70645119	100247175	4	2	2
c00798e9-eb10-5832-825e-b73ab02282b4	chr4	100247618	105343524	3	2	1
c00798e9-eb10-5832-825e-b73ab02282b4	chr4	105344191	119319983	4	2	2
c00798e9-eb10-5832-825e-b73ab02282b4	chr4	119320069	119337052	1	1	0
c00798e9-eb10-5832-825e-b73ab02282b4	chr4	119339630	190106768	4	2	2
c00798e9-eb10-5832-825e-b73ab02282b4	chr5	15532	2534871	5	3	2
c00798e9-eb10-5832-825e-b73ab02282b4	chr5	2535101	23738763	6	3	3
c00798e9-eb10-5832-825e-b73ab02282b4	chr5	23738915	23763381	12	6	6
c00798e9-eb10-5832-825e-b73ab02282b4	chr5	23763881	46251204	6	3	3
c00798e9-eb10-5832-825e-b73ab02282b4	chr5	46270906	73935696	4	3	1
c00798e9-eb10-5832-825e-b73ab02282b4	chr5	73935841	75042639	4	2	2
c00798e9-eb10-5832-825e-b73ab02282b4	chr5	75043761	75705715	3	2	1
c00798e9-eb10-5832-825e-b73ab02282b4	chr5	75707231	75868542	5	4	1
c00798e9-eb10-5832-825e-b73ab02282b4	chr5	75870434	81658451	3	2	1
c00798e9-eb10-5832-825e-b73ab02282b4	chr5	81662020	87843257	4	3	1
c00798e9-eb10-5832-825e-b73ab02282b4	chr5	87843731	96789850	3	2	1
c00798e9-eb10-5832-825e-b73ab02282b4	chr5	96790082	102667996	5	3	2
c00798e9-eb10-5832-825e-b73ab02282b4	chr5	102668047	107789604	4	2	2
c00798e9-eb10-5832-825e-b73ab02282b4	chr5	107789872	109844762	5	3	2
c00798e9-eb10-5832-825e-b73ab02282b4	chr5	109846885	135685980	3	2	1
c00798e9-eb10-5832-825e-b73ab02282b4	chr5	135686268	165746321	4	3	1
c00798e9-eb10-5832-825e-b73ab02282b4	chr5	165746418	167441849	2	2	0
c00798e9-eb10-5832-825e-b73ab02282b4	chr5	167441877	181363319	3	2	1
c00798e9-eb10-5832-825e-b73ab02282b4	chr6	149661	6157375	4	2	2
c00798e9-eb10-5832-825e-b73ab02282b4	chr6	6157724	6177850	8	4	4
c00798e9-eb10-5832-825e-b73ab02282b4	chr6	6179649	23733124	5	3	2
c00798e9-eb10-5832-825e-b73ab02282b4	chr6	23735786	39085320	4	2	2
c00798e9-eb10-5832-825e-b73ab02282b4	chr6	39086337	44990086	5	3	2
c00798e9-eb10-5832-825e-b73ab02282b4	chr6	44990635	45919684	6	3	3
c00798e9-eb10-5832-825e-b73ab02282b4	chr6	45920166	45931284	11	6	5
c00798e9-eb10-5832-825e-b73ab02282b4	chr6	45932086	49121866	5	3	2
c00798e9-eb10-5832-825e-b73ab02282b4	chr6	49122617	51842768	4	2	2
c00798e9-eb10-5832-825e-b73ab02282b4	chr6	51846523	52520546	5	3	2
c00798e9-eb10-5832-825e-b73ab02282b4	chr6	52524077	52544822	2	1	1
c00798e9-eb10-5832-825e-b73ab02282b4	chr6	52546324	60629632	5	3	2
c00798e9-eb10-5832-825e-b73ab02282b4	chr6	60630553	113302025	3	3	0
c00798e9-eb10-5832-825e-b73ab02282b4	chr6	113305571	119671988	2	2	0
c00798e9-eb10-5832-825e-b73ab02282b4	chr6	119672708	125253363	3	3	0
c00798e9-eb10-5832-825e-b73ab02282b4	chr6	125253550	125266815	6	6	0
c00798e9-eb10-5832-825e-b73ab02282b4	chr6	125267304	159301150	3	3	0
c00798e9-eb10-5832-825e-b73ab02282b4	chr6	159301516	159527927	4	4	0
c00798e9-eb10-5832-825e-b73ab02282b4	chr6	159528837	170741917	3	3	0
c00798e9-eb10-5832-825e-b73ab02282b4	chr7	43259	4136840	2	1	1
c00798e9-eb10-5832-825e-b73ab02282b4	chr7	4138204	8143690	4	3	1
c00798e9-eb10-5832-825e-b73ab02282b4	chr7	8145331	10756518	3	2	1
c00798e9-eb10-5832-825e-b73ab02282b4	chr7	10758791	10914592	6	3	3
c00798e9-eb10-5832-825e-b73ab02282b4	chr7	10915465	11488873	5	4	1
c00798e9-eb10-5832-825e-b73ab02282b4	chr7	11488945	14225554	4	3	1
c00798e9-eb10-5832-825e-b73ab02282b4	chr7	14229577	21012884	5	3	2
c00798e9-eb10-5832-825e-b73ab02282b4	chr7	21013869	22063809	4	3	1
c00798e9-eb10-5832-825e-b73ab02282b4	chr7	22065046	22102455	7	6	1
c00798e9-eb10-5832-825e-b73ab02282b4	chr7	22105205	30473404	4	3	1
c00798e9-eb10-5832-825e-b73ab02282b4	chr7	30473543	32364181	5	4	1
c00798e9-eb10-5832-825e-b73ab02282b4	chr7	32364809	49802225	4	2	2
c00798e9-eb10-5832-825e-b73ab02282b4	chr7	49803559	68397579	3	2	1
c00798e9-eb10-5832-825e-b73ab02282b4	chr7	68398417	68403899	7	4	3
c00798e9-eb10-5832-825e-b73ab02282b4	chr7	68405225	78357322	3	2	1
c00798e9-eb10-5832-825e-b73ab02282b4	chr7	78362882	78484633	2	2	0
c00798e9-eb10-5832-825e-b73ab02282b4	chr7	78486869	78687038	1	1	0
c00798e9-eb10-5832-825e-b73ab02282b4	chr7	78687291	97339224	4	2	2
c00798e9-eb10-5832-825e-b73ab02282b4	chr7	97339364	107894647	3	2	1
c00798e9-eb10-5832-825e-b73ab02282b4	chr7	107895853	112471361	4	2	2
c00798e9-eb10-5832-825e-b73ab02282b4	chr7	112471786	112479163	1	1	0
c00798e9-eb10-5832-825e-b73ab02282b4	chr7	112480978	134327517	3	2	1
c00798e9-eb10-5832-825e-b73ab02282b4	chr7	134328008	135182018	5	3	2
c00798e9-eb10-5832-825e-b73ab02282b4	chr7	135183764	135196685	2	1	1
c00798e9-eb10-5832-825e-b73ab02282b4	chr7	135197671	144022790	4	3	1
c00798e9-eb10-5832-825e-b73ab02282b4	chr7	144022841	147091133	4	2	2
c00798e9-eb10-5832-825e-b73ab02282b4	chr7	147098765	147242372	3	3	0
c00798e9-eb10-5832-825e-b73ab02282b4	chr7	147242746	147310646	1	1	0
c00798e9-eb10-5832-825e-b73ab02282b4	chr7	147311442	147466177	2	2	0
c00798e9-eb10-5832-825e-b73ab02282b4	chr7	147467187	159334314	4	2	2
c00798e9-eb10-5832-825e-b73ab02282b4	chr8	81254	9356189	4	2	2
c00798e9-eb10-5832-825e-b73ab02282b4	chr8	9356321	43498343	3	2	1
c00798e9-eb10-5832-825e-b73ab02282b4	chr8	43505549	66294667	5	3	2
c00798e9-eb10-5832-825e-b73ab02282b4	chr8	66294889	81659199	6	4	2
c00798e9-eb10-5832-825e-b73ab02282b4	chr8	81660414	107851761	7	4	3
c00798e9-eb10-5832-825e-b73ab02282b4	chr8	107853783	108012246	14	11	3
c00798e9-eb10-5832-825e-b73ab02282b4	chr8	108013023	108073931	11	7	4
c00798e9-eb10-5832-825e-b73ab02282b4	chr8	108074101	118839780	6	4	2
c00798e9-eb10-5832-825e-b73ab02282b4	chr8	118840207	141060634	6	3	3
c00798e9-eb10-5832-825e-b73ab02282b4	chr8	141060879	145072769	5	3	2
c00798e9-eb10-5832-825e-b73ab02282b4	chr9	46587	646656	3	2	1
c00798e9-eb10-5832-825e-b73ab02282b4	chr9	648732	1351988	4	2	2
c00798e9-eb10-5832-825e-b73ab02282b4	chr9	1352545	7057701	2	1	1
c00798e9-eb10-5832-825e-b73ab02282b4	chr9	7057782	27696703	3	2	1
c00798e9-eb10-5832-825e-b73ab02282b4	chr9	27701894	28587996	4	2	2
c00798e9-eb10-5832-825e-b73ab02282b4	chr9	28588577	32393947	3	2	1
c00798e9-eb10-5832-825e-b73ab02282b4	chr9	32395898	36915059	4	2	2
c00798e9-eb10-5832-825e-b73ab02282b4	chr9	36915246	38721211	2	1	1
c00798e9-eb10-5832-825e-b73ab02282b4	chr9	38721645	41741113	5	3	2
c00798e9-eb10-5832-825e-b73ab02282b4	chr9	60863881	113342125	4	2	2
c00798e9-eb10-5832-825e-b73ab02282b4	chr9	113342246	113360674	1	1	0
c00798e9-eb10-5832-825e-b73ab02282b4	chr9	113361391	129281353	4	2	2
c00798e9-eb10-5832-825e-b73ab02282b4	chr9	129286385	129819033	5	4	1
c00798e9-eb10-5832-825e-b73ab02282b4	chr9	129820472	133698961	4	2	2
c00798e9-eb10-5832-825e-b73ab02282b4	chr9	133699000	133753192	7	4	3
c00798e9-eb10-5832-825e-b73ab02282b4	chr9	133753594	138200944	4	2	2
c00798e9-eb10-5832-825e-b73ab02282b4	chr10	45792	42461021	3	2	1
c00798e9-eb10-5832-825e-b73ab02282b4	chr10	42461882	46178860	2	2	0
c00798e9-eb10-5832-825e-b73ab02282b4	chr10	46188877	48079548	8	4	4
c00798e9-eb10-5832-825e-b73ab02282b4	chr10	48079560	52433546	2	2	0
c00798e9-eb10-5832-825e-b73ab02282b4	chr10	52434058	62151481	3	3	0
c00798e9-eb10-5832-825e-b73ab02282b4	chr10	62152111	66412360	2	2	0
c00798e9-eb10-5832-825e-b73ab02282b4	chr10	66413772	66455070	6	6	0
c00798e9-eb10-5832-825e-b73ab02282b4	chr10	66455397	133654968	2	2	0
c00798e9-eb10-5832-825e-b73ab02282b4	chr11	198510	5772353	2	2	0
c00798e9-eb10-5832-825e-b73ab02282b4	chr11	5773015	5788108	0	0	0
c00798e9-eb10-5832-825e-b73ab02282b4	chr11	5788231	12705642	3	3	0
c00798e9-eb10-5832-825e-b73ab02282b4	chr11	12712906	16778558	4	3	1
c00798e9-eb10-5832-825e-b73ab02282b4	chr11	16780681	18287559	2	2	0
c00798e9-eb10-5832-825e-b73ab02282b4	chr11	18288061	21901581	3	2	1
c00798e9-eb10-5832-825e-b73ab02282b4	chr11	21902673	26683664	4	3	1
c00798e9-eb10-5832-825e-b73ab02282b4	chr11	26683763	28476687	6	3	3
c00798e9-eb10-5832-825e-b73ab02282b4	chr11	28476962	30670090	5	3	2
c00798e9-eb10-5832-825e-b73ab02282b4	chr11	30680474	43946518	5	4	1
c00798e9-eb10-5832-825e-b73ab02282b4	chr11	43946802	56163981	3	2	1
c00798e9-eb10-5832-825e-b73ab02282b4	chr11	56167521	56667884	2	1	1
c00798e9-eb10-5832-825e-b73ab02282b4	chr11	56668139	64205924	4	3	1
c00798e9-eb10-5832-825e-b73ab02282b4	chr11	64216132	75598563	3	2	1
c00798e9-eb10-5832-825e-b73ab02282b4	chr11	75601815	76284088	4	3	1
c00798e9-eb10-5832-825e-b73ab02282b4	chr11	76284363	77520317	4	2	2
c00798e9-eb10-5832-825e-b73ab02282b4	chr11	77520894	78774527	3	2	1
c00798e9-eb10-5832-825e-b73ab02282b4	chr11	78775096	79986465	4	2	2
c00798e9-eb10-5832-825e-b73ab02282b4	chr11	79986936	80084345	1	1	0
c00798e9-eb10-5832-825e-b73ab02282b4	chr11	80085265	83470713	3	2	1
c00798e9-eb10-5832-825e-b73ab02282b4	chr11	83473382	84769104	2	1	1
c00798e9-eb10-5832-825e-b73ab02282b4	chr11	84770174	101818592	3	2	1
c00798e9-eb10-5832-825e-b73ab02282b4	chr11	101821591	102590582	7	6	1
c00798e9-eb10-5832-825e-b73ab02282b4	chr11	102591864	102633548	5	3	2
c00798e9-eb10-5832-825e-b73ab02282b4	chr11	102633740	104692189	8	7	1
c00798e9-eb10-5832-825e-b73ab02282b4	chr11	104692840	107324492	3	2	1
c00798e9-eb10-5832-825e-b73ab02282b4	chr11	107324855	110814503	4	3	1
c00798e9-eb10-5832-825e-b73ab02282b4	chr11	110814785	110826741	1	1	0
c00798e9-eb10-5832-825e-b73ab02282b4	chr11	110826881	135074876	4	3	1
c00798e9-eb10-5832-825e-b73ab02282b4	chr12	51460	34330205	2	2	0
c00798e9-eb10-5832-825e-b73ab02282b4	chr12	34330665	39961850	5	3	2
c00798e9-eb10-5832-825e-b73ab02282b4	chr12	39968474	52271157	4	2	2
c00798e9-eb10-5832-825e-b73ab02282b4	chr12	52271938	125216625	3	2	1
c00798e9-eb10-5832-825e-b73ab02282b4	chr12	125219721	125227134	8	4	4
c00798e9-eb10-5832-825e-b73ab02282b4	chr12	125227386	133201603	3	2	1
c00798e9-eb10-5832-825e-b73ab02282b4	chr13	18452809	20932283	3	2	1
c00798e9-eb10-5832-825e-b73ab02282b4	chr13	20935402	30556757	2	1	1
c00798e9-eb10-5832-825e-b73ab02282b4	chr13	30557478	31653502	2	2	0
c00798e9-eb10-5832-825e-b73ab02282b4	chr13	31654588	56762342	2	1	1
c00798e9-eb10-5832-825e-b73ab02282b4	chr13	56762592	78534945	3	2	1
c00798e9-eb10-5832-825e-b73ab02282b4	chr13	78535383	99383959	5	4	1
c00798e9-eb10-5832-825e-b73ab02282b4	chr13	99384164	100504484	6	5	1
c00798e9-eb10-5832-825e-b73ab02282b4	chr13	100505075	114342922	5	4	1
c00798e9-eb10-5832-825e-b73ab02282b4	chr14	18239283	22632004	6	3	3
c00798e9-eb10-5832-825e-b73ab02282b4	chr14	22633534	22644437	15	8	7
c00798e9-eb10-5832-825e-b73ab02282b4	chr14	22645313	33392600	6	3	3
c00798e9-eb10-5832-825e-b73ab02282b4	chr14	33392731	36537942	5	3	2
c00798e9-eb10-5832-825e-b73ab02282b4	chr14	36538184	52912926	4	2	2
c00798e9-eb10-5832-825e-b73ab02282b4	chr14	52913296	52932312	10	7	3
c00798e9-eb10-5832-825e-b73ab02282b4	chr14	52933911	62921876	4	2	2
c00798e9-eb10-5832-825e-b73ab02282b4	chr14	62921940	65734798	3	2	1
c00798e9-eb10-5832-825e-b73ab02282b4	chr14	65736309	65809202	6	3	3
c00798e9-eb10-5832-825e-b73ab02282b4	chr14	65810096	78091422	3	2	1
c00798e9-eb10-5832-825e-b73ab02282b4	chr14	78091772	79944129	6	4	2
c00798e9-eb10-5832-825e-b73ab02282b4	chr14	79944936	105758187	5	3	2
c00798e9-eb10-5832-825e-b73ab02282b4	chr14	105779965	106462169	11	11	0
c00798e9-eb10-5832-825e-b73ab02282b4	chr14	106462183	106877229	6	3	3
c00798e9-eb10-5832-825e-b73ab02282b4	chr15	19811075	24364876	5	3	2
c00798e9-eb10-5832-825e-b73ab02282b4	chr15	24367284	26834682	3	2	1
c00798e9-eb10-5832-825e-b73ab02282b4	chr15	26835390	40672512	2	1	1
c00798e9-eb10-5832-825e-b73ab02282b4	chr15	40686528	45680059	4	3	1
c00798e9-eb10-5832-825e-b73ab02282b4	chr15	45680755	46337093	6	3	3
c00798e9-eb10-5832-825e-b73ab02282b4	chr15	46341576	51226876	5	4	1
c00798e9-eb10-5832-825e-b73ab02282b4	chr15	51227462	51581457	6	3	3
c00798e9-eb10-5832-825e-b73ab02282b4	chr15	51581744	68318031	4	3	1
c00798e9-eb10-5832-825e-b73ab02282b4	chr15	68318046	71632735	6	5	1
c00798e9-eb10-5832-825e-b73ab02282b4	chr15	71632775	72192657	7	6	1
c00798e9-eb10-5832-825e-b73ab02282b4	chr15	72194168	73401401	10	9	1
c00798e9-eb10-5832-825e-b73ab02282b4	chr15	73401961	74299920	6	5	1
c00798e9-eb10-5832-825e-b73ab02282b4	chr15	74300242	76140601	7	5	2
c00798e9-eb10-5832-825e-b73ab02282b4	chr15	76142040	76586021	6	5	1
c00798e9-eb10-5832-825e-b73ab02282b4	chr15	76598900	76603433	0	0	0
c00798e9-eb10-5832-825e-b73ab02282b4	chr15	76603434	83835687	6	5	1
c00798e9-eb10-5832-825e-b73ab02282b4	chr15	83835935	101928837	7	5	2
c00798e9-eb10-5832-825e-b73ab02282b4	chr16	10777	4675360	2	2	0
c00798e9-eb10-5832-825e-b73ab02282b4	chr16	4675449	6563248	4	3	1
c00798e9-eb10-5832-825e-b73ab02282b4	chr16	6568259	9613808	3	2	1
c00798e9-eb10-5832-825e-b73ab02282b4	chr16	9613999	9628542	5	4	1
c00798e9-eb10-5832-825e-b73ab02282b4	chr16	9629147	31948830	2	1	1
c00798e9-eb10-5832-825e-b73ab02282b4	chr16	31954295	34161502	5	5	0
c00798e9-eb10-5832-825e-b73ab02282b4	chr16	34165318	35119001	5	3	2
c00798e9-eb10-5832-825e-b73ab02282b4	chr16	35123823	35374520	6	3	3
c00798e9-eb10-5832-825e-b73ab02282b4	chr16	35375297	36048855	5	3	2
c00798e9-eb10-5832-825e-b73ab02282b4	chr16	46441986	62741921	3	2	1
c00798e9-eb10-5832-825e-b73ab02282b4	chr16	62742099	62750065	9	6	3
c00798e9-eb10-5832-825e-b73ab02282b4	chr16	62750093	71327969	3	2	1
c00798e9-eb10-5832-825e-b73ab02282b4	chr16	71327983	71344777	7	5	2
c00798e9-eb10-5832-825e-b73ab02282b4	chr16	71345480	90096867	3	2	1
c00798e9-eb10-5832-825e-b73ab02282b4	chr17	150733	272714	5	4	1
c00798e9-eb10-5832-825e-b73ab02282b4	chr17	275115	10937040	2	2	0
c00798e9-eb10-5832-825e-b73ab02282b4	chr17	10937082	27458716	6	3	3
c00798e9-eb10-5832-825e-b73ab02282b4	chr17	27460208	35005001	4	2	2
c00798e9-eb10-5832-825e-b73ab02282b4	chr17	35005610	46136800	3	2	1
c00798e9-eb10-5832-825e-b73ab02282b4	chr17	46137522	46323701	7	4	3
c00798e9-eb10-5832-825e-b73ab02282b4	chr17	46351954	49551633	3	2	1
c00798e9-eb10-5832-825e-b73ab02282b4	chr17	49552921	62093862	4	2	2
c00798e9-eb10-5832-825e-b73ab02282b4	chr17	62094589	62186850	4	3	1
c00798e9-eb10-5832-825e-b73ab02282b4	chr17	62186879	62388785	4	2	2
c00798e9-eb10-5832-825e-b73ab02282b4	chr17	62391018	80100647	5	3	2
c00798e9-eb10-5832-825e-b73ab02282b4	chr17	80102793	80119658	10	5	5
c00798e9-eb10-5832-825e-b73ab02282b4	chr17	80120023	83091923	4	2	2
c00798e9-eb10-5832-825e-b73ab02282b4	chr18	48133	15402409	6	3	3
c00798e9-eb10-5832-825e-b73ab02282b4	chr18	20949392	53984014	5	3	2
c00798e9-eb10-5832-825e-b73ab02282b4	chr18	53984176	57388250	5	4	1
c00798e9-eb10-5832-825e-b73ab02282b4	chr18	57389402	80257174	4	2	2
c00798e9-eb10-5832-825e-b73ab02282b4	chr19	90910	2924343	2	2	0
c00798e9-eb10-5832-825e-b73ab02282b4	chr19	2924900	7166127	3	3	0
c00798e9-eb10-5832-825e-b73ab02282b4	chr19	7168922	10712568	4	4	0
c00798e9-eb10-5832-825e-b73ab02282b4	chr19	10713264	21205006	1	1	0
c00798e9-eb10-5832-825e-b73ab02282b4	chr19	21206119	21210335	0	0	0
c00798e9-eb10-5832-825e-b73ab02282b4	chr19	21210794	23901702	2	2	0
c00798e9-eb10-5832-825e-b73ab02282b4	chr19	23902134	24338821	4	4	0
c00798e9-eb10-5832-825e-b73ab02282b4	chr19	24399775	28418572	8	4	4
c00798e9-eb10-5832-825e-b73ab02282b4	chr19	28418764	29580356	6	3	3
c00798e9-eb10-5832-825e-b73ab02282b4	chr19	29580380	29600559	2	1	1
c00798e9-eb10-5832-825e-b73ab02282b4	chr19	29601478	29938581	6	3	3
c00798e9-eb10-5832-825e-b73ab02282b4	chr19	29942076	30257092	2	2	0
c00798e9-eb10-5832-825e-b73ab02282b4	chr19	30260800	32097397	4	2	2
c00798e9-eb10-5832-825e-b73ab02282b4	chr19	32097798	52100700	3	2	1
c00798e9-eb10-5832-825e-b73ab02282b4	chr19	52101160	54007771	4	2	2
c00798e9-eb10-5832-825e-b73ab02282b4	chr19	54015056	58586487	3	2	1
c00798e9-eb10-5832-825e-b73ab02282b4	chr20	80664	63598754	5	3	2
c00798e9-eb10-5832-825e-b73ab02282b4	chr20	63599621	64324800	4	2	2
c00798e9-eb10-5832-825e-b73ab02282b4	chr21	12973348	40648833	5	3	2
c00798e9-eb10-5832-825e-b73ab02282b4	chr21	40649443	40666248	8	4	4
c00798e9-eb10-5832-825e-b73ab02282b4	chr21	40666767	46677045	4	2	2
c00798e9-eb10-5832-825e-b73ab02282b4	chr22	16392123	19102391	5	3	2
c00798e9-eb10-5832-825e-b73ab02282b4	chr22	19102964	20026950	7	4	3
c00798e9-eb10-5832-825e-b73ab02282b4	chr22	20027493	21763145	5	3	2
c00798e9-eb10-5832-825e-b73ab02282b4	chr22	21765728	29657250	3	3	0
c00798e9-eb10-5832-825e-b73ab02282b4	chr22	29657950	41524686	4	4	0
c00798e9-eb10-5832-825e-b73ab02282b4	chr22	41525720	50796027	3	3	0
c00798e9-eb10-5832-825e-b73ab02282b4	chrX	251810	1507378	3	2	1
c00798e9-eb10-5832-825e-b73ab02282b4	chrX	1520566	1892047	5	3	2
c00798e9-eb10-5832-825e-b73ab02282b4	chrX	1897825	2429205	2	1	1
c00798e9-eb10-5832-825e-b73ab02282b4	chrX	2432545	2553080	6	3	3
c00798e9-eb10-5832-825e-b73ab02282b4	chrX	2553682	2735872	3	2	1
c00798e9-eb10-5832-825e-b73ab02282b4	chrX	2738809	2776199	5	3	2
c00798e9-eb10-5832-825e-b73ab02282b4	chrX	2785350	37818404	0	0	0
c00798e9-eb10-5832-825e-b73ab02282b4	chrX	37820550	40816114	3	3	0
c00798e9-eb10-5832-825e-b73ab02282b4	chrX	40816800	64289673	1	1	0
c00798e9-eb10-5832-825e-b73ab02282b4	chrX	64289744	142893607	0	0	0
c00798e9-eb10-5832-825e-b73ab02282b4	chrX	142893951	143039178	4	4	0
c00798e9-eb10-5832-825e-b73ab02282b4	chrX	143044368	147648611	0	0	0
c00798e9-eb10-5832-825e-b73ab02282b4	chrX	147652644	150592453	5	5	0
c00798e9-eb10-5832-825e-b73ab02282b4	chrX	150596086	152191507	2	2	0
c00798e9-eb10-5832-825e-b73ab02282b4	chrX	152191841	155246216	4	4	0
c00798e9-eb10-5832-825e-b73ab02282b4	chrX	155246653	155632326	1	1	0
c00798e9-eb10-5832-825e-b73ab02282b4	chrX	155632677	156004181	3	3	0
c00798e9-eb10-5832-825e-b73ab02282b4	chrY	2782397	26653788	6	5	1
c00798e9-eb10-5832-825e-b73ab02282b4	chrY	56872112	56872112	7	7	0
