GDC_Aliquot	Chromosome	Start	End	Copy_Number	Major_Copy_Number	Minor_Copy_Number
dfe93ee0-d6d5-5cbf-985b-4d6011357785	chr1	62920	4375961	6	3	3
dfe93ee0-d6d5-5cbf-985b-4d6011357785	chr1	4380538	5537695	7	4	3
dfe93ee0-d6d5-5cbf-985b-4d6011357785	chr1	5539647	13948688	6	3	3
dfe93ee0-d6d5-5cbf-985b-4d6011357785	chr1	13949084	14046725	8	5	3
dfe93ee0-d6d5-5cbf-985b-4d6011357785	chr1	14046978	101393501	7	4	3
dfe93ee0-d6d5-5cbf-985b-4d6011357785	chr1	101393732	101464346	4	3	1
dfe93ee0-d6d5-5cbf-985b-4d6011357785	chr1	101464824	101624710	6	3	3
dfe93ee0-d6d5-5cbf-985b-4d6011357785	chr1	101625108	121705338	7	4	3
dfe93ee0-d6d5-5cbf-985b-4d6011357785	chr1	143541857	152583051	10	7	3
dfe93ee0-d6d5-5cbf-985b-4d6011357785	chr1	152583230	152614064	0	0	0
dfe93ee0-d6d5-5cbf-985b-4d6011357785	chr1	152614100	156032988	10	7	3
dfe93ee0-d6d5-5cbf-985b-4d6011357785	chr1	156039096	156755161	3	2	1
dfe93ee0-d6d5-5cbf-985b-4d6011357785	chr1	156755209	156867046	9	7	2
dfe93ee0-d6d5-5cbf-985b-4d6011357785	chr1	156869382	182888000	4	3	1
dfe93ee0-d6d5-5cbf-985b-4d6011357785	chr1	182888873	182973940	5	3	2
dfe93ee0-d6d5-5cbf-985b-4d6011357785	chr1	182974444	187644539	4	3	1
dfe93ee0-d6d5-5cbf-985b-4d6011357785	chr1	187646413	237664204	2	2	0
dfe93ee0-d6d5-5cbf-985b-4d6011357785	chr1	237664346	237998873	3	3	0
dfe93ee0-d6d5-5cbf-985b-4d6011357785	chr1	238005675	238022355	10	8	2
dfe93ee0-d6d5-5cbf-985b-4d6011357785	chr1	238022588	238059096	9	7	2
dfe93ee0-d6d5-5cbf-985b-4d6011357785	chr1	238060195	239354678	2	2	0
dfe93ee0-d6d5-5cbf-985b-4d6011357785	chr1	239355766	248397000	6	3	3
dfe93ee0-d6d5-5cbf-985b-4d6011357785	chr1	248397440	248691660	12	10	2
dfe93ee0-d6d5-5cbf-985b-4d6011357785	chr1	248692311	248930189	16	13	3
dfe93ee0-d6d5-5cbf-985b-4d6011357785	chr2	12784	3765126	5	5	0
dfe93ee0-d6d5-5cbf-985b-4d6011357785	chr2	3765517	4158097	6	6	0
dfe93ee0-d6d5-5cbf-985b-4d6011357785	chr2	4166274	4175577	0	0	0
dfe93ee0-d6d5-5cbf-985b-4d6011357785	chr2	4175922	10386259	6	6	0
dfe93ee0-d6d5-5cbf-985b-4d6011357785	chr2	10389666	10777517	5	5	0
dfe93ee0-d6d5-5cbf-985b-4d6011357785	chr2	10779086	23477733	6	6	0
dfe93ee0-d6d5-5cbf-985b-4d6011357785	chr2	23478234	27505910	5	5	0
dfe93ee0-d6d5-5cbf-985b-4d6011357785	chr2	27506613	31023327	6	6	0
dfe93ee0-d6d5-5cbf-985b-4d6011357785	chr2	31023383	31027855	4	4	0
dfe93ee0-d6d5-5cbf-985b-4d6011357785	chr2	31029795	94714804	6	6	0
dfe93ee0-d6d5-5cbf-985b-4d6011357785	chr2	94717559	140999023	3	3	0
dfe93ee0-d6d5-5cbf-985b-4d6011357785	chr2	140999230	141020660	1	1	0
dfe93ee0-d6d5-5cbf-985b-4d6011357785	chr2	141021027	141021214	2	2	0
dfe93ee0-d6d5-5cbf-985b-4d6011357785	chr2	141021495	141156763	1	1	0
dfe93ee0-d6d5-5cbf-985b-4d6011357785	chr2	141157666	186096227	3	3	0
dfe93ee0-d6d5-5cbf-985b-4d6011357785	chr2	186098903	186274972	1	1	0
dfe93ee0-d6d5-5cbf-985b-4d6011357785	chr2	186277279	199284527	3	3	0
dfe93ee0-d6d5-5cbf-985b-4d6011357785	chr2	199285222	199362140	1	1	0
dfe93ee0-d6d5-5cbf-985b-4d6011357785	chr2	199365924	199772128	0	0	0
dfe93ee0-d6d5-5cbf-985b-4d6011357785	chr2	199773786	199915207	1	1	0
dfe93ee0-d6d5-5cbf-985b-4d6011357785	chr2	199917280	211410212	3	3	0
dfe93ee0-d6d5-5cbf-985b-4d6011357785	chr2	211410777	214068785	2	2	0
dfe93ee0-d6d5-5cbf-985b-4d6011357785	chr2	214069016	227725119	3	3	0
dfe93ee0-d6d5-5cbf-985b-4d6011357785	chr2	227725186	227802740	6	6	0
dfe93ee0-d6d5-5cbf-985b-4d6011357785	chr2	227806707	242147305	2	2	0
dfe93ee0-d6d5-5cbf-985b-4d6011357785	chr3	20930	25143957	3	2	1
dfe93ee0-d6d5-5cbf-985b-4d6011357785	chr3	25145050	25398868	2	2	0
dfe93ee0-d6d5-5cbf-985b-4d6011357785	chr3	25403074	79881033	3	2	1
dfe93ee0-d6d5-5cbf-985b-4d6011357785	chr3	79881150	85237693	5	3	2
dfe93ee0-d6d5-5cbf-985b-4d6011357785	chr3	85241828	85745678	3	2	1
dfe93ee0-d6d5-5cbf-985b-4d6011357785	chr3	85748476	98047931	5	3	2
dfe93ee0-d6d5-5cbf-985b-4d6011357785	chr3	98048338	98069005	4	2	2
dfe93ee0-d6d5-5cbf-985b-4d6011357785	chr3	98072180	116769652	5	3	2
dfe93ee0-d6d5-5cbf-985b-4d6011357785	chr3	116774159	116902509	3	2	1
dfe93ee0-d6d5-5cbf-985b-4d6011357785	chr3	116906944	116937519	0	0	0
dfe93ee0-d6d5-5cbf-985b-4d6011357785	chr3	116938890	117114058	2	2	0
dfe93ee0-d6d5-5cbf-985b-4d6011357785	chr3	117119049	198169247	5	3	2
dfe93ee0-d6d5-5cbf-985b-4d6011357785	chr4	68929	3534275	3	2	1
dfe93ee0-d6d5-5cbf-985b-4d6011357785	chr4	3534385	10208766	4	2	2
dfe93ee0-d6d5-5cbf-985b-4d6011357785	chr4	10212536	10233644	0	0	0
dfe93ee0-d6d5-5cbf-985b-4d6011357785	chr4	10234518	18613483	4	2	2
dfe93ee0-d6d5-5cbf-985b-4d6011357785	chr4	18614554	18637458	2	1	1
dfe93ee0-d6d5-5cbf-985b-4d6011357785	chr4	18638078	34777432	4	2	2
dfe93ee0-d6d5-5cbf-985b-4d6011357785	chr4	34784878	34823103	0	0	0
dfe93ee0-d6d5-5cbf-985b-4d6011357785	chr4	34828250	48904602	4	2	2
dfe93ee0-d6d5-5cbf-985b-4d6011357785	chr4	48910705	58509430	5	3	2
dfe93ee0-d6d5-5cbf-985b-4d6011357785	chr4	58509478	58531502	3	2	1
dfe93ee0-d6d5-5cbf-985b-4d6011357785	chr4	58532153	63618182	5	3	2
dfe93ee0-d6d5-5cbf-985b-4d6011357785	chr4	63618196	94522223	4	2	2
dfe93ee0-d6d5-5cbf-985b-4d6011357785	chr4	94523952	96004734	5	3	2
dfe93ee0-d6d5-5cbf-985b-4d6011357785	chr4	96004759	107596849	4	2	2
dfe93ee0-d6d5-5cbf-985b-4d6011357785	chr4	107597671	111222751	5	3	2
dfe93ee0-d6d5-5cbf-985b-4d6011357785	chr4	111224714	154499213	4	2	2
dfe93ee0-d6d5-5cbf-985b-4d6011357785	chr4	154499335	154641785	6	4	2
dfe93ee0-d6d5-5cbf-985b-4d6011357785	chr4	154641799	163910993	4	2	2
dfe93ee0-d6d5-5cbf-985b-4d6011357785	chr4	163911457	163924138	2	1	1
dfe93ee0-d6d5-5cbf-985b-4d6011357785	chr4	163927501	186416555	4	2	2
dfe93ee0-d6d5-5cbf-985b-4d6011357785	chr4	186416803	189166605	5	3	2
dfe93ee0-d6d5-5cbf-985b-4d6011357785	chr4	189166622	190106768	3	2	1
dfe93ee0-d6d5-5cbf-985b-4d6011357785	chr5	15532	2091517	5	3	2
dfe93ee0-d6d5-5cbf-985b-4d6011357785	chr5	2095119	11996046	6	3	3
dfe93ee0-d6d5-5cbf-985b-4d6011357785	chr5	11998794	16896909	5	3	2
dfe93ee0-d6d5-5cbf-985b-4d6011357785	chr5	16897337	16923734	6	3	3
dfe93ee0-d6d5-5cbf-985b-4d6011357785	chr5	16924107	26866654	5	3	2
dfe93ee0-d6d5-5cbf-985b-4d6011357785	chr5	26866814	29501723	7	4	3
dfe93ee0-d6d5-5cbf-985b-4d6011357785	chr5	29501878	31529076	6	3	3
dfe93ee0-d6d5-5cbf-985b-4d6011357785	chr5	31535247	32069306	7	4	3
dfe93ee0-d6d5-5cbf-985b-4d6011357785	chr5	32069452	57995253	5	3	2
dfe93ee0-d6d5-5cbf-985b-4d6011357785	chr5	57995328	58064843	13	7	6
dfe93ee0-d6d5-5cbf-985b-4d6011357785	chr5	58071766	84717919	5	3	2
dfe93ee0-d6d5-5cbf-985b-4d6011357785	chr5	84720478	84741553	4	2	2
dfe93ee0-d6d5-5cbf-985b-4d6011357785	chr5	84747242	97153081	5	3	2
dfe93ee0-d6d5-5cbf-985b-4d6011357785	chr5	97154558	103028339	4	2	2
dfe93ee0-d6d5-5cbf-985b-4d6011357785	chr5	103030349	126311783	5	3	2
dfe93ee0-d6d5-5cbf-985b-4d6011357785	chr5	126312290	127342362	2	2	0
dfe93ee0-d6d5-5cbf-985b-4d6011357785	chr5	127343989	133525617	4	2	2
dfe93ee0-d6d5-5cbf-985b-4d6011357785	chr5	133525810	133530590	8	4	4
dfe93ee0-d6d5-5cbf-985b-4d6011357785	chr5	133531057	164832718	4	2	2
dfe93ee0-d6d5-5cbf-985b-4d6011357785	chr5	164837634	165691459	3	2	1
dfe93ee0-d6d5-5cbf-985b-4d6011357785	chr5	165692213	165803022	1	1	0
dfe93ee0-d6d5-5cbf-985b-4d6011357785	chr5	165804717	172496707	2	2	0
dfe93ee0-d6d5-5cbf-985b-4d6011357785	chr5	172497285	172513955	3	3	0
dfe93ee0-d6d5-5cbf-985b-4d6011357785	chr5	172514401	181363319	2	2	0
dfe93ee0-d6d5-5cbf-985b-4d6011357785	chr6	149661	133398548	5	3	2
dfe93ee0-d6d5-5cbf-985b-4d6011357785	chr6	133399108	133704435	6	3	3
dfe93ee0-d6d5-5cbf-985b-4d6011357785	chr6	133705976	170741917	5	3	2
dfe93ee0-d6d5-5cbf-985b-4d6011357785	chr7	43259	197497	3	2	1
dfe93ee0-d6d5-5cbf-985b-4d6011357785	chr7	197867	2413092	4	2	2
dfe93ee0-d6d5-5cbf-985b-4d6011357785	chr7	2417164	24939784	6	3	3
dfe93ee0-d6d5-5cbf-985b-4d6011357785	chr7	24940096	24983822	5	3	2
dfe93ee0-d6d5-5cbf-985b-4d6011357785	chr7	24984081	49081518	6	3	3
dfe93ee0-d6d5-5cbf-985b-4d6011357785	chr7	49082823	50482161	5	3	2
dfe93ee0-d6d5-5cbf-985b-4d6011357785	chr7	50482182	54446668	6	3	3
dfe93ee0-d6d5-5cbf-985b-4d6011357785	chr7	54447987	54468257	4	2	2
dfe93ee0-d6d5-5cbf-985b-4d6011357785	chr7	54472843	65604588	6	3	3
dfe93ee0-d6d5-5cbf-985b-4d6011357785	chr7	65604760	66221401	3	2	1
dfe93ee0-d6d5-5cbf-985b-4d6011357785	chr7	66221942	71939023	6	3	3
dfe93ee0-d6d5-5cbf-985b-4d6011357785	chr7	71939047	75631392	5	3	2
dfe93ee0-d6d5-5cbf-985b-4d6011357785	chr7	75633623	76648085	4	3	1
dfe93ee0-d6d5-5cbf-985b-4d6011357785	chr7	76648317	98163897	6	3	3
dfe93ee0-d6d5-5cbf-985b-4d6011357785	chr7	98166781	102116315	5	3	2
dfe93ee0-d6d5-5cbf-985b-4d6011357785	chr7	102117470	147034609	6	3	3
dfe93ee0-d6d5-5cbf-985b-4d6011357785	chr7	147039026	147357375	4	2	2
dfe93ee0-d6d5-5cbf-985b-4d6011357785	chr7	147361294	151705414	5	3	2
dfe93ee0-d6d5-5cbf-985b-4d6011357785	chr7	151705704	154967428	6	3	3
dfe93ee0-d6d5-5cbf-985b-4d6011357785	chr7	154969179	159334314	5	3	2
dfe93ee0-d6d5-5cbf-985b-4d6011357785	chr8	81254	21139106	6	3	3
dfe93ee0-d6d5-5cbf-985b-4d6011357785	chr8	21142004	24029198	5	3	2
dfe93ee0-d6d5-5cbf-985b-4d6011357785	chr8	24034964	37073895	6	3	3
dfe93ee0-d6d5-5cbf-985b-4d6011357785	chr8	37075228	37153947	5	3	2
dfe93ee0-d6d5-5cbf-985b-4d6011357785	chr8	37156429	65165304	6	3	3
dfe93ee0-d6d5-5cbf-985b-4d6011357785	chr8	65166322	65462249	5	3	2
dfe93ee0-d6d5-5cbf-985b-4d6011357785	chr8	65468260	78840775	6	3	3
dfe93ee0-d6d5-5cbf-985b-4d6011357785	chr8	78840944	79007311	5	3	2
dfe93ee0-d6d5-5cbf-985b-4d6011357785	chr8	79010044	139130499	6	3	3
dfe93ee0-d6d5-5cbf-985b-4d6011357785	chr8	139131239	145072769	5	3	2
dfe93ee0-d6d5-5cbf-985b-4d6011357785	chr9	46587	16152637	4	3	1
dfe93ee0-d6d5-5cbf-985b-4d6011357785	chr9	16152777	16775200	1	1	0
dfe93ee0-d6d5-5cbf-985b-4d6011357785	chr9	16786932	36798028	4	3	1
dfe93ee0-d6d5-5cbf-985b-4d6011357785	chr9	36798745	37404952	4	2	2
dfe93ee0-d6d5-5cbf-985b-4d6011357785	chr9	37405238	37438529	3	2	1
dfe93ee0-d6d5-5cbf-985b-4d6011357785	chr9	37438684	127729204	5	3	2
dfe93ee0-d6d5-5cbf-985b-4d6011357785	chr9	127729719	135996307	4	2	2
dfe93ee0-d6d5-5cbf-985b-4d6011357785	chr9	136006326	137156786	3	2	1
dfe93ee0-d6d5-5cbf-985b-4d6011357785	chr9	137190033	138200944	4	2	2
dfe93ee0-d6d5-5cbf-985b-4d6011357785	chr10	45792	17006681	4	3	1
dfe93ee0-d6d5-5cbf-985b-4d6011357785	chr10	17006709	17094487	2	1	1
dfe93ee0-d6d5-5cbf-985b-4d6011357785	chr10	17094803	62797397	4	3	1
dfe93ee0-d6d5-5cbf-985b-4d6011357785	chr10	62798014	74245343	3	3	0
dfe93ee0-d6d5-5cbf-985b-4d6011357785	chr10	74245561	74807008	1	1	0
dfe93ee0-d6d5-5cbf-985b-4d6011357785	chr10	74809016	87537723	3	3	0
dfe93ee0-d6d5-5cbf-985b-4d6011357785	chr10	87538426	88215525	1	1	0
dfe93ee0-d6d5-5cbf-985b-4d6011357785	chr10	88220170	93130766	2	2	0
dfe93ee0-d6d5-5cbf-985b-4d6011357785	chr10	93131151	114025661	3	3	0
dfe93ee0-d6d5-5cbf-985b-4d6011357785	chr10	114026515	114266533	1	1	0
dfe93ee0-d6d5-5cbf-985b-4d6011357785	chr10	114273586	131391136	3	3	0
dfe93ee0-d6d5-5cbf-985b-4d6011357785	chr10	131391215	133654968	2	2	0
dfe93ee0-d6d5-5cbf-985b-4d6011357785	chr11	198510	628789	5	3	2
dfe93ee0-d6d5-5cbf-985b-4d6011357785	chr11	629760	1659795	4	2	2
dfe93ee0-d6d5-5cbf-985b-4d6011357785	chr11	1660062	47897122	5	3	2
dfe93ee0-d6d5-5cbf-985b-4d6011357785	chr11	47899110	50418778	6	3	3
dfe93ee0-d6d5-5cbf-985b-4d6011357785	chr11	50421932	62316112	5	3	2
dfe93ee0-d6d5-5cbf-985b-4d6011357785	chr11	62316436	70027871	4	2	2
dfe93ee0-d6d5-5cbf-985b-4d6011357785	chr11	70027911	76963809	5	3	2
dfe93ee0-d6d5-5cbf-985b-4d6011357785	chr11	76970039	77528933	7	5	2
dfe93ee0-d6d5-5cbf-985b-4d6011357785	chr11	77529107	78035023	5	3	2
dfe93ee0-d6d5-5cbf-985b-4d6011357785	chr11	78035072	78050030	3	2	1
dfe93ee0-d6d5-5cbf-985b-4d6011357785	chr11	78050139	83451305	5	3	2
dfe93ee0-d6d5-5cbf-985b-4d6011357785	chr11	83451357	84183052	2	2	0
dfe93ee0-d6d5-5cbf-985b-4d6011357785	chr11	84188861	84273735	1	1	0
dfe93ee0-d6d5-5cbf-985b-4d6011357785	chr11	84274045	84448502	3	3	0
dfe93ee0-d6d5-5cbf-985b-4d6011357785	chr11	84450918	84605705	0	0	0
dfe93ee0-d6d5-5cbf-985b-4d6011357785	chr11	84606811	87273832	3	3	0
dfe93ee0-d6d5-5cbf-985b-4d6011357785	chr11	87274539	87282174	1	1	0
dfe93ee0-d6d5-5cbf-985b-4d6011357785	chr11	87282188	135074876	3	3	0
dfe93ee0-d6d5-5cbf-985b-4d6011357785	chr12	51460	18421963	5	3	2
dfe93ee0-d6d5-5cbf-985b-4d6011357785	chr12	18422053	18461012	9	5	4
dfe93ee0-d6d5-5cbf-985b-4d6011357785	chr12	18462238	33146857	5	3	2
dfe93ee0-d6d5-5cbf-985b-4d6011357785	chr12	33148472	33150557	0	0	0
dfe93ee0-d6d5-5cbf-985b-4d6011357785	chr12	33150623	116929784	5	3	2
dfe93ee0-d6d5-5cbf-985b-4d6011357785	chr12	116931593	125337604	4	2	2
dfe93ee0-d6d5-5cbf-985b-4d6011357785	chr12	125337745	131486959	5	3	2
dfe93ee0-d6d5-5cbf-985b-4d6011357785	chr12	131487222	133039120	4	2	2
dfe93ee0-d6d5-5cbf-985b-4d6011357785	chr12	133039620	133201603	3	2	1
dfe93ee0-d6d5-5cbf-985b-4d6011357785	chr13	18452809	41101682	3	3	0
dfe93ee0-d6d5-5cbf-985b-4d6011357785	chr13	41108925	42068062	1	1	0
dfe93ee0-d6d5-5cbf-985b-4d6011357785	chr13	42068674	43273355	2	2	0
dfe93ee0-d6d5-5cbf-985b-4d6011357785	chr13	43273570	44216310	1	1	0
dfe93ee0-d6d5-5cbf-985b-4d6011357785	chr13	44219813	73101498	3	3	0
dfe93ee0-d6d5-5cbf-985b-4d6011357785	chr13	73101758	94244853	5	3	2
dfe93ee0-d6d5-5cbf-985b-4d6011357785	chr13	94246736	94350163	4	3	1
dfe93ee0-d6d5-5cbf-985b-4d6011357785	chr13	94352106	114342922	5	3	2
dfe93ee0-d6d5-5cbf-985b-4d6011357785	chr14	18239283	96604079	5	3	2
dfe93ee0-d6d5-5cbf-985b-4d6011357785	chr14	96605213	98859214	6	3	3
dfe93ee0-d6d5-5cbf-985b-4d6011357785	chr14	98859406	104244431	5	3	2
dfe93ee0-d6d5-5cbf-985b-4d6011357785	chr14	104257096	105758187	4	2	2
dfe93ee0-d6d5-5cbf-985b-4d6011357785	chr14	105779965	106458677	10	10	0
dfe93ee0-d6d5-5cbf-985b-4d6011357785	chr14	106458728	106877229	5	3	2
dfe93ee0-d6d5-5cbf-985b-4d6011357785	chr15	19811075	79067163	3	3	0
dfe93ee0-d6d5-5cbf-985b-4d6011357785	chr15	79070695	79174123	1	1	0
dfe93ee0-d6d5-5cbf-985b-4d6011357785	chr15	79175740	88111237	3	3	0
dfe93ee0-d6d5-5cbf-985b-4d6011357785	chr15	88111294	89365608	4	3	1
dfe93ee0-d6d5-5cbf-985b-4d6011357785	chr15	89366095	89795378	2	2	0
dfe93ee0-d6d5-5cbf-985b-4d6011357785	chr15	89797303	101928837	4	3	1
dfe93ee0-d6d5-5cbf-985b-4d6011357785	chr16	10777	944364	2	2	0
dfe93ee0-d6d5-5cbf-985b-4d6011357785	chr16	944887	1202599	1	1	0
dfe93ee0-d6d5-5cbf-985b-4d6011357785	chr16	1203529	5221208	3	2	1
dfe93ee0-d6d5-5cbf-985b-4d6011357785	chr16	5223193	9304076	4	3	1
dfe93ee0-d6d5-5cbf-985b-4d6011357785	chr16	9304244	12391454	3	2	1
dfe93ee0-d6d5-5cbf-985b-4d6011357785	chr16	12391972	12634730	4	3	1
dfe93ee0-d6d5-5cbf-985b-4d6011357785	chr16	12634840	72470824	3	2	1
dfe93ee0-d6d5-5cbf-985b-4d6011357785	chr16	72473818	73139306	2	2	0
dfe93ee0-d6d5-5cbf-985b-4d6011357785	chr16	73139912	77042194	3	2	1
dfe93ee0-d6d5-5cbf-985b-4d6011357785	chr16	77042717	79704898	4	3	1
dfe93ee0-d6d5-5cbf-985b-4d6011357785	chr16	79704937	90096867	3	2	1
dfe93ee0-d6d5-5cbf-985b-4d6011357785	chr17	150733	5486990	5	3	2
dfe93ee0-d6d5-5cbf-985b-4d6011357785	chr17	5488052	7632142	3	3	0
dfe93ee0-d6d5-5cbf-985b-4d6011357785	chr17	7636765	7865324	1	1	0
dfe93ee0-d6d5-5cbf-985b-4d6011357785	chr17	7866584	8135316	2	2	0
dfe93ee0-d6d5-5cbf-985b-4d6011357785	chr17	8136976	16452009	6	3	3
dfe93ee0-d6d5-5cbf-985b-4d6011357785	chr17	16453772	57491152	5	3	2
dfe93ee0-d6d5-5cbf-985b-4d6011357785	chr17	57494944	57505571	3	2	1
dfe93ee0-d6d5-5cbf-985b-4d6011357785	chr17	57507759	79782668	5	3	2
dfe93ee0-d6d5-5cbf-985b-4d6011357785	chr17	79782686	83091923	4	2	2
dfe93ee0-d6d5-5cbf-985b-4d6011357785	chr18	48133	4971660	5	3	2
dfe93ee0-d6d5-5cbf-985b-4d6011357785	chr18	4973590	4989684	3	2	1
dfe93ee0-d6d5-5cbf-985b-4d6011357785	chr18	4990805	15402409	5	3	2
dfe93ee0-d6d5-5cbf-985b-4d6011357785	chr18	20949392	79496710	4	3	1
dfe93ee0-d6d5-5cbf-985b-4d6011357785	chr18	79498581	80257174	3	2	1
dfe93ee0-d6d5-5cbf-985b-4d6011357785	chr19	90910	665896	4	2	2
dfe93ee0-d6d5-5cbf-985b-4d6011357785	chr19	669363	2412620	3	2	1
dfe93ee0-d6d5-5cbf-985b-4d6011357785	chr19	2413230	6479560	4	2	2
dfe93ee0-d6d5-5cbf-985b-4d6011357785	chr19	6480954	7426830	6	4	2
dfe93ee0-d6d5-5cbf-985b-4d6011357785	chr19	7428105	9985394	7	5	2
dfe93ee0-d6d5-5cbf-985b-4d6011357785	chr19	9988362	15923205	6	4	2
dfe93ee0-d6d5-5cbf-985b-4d6011357785	chr19	15924684	22333629	5	3	2
dfe93ee0-d6d5-5cbf-985b-4d6011357785	chr19	22334082	27337756	4	2	2
dfe93ee0-d6d5-5cbf-985b-4d6011357785	chr19	27348002	31333928	6	3	3
dfe93ee0-d6d5-5cbf-985b-4d6011357785	chr19	31337582	31383225	7	4	3
dfe93ee0-d6d5-5cbf-985b-4d6011357785	chr19	31383859	36514729	6	3	3
dfe93ee0-d6d5-5cbf-985b-4d6011357785	chr19	36515048	58586487	4	3	1
dfe93ee0-d6d5-5cbf-985b-4d6011357785	chr20	80664	9231844	5	3	2
dfe93ee0-d6d5-5cbf-985b-4d6011357785	chr20	9232139	14960938	6	3	3
dfe93ee0-d6d5-5cbf-985b-4d6011357785	chr20	14965091	15212106	5	3	2
dfe93ee0-d6d5-5cbf-985b-4d6011357785	chr20	15212428	23599150	6	3	3
dfe93ee0-d6d5-5cbf-985b-4d6011357785	chr20	23601424	54429091	5	3	2
dfe93ee0-d6d5-5cbf-985b-4d6011357785	chr20	54429166	55876610	6	3	3
dfe93ee0-d6d5-5cbf-985b-4d6011357785	chr20	55878887	61917580	5	3	2
dfe93ee0-d6d5-5cbf-985b-4d6011357785	chr20	61918008	64324800	4	2	2
dfe93ee0-d6d5-5cbf-985b-4d6011357785	chr21	12973348	41664668	6	3	3
dfe93ee0-d6d5-5cbf-985b-4d6011357785	chr21	41665066	46677045	5	3	2
dfe93ee0-d6d5-5cbf-985b-4d6011357785	chr22	16392123	46426347	5	3	2
dfe93ee0-d6d5-5cbf-985b-4d6011357785	chr22	46428013	47079618	7	5	2
dfe93ee0-d6d5-5cbf-985b-4d6011357785	chr22	47080381	49382742	9	6	3
dfe93ee0-d6d5-5cbf-985b-4d6011357785	chr22	49390502	50796027	7	5	2
dfe93ee0-d6d5-5cbf-985b-4d6011357785	chrX	251810	490259	5	3	2
dfe93ee0-d6d5-5cbf-985b-4d6011357785	chrX	490325	701944	6	3	3
dfe93ee0-d6d5-5cbf-985b-4d6011357785	chrX	702474	2557171	5	3	2
dfe93ee0-d6d5-5cbf-985b-4d6011357785	chrX	2565248	2775134	6	3	3
dfe93ee0-d6d5-5cbf-985b-4d6011357785	chrX	2775583	43348337	2	2	0
dfe93ee0-d6d5-5cbf-985b-4d6011357785	chrX	43348512	43949141	2	1	1
dfe93ee0-d6d5-5cbf-985b-4d6011357785	chrX	43950317	155699647	2	2	0
dfe93ee0-d6d5-5cbf-985b-4d6011357785	chrX	155699837	156004181	5	3	2
dfe93ee0-d6d5-5cbf-985b-4d6011357785	chrY	2782397	26653788	5	5	0
dfe93ee0-d6d5-5cbf-985b-4d6011357785	chrY	56872112	56872112	3	3	0
