GDC_Aliquot	Chromosome	Start	End	Copy_Number	Major_Copy_Number	Minor_Copy_Number
a80e2747-dd2a-50a4-a838-654352471e48	chr1	62920	65382392	2	1	1
a80e2747-dd2a-50a4-a838-654352471e48	chr1	65386381	65517667	1	1	0
a80e2747-dd2a-50a4-a838-654352471e48	chr1	65520896	67952295	2	1	1
a80e2747-dd2a-50a4-a838-654352471e48	chr1	67955386	68270216	3	2	1
a80e2747-dd2a-50a4-a838-654352471e48	chr1	68270717	192609633	2	1	1
a80e2747-dd2a-50a4-a838-654352471e48	chr1	192609862	192620372	0	0	0
a80e2747-dd2a-50a4-a838-654352471e48	chr1	192626359	194034632	1	1	0
a80e2747-dd2a-50a4-a838-654352471e48	chr1	194034772	214788634	2	1	1
a80e2747-dd2a-50a4-a838-654352471e48	chr1	214790804	214801448	5	3	2
a80e2747-dd2a-50a4-a838-654352471e48	chr1	214801504	237464998	2	1	1
a80e2747-dd2a-50a4-a838-654352471e48	chr1	237465541	237487344	5	3	2
a80e2747-dd2a-50a4-a838-654352471e48	chr1	237491531	248930189	2	1	1
a80e2747-dd2a-50a4-a838-654352471e48	chr2	12784	46308785	2	1	1
a80e2747-dd2a-50a4-a838-654352471e48	chr2	46309917	47658273	3	2	1
a80e2747-dd2a-50a4-a838-654352471e48	chr2	47658462	64531276	2	1	1
a80e2747-dd2a-50a4-a838-654352471e48	chr2	64531635	66234796	3	2	1
a80e2747-dd2a-50a4-a838-654352471e48	chr2	66237218	76715815	2	1	1
a80e2747-dd2a-50a4-a838-654352471e48	chr2	76716079	76722438	9	5	4
a80e2747-dd2a-50a4-a838-654352471e48	chr2	76729368	146104517	3	2	1
a80e2747-dd2a-50a4-a838-654352471e48	chr2	146106836	146109366	0	0	0
a80e2747-dd2a-50a4-a838-654352471e48	chr2	146120238	147575252	3	2	1
a80e2747-dd2a-50a4-a838-654352471e48	chr2	147579449	147675248	4	2	2
a80e2747-dd2a-50a4-a838-654352471e48	chr2	147677266	195136716	2	1	1
a80e2747-dd2a-50a4-a838-654352471e48	chr2	195136730	195147220	5	3	2
a80e2747-dd2a-50a4-a838-654352471e48	chr2	195147328	242147305	2	1	1
a80e2747-dd2a-50a4-a838-654352471e48	chr3	20930	5847796	1	1	0
a80e2747-dd2a-50a4-a838-654352471e48	chr3	5848366	5858280	5	3	2
a80e2747-dd2a-50a4-a838-654352471e48	chr3	5860611	14226243	1	1	0
a80e2747-dd2a-50a4-a838-654352471e48	chr3	14228395	14454654	3	2	1
a80e2747-dd2a-50a4-a838-654352471e48	chr3	14455421	42035019	1	1	0
a80e2747-dd2a-50a4-a838-654352471e48	chr3	42035130	60322792	2	1	1
a80e2747-dd2a-50a4-a838-654352471e48	chr3	60323811	60501281	0	0	0
a80e2747-dd2a-50a4-a838-654352471e48	chr3	60501341	102130684	2	1	1
a80e2747-dd2a-50a4-a838-654352471e48	chr3	102131255	104512672	3	2	1
a80e2747-dd2a-50a4-a838-654352471e48	chr3	104513138	116583386	2	1	1
a80e2747-dd2a-50a4-a838-654352471e48	chr3	116583595	116594557	0	0	0
a80e2747-dd2a-50a4-a838-654352471e48	chr3	116594690	116606035	1	1	0
a80e2747-dd2a-50a4-a838-654352471e48	chr3	116608592	117266524	0	0	0
a80e2747-dd2a-50a4-a838-654352471e48	chr3	117272022	120554011	2	1	1
a80e2747-dd2a-50a4-a838-654352471e48	chr3	120555821	120690679	4	2	2
a80e2747-dd2a-50a4-a838-654352471e48	chr3	120691173	123214709	1	1	0
a80e2747-dd2a-50a4-a838-654352471e48	chr3	123215702	174868727	2	1	1
a80e2747-dd2a-50a4-a838-654352471e48	chr3	174869282	175295775	1	1	0
a80e2747-dd2a-50a4-a838-654352471e48	chr3	175295896	183443151	2	1	1
a80e2747-dd2a-50a4-a838-654352471e48	chr3	183443722	187994664	3	2	1
a80e2747-dd2a-50a4-a838-654352471e48	chr3	187994958	198169247	2	1	1
a80e2747-dd2a-50a4-a838-654352471e48	chr4	68929	2743246	2	2	0
a80e2747-dd2a-50a4-a838-654352471e48	chr4	2743364	2882224	4	2	2
a80e2747-dd2a-50a4-a838-654352471e48	chr4	2886714	10632198	3	2	1
a80e2747-dd2a-50a4-a838-654352471e48	chr4	10632537	11243168	4	3	1
a80e2747-dd2a-50a4-a838-654352471e48	chr4	11245529	29827208	3	2	1
a80e2747-dd2a-50a4-a838-654352471e48	chr4	29836551	42605719	2	1	1
a80e2747-dd2a-50a4-a838-654352471e48	chr4	42605731	42617233	4	2	2
a80e2747-dd2a-50a4-a838-654352471e48	chr4	42617758	129694247	2	1	1
a80e2747-dd2a-50a4-a838-654352471e48	chr4	129694385	136890018	3	2	1
a80e2747-dd2a-50a4-a838-654352471e48	chr4	136890577	139855721	2	1	1
a80e2747-dd2a-50a4-a838-654352471e48	chr4	139858791	162849512	3	2	1
a80e2747-dd2a-50a4-a838-654352471e48	chr4	162849957	189842182	2	1	1
a80e2747-dd2a-50a4-a838-654352471e48	chr4	189842436	190106768	4	3	1
a80e2747-dd2a-50a4-a838-654352471e48	chr5	15532	34626151	2	1	1
a80e2747-dd2a-50a4-a838-654352471e48	chr5	34626236	34628522	0	0	0
a80e2747-dd2a-50a4-a838-654352471e48	chr5	34628749	181363319	2	1	1
a80e2747-dd2a-50a4-a838-654352471e48	chr6	149661	37278200	1	1	0
a80e2747-dd2a-50a4-a838-654352471e48	chr6	37279724	37915004	5	3	2
a80e2747-dd2a-50a4-a838-654352471e48	chr6	37915752	37921843	9	9	0
a80e2747-dd2a-50a4-a838-654352471e48	chr6	37922904	38044922	6	5	1
a80e2747-dd2a-50a4-a838-654352471e48	chr6	38045962	38695668	10	9	1
a80e2747-dd2a-50a4-a838-654352471e48	chr6	38700266	39137604	5	4	1
a80e2747-dd2a-50a4-a838-654352471e48	chr6	39137895	39516554	20	18	2
a80e2747-dd2a-50a4-a838-654352471e48	chr6	39525125	41561489	7	6	1
a80e2747-dd2a-50a4-a838-654352471e48	chr6	41562591	44272456	17	15	2
a80e2747-dd2a-50a4-a838-654352471e48	chr6	44273765	44932516	12	10	2
a80e2747-dd2a-50a4-a838-654352471e48	chr6	44932870	46182140	7	6	1
a80e2747-dd2a-50a4-a838-654352471e48	chr6	46183293	48189044	5	4	1
a80e2747-dd2a-50a4-a838-654352471e48	chr6	48189163	49092801	7	6	1
a80e2747-dd2a-50a4-a838-654352471e48	chr6	49095395	54524075	1	1	0
a80e2747-dd2a-50a4-a838-654352471e48	chr6	54526182	55077597	8	6	2
a80e2747-dd2a-50a4-a838-654352471e48	chr6	55079858	68842407	1	1	0
a80e2747-dd2a-50a4-a838-654352471e48	chr6	68845289	68854161	0	0	0
a80e2747-dd2a-50a4-a838-654352471e48	chr6	68854754	99423011	1	1	0
a80e2747-dd2a-50a4-a838-654352471e48	chr6	99423134	134737056	2	1	1
a80e2747-dd2a-50a4-a838-654352471e48	chr6	134737262	153058242	1	1	0
a80e2747-dd2a-50a4-a838-654352471e48	chr6	153062620	170741917	2	1	1
a80e2747-dd2a-50a4-a838-654352471e48	chr7	43259	6326688	3	2	1
a80e2747-dd2a-50a4-a838-654352471e48	chr7	6329746	10419048	2	1	1
a80e2747-dd2a-50a4-a838-654352471e48	chr7	10423242	23428641	1	1	0
a80e2747-dd2a-50a4-a838-654352471e48	chr7	23430735	32895057	2	1	1
a80e2747-dd2a-50a4-a838-654352471e48	chr7	32895912	34437158	3	2	1
a80e2747-dd2a-50a4-a838-654352471e48	chr7	34437478	40202938	1	1	0
a80e2747-dd2a-50a4-a838-654352471e48	chr7	40205772	41884283	2	1	1
a80e2747-dd2a-50a4-a838-654352471e48	chr7	41884518	42589397	3	2	1
a80e2747-dd2a-50a4-a838-654352471e48	chr7	42595712	57249209	2	1	1
a80e2747-dd2a-50a4-a838-654352471e48	chr7	57249601	71841954	3	2	1
a80e2747-dd2a-50a4-a838-654352471e48	chr7	71842649	78068846	2	1	1
a80e2747-dd2a-50a4-a838-654352471e48	chr7	78068964	78766004	1	1	0
a80e2747-dd2a-50a4-a838-654352471e48	chr7	78766084	131189643	2	1	1
a80e2747-dd2a-50a4-a838-654352471e48	chr7	131196752	131218609	6	3	3
a80e2747-dd2a-50a4-a838-654352471e48	chr7	131220317	159334314	2	1	1
a80e2747-dd2a-50a4-a838-654352471e48	chr8	81254	1530216	1	1	0
a80e2747-dd2a-50a4-a838-654352471e48	chr8	1530868	2874083	2	1	1
a80e2747-dd2a-50a4-a838-654352471e48	chr8	2874464	27451822	1	1	0
a80e2747-dd2a-50a4-a838-654352471e48	chr8	27452263	27478725	4	3	1
a80e2747-dd2a-50a4-a838-654352471e48	chr8	27480274	35702620	1	1	0
a80e2747-dd2a-50a4-a838-654352471e48	chr8	35702759	35716802	0	0	0
a80e2747-dd2a-50a4-a838-654352471e48	chr8	35721573	40234554	1	1	0
a80e2747-dd2a-50a4-a838-654352471e48	chr8	40236158	43807613	2	1	1
a80e2747-dd2a-50a4-a838-654352471e48	chr8	43808532	86002259	3	2	1
a80e2747-dd2a-50a4-a838-654352471e48	chr8	86004734	86045432	5	3	2
a80e2747-dd2a-50a4-a838-654352471e48	chr8	86048443	133681710	3	2	1
a80e2747-dd2a-50a4-a838-654352471e48	chr8	133686458	133701780	7	4	3
a80e2747-dd2a-50a4-a838-654352471e48	chr8	133702219	139881325	3	2	1
a80e2747-dd2a-50a4-a838-654352471e48	chr8	139882707	140046265	4	3	1
a80e2747-dd2a-50a4-a838-654352471e48	chr8	140048624	145072769	2	1	1
a80e2747-dd2a-50a4-a838-654352471e48	chr9	46587	41741113	1	1	0
a80e2747-dd2a-50a4-a838-654352471e48	chr9	60863881	124857456	2	1	1
a80e2747-dd2a-50a4-a838-654352471e48	chr9	124857643	138200944	1	1	0
a80e2747-dd2a-50a4-a838-654352471e48	chr10	45792	34398400	2	1	1
a80e2747-dd2a-50a4-a838-654352471e48	chr10	34401181	38086566	1	1	0
a80e2747-dd2a-50a4-a838-654352471e48	chr10	38090242	43156939	2	1	1
a80e2747-dd2a-50a4-a838-654352471e48	chr10	43157064	46221897	1	1	0
a80e2747-dd2a-50a4-a838-654352471e48	chr10	46222715	46310146	2	2	0
a80e2747-dd2a-50a4-a838-654352471e48	chr10	46310440	50178219	4	3	1
a80e2747-dd2a-50a4-a838-654352471e48	chr10	50210870	53653503	1	1	0
a80e2747-dd2a-50a4-a838-654352471e48	chr10	53656152	53768770	18	17	1
a80e2747-dd2a-50a4-a838-654352471e48	chr10	53771277	54742759	1	1	0
a80e2747-dd2a-50a4-a838-654352471e48	chr10	54743717	55840284	2	1	1
a80e2747-dd2a-50a4-a838-654352471e48	chr10	55841348	56907958	1	1	0
a80e2747-dd2a-50a4-a838-654352471e48	chr10	56907982	60742428	3	2	1
a80e2747-dd2a-50a4-a838-654352471e48	chr10	60744463	60766696	9	5	4
a80e2747-dd2a-50a4-a838-654352471e48	chr10	60774458	61109199	8	7	1
a80e2747-dd2a-50a4-a838-654352471e48	chr10	61115880	61288499	2	2	0
a80e2747-dd2a-50a4-a838-654352471e48	chr10	61288640	61290032	4	4	0
a80e2747-dd2a-50a4-a838-654352471e48	chr10	61290036	61744007	2	1	1
a80e2747-dd2a-50a4-a838-654352471e48	chr10	61749254	62497181	6	5	1
a80e2747-dd2a-50a4-a838-654352471e48	chr10	62501061	133654968	1	1	0
a80e2747-dd2a-50a4-a838-654352471e48	chr11	198510	15008404	1	1	0
a80e2747-dd2a-50a4-a838-654352471e48	chr11	15009445	18383963	2	1	1
a80e2747-dd2a-50a4-a838-654352471e48	chr11	18387306	19074752	1	1	0
a80e2747-dd2a-50a4-a838-654352471e48	chr11	19075752	26231333	2	1	1
a80e2747-dd2a-50a4-a838-654352471e48	chr11	26231394	31138900	1	1	0
a80e2747-dd2a-50a4-a838-654352471e48	chr11	31141106	35589270	2	1	1
a80e2747-dd2a-50a4-a838-654352471e48	chr11	35590053	38569976	1	1	0
a80e2747-dd2a-50a4-a838-654352471e48	chr11	38571292	40549057	2	1	1
a80e2747-dd2a-50a4-a838-654352471e48	chr11	40549413	45388491	1	1	0
a80e2747-dd2a-50a4-a838-654352471e48	chr11	45397563	45662526	7	6	1
a80e2747-dd2a-50a4-a838-654352471e48	chr11	45662704	48982473	1	1	0
a80e2747-dd2a-50a4-a838-654352471e48	chr11	48985386	55431998	2	1	1
a80e2747-dd2a-50a4-a838-654352471e48	chr11	55437268	58802693	1	1	0
a80e2747-dd2a-50a4-a838-654352471e48	chr11	58808232	75106002	2	1	1
a80e2747-dd2a-50a4-a838-654352471e48	chr11	75109101	77630083	3	2	1
a80e2747-dd2a-50a4-a838-654352471e48	chr11	77633247	80924057	2	1	1
a80e2747-dd2a-50a4-a838-654352471e48	chr11	80926821	88224698	1	1	0
a80e2747-dd2a-50a4-a838-654352471e48	chr11	88226598	88255792	4	2	2
a80e2747-dd2a-50a4-a838-654352471e48	chr11	88256405	96150993	1	1	0
a80e2747-dd2a-50a4-a838-654352471e48	chr11	96151403	101821940	2	1	1
a80e2747-dd2a-50a4-a838-654352471e48	chr11	101831021	104336113	43	41	2
a80e2747-dd2a-50a4-a838-654352471e48	chr11	104336494	104372816	75	71	4
a80e2747-dd2a-50a4-a838-654352471e48	chr11	104377025	104692189	46	44	2
a80e2747-dd2a-50a4-a838-654352471e48	chr11	104692840	107886488	1	1	0
a80e2747-dd2a-50a4-a838-654352471e48	chr11	107887820	108196198	2	2	0
a80e2747-dd2a-50a4-a838-654352471e48	chr11	108197889	117886970	1	1	0
a80e2747-dd2a-50a4-a838-654352471e48	chr11	117888750	126076819	2	1	1
a80e2747-dd2a-50a4-a838-654352471e48	chr11	126077003	127175020	4	2	2
a80e2747-dd2a-50a4-a838-654352471e48	chr11	127175457	128319894	2	1	1
a80e2747-dd2a-50a4-a838-654352471e48	chr11	128320559	128817050	3	2	1
a80e2747-dd2a-50a4-a838-654352471e48	chr11	128817410	134584087	2	1	1
a80e2747-dd2a-50a4-a838-654352471e48	chr11	134585309	135074876	3	2	1
a80e2747-dd2a-50a4-a838-654352471e48	chr12	51460	15390997	1	1	0
a80e2747-dd2a-50a4-a838-654352471e48	chr12	15391139	40527686	2	1	1
a80e2747-dd2a-50a4-a838-654352471e48	chr12	40529730	54571837	1	1	0
a80e2747-dd2a-50a4-a838-654352471e48	chr12	54572973	58580942	3	2	1
a80e2747-dd2a-50a4-a838-654352471e48	chr12	58582003	58595286	6	3	3
a80e2747-dd2a-50a4-a838-654352471e48	chr12	58596712	89818488	2	1	1
a80e2747-dd2a-50a4-a838-654352471e48	chr12	89821028	112728566	1	1	0
a80e2747-dd2a-50a4-a838-654352471e48	chr12	112728642	115814921	2	1	1
a80e2747-dd2a-50a4-a838-654352471e48	chr12	115815030	125804576	1	1	0
a80e2747-dd2a-50a4-a838-654352471e48	chr12	125807009	128244698	2	1	1
a80e2747-dd2a-50a4-a838-654352471e48	chr12	128245321	128249465	8	4	4
a80e2747-dd2a-50a4-a838-654352471e48	chr12	128250199	133201603	2	1	1
a80e2747-dd2a-50a4-a838-654352471e48	chr13	18452809	28030513	2	1	1
a80e2747-dd2a-50a4-a838-654352471e48	chr13	28036218	31224925	4	2	2
a80e2747-dd2a-50a4-a838-654352471e48	chr13	31225509	31733613	2	1	1
a80e2747-dd2a-50a4-a838-654352471e48	chr13	31738042	34554344	3	2	1
a80e2747-dd2a-50a4-a838-654352471e48	chr13	34555216	53027987	2	1	1
a80e2747-dd2a-50a4-a838-654352471e48	chr13	53028327	53072003	4	2	2
a80e2747-dd2a-50a4-a838-654352471e48	chr13	53072591	64015126	2	1	1
a80e2747-dd2a-50a4-a838-654352471e48	chr13	64016664	64842754	4	2	2
a80e2747-dd2a-50a4-a838-654352471e48	chr13	64845491	113630682	2	1	1
a80e2747-dd2a-50a4-a838-654352471e48	chr13	113634656	114342922	3	2	1
a80e2747-dd2a-50a4-a838-654352471e48	chr14	18239283	22632004	2	1	1
a80e2747-dd2a-50a4-a838-654352471e48	chr14	22633534	22645313	8	4	4
a80e2747-dd2a-50a4-a838-654352471e48	chr14	22645702	106877229	2	1	1
a80e2747-dd2a-50a4-a838-654352471e48	chr15	19811075	25110321	2	1	1
a80e2747-dd2a-50a4-a838-654352471e48	chr15	25110682	85750412	1	1	0
a80e2747-dd2a-50a4-a838-654352471e48	chr15	85750878	101928837	2	1	1
a80e2747-dd2a-50a4-a838-654352471e48	chr16	10777	5231754	1	1	0
a80e2747-dd2a-50a4-a838-654352471e48	chr16	5231855	26089170	2	1	1
a80e2747-dd2a-50a4-a838-654352471e48	chr16	26090723	26106089	7	4	3
a80e2747-dd2a-50a4-a838-654352471e48	chr16	26106847	36048855	2	1	1
a80e2747-dd2a-50a4-a838-654352471e48	chr16	46441986	66644709	1	1	0
a80e2747-dd2a-50a4-a838-654352471e48	chr16	66646140	70799996	2	2	0
a80e2747-dd2a-50a4-a838-654352471e48	chr16	70800046	90096867	1	1	0
a80e2747-dd2a-50a4-a838-654352471e48	chr17	150733	15489804	1	1	0
a80e2747-dd2a-50a4-a838-654352471e48	chr17	15490272	17468843	2	2	0
a80e2747-dd2a-50a4-a838-654352471e48	chr17	17473075	17511903	5	4	1
a80e2747-dd2a-50a4-a838-654352471e48	chr17	17513667	17513667	2	2	0
a80e2747-dd2a-50a4-a838-654352471e48	chr17	17513855	18250206	7	5	2
a80e2747-dd2a-50a4-a838-654352471e48	chr17	18250907	20862114	12	10	2
a80e2747-dd2a-50a4-a838-654352471e48	chr17	20868170	22671711	7	5	2
a80e2747-dd2a-50a4-a838-654352471e48	chr17	22671863	69828635	2	1	1
a80e2747-dd2a-50a4-a838-654352471e48	chr17	69830435	73707534	3	2	1
a80e2747-dd2a-50a4-a838-654352471e48	chr17	73707586	83091923	2	1	1
a80e2747-dd2a-50a4-a838-654352471e48	chr18	48133	3850002	2	1	1
a80e2747-dd2a-50a4-a838-654352471e48	chr18	3850263	4973590	3	2	1
a80e2747-dd2a-50a4-a838-654352471e48	chr18	4974007	4980178	0	0	0
a80e2747-dd2a-50a4-a838-654352471e48	chr18	4985483	24628025	2	1	1
a80e2747-dd2a-50a4-a838-654352471e48	chr18	24628253	25855258	3	2	1
a80e2747-dd2a-50a4-a838-654352471e48	chr18	25855920	47500558	2	1	1
a80e2747-dd2a-50a4-a838-654352471e48	chr18	47500591	47530839	0	0	0
a80e2747-dd2a-50a4-a838-654352471e48	chr18	47532543	73830239	2	1	1
a80e2747-dd2a-50a4-a838-654352471e48	chr18	73830758	73848579	4	3	1
a80e2747-dd2a-50a4-a838-654352471e48	chr18	73850153	80257174	2	1	1
a80e2747-dd2a-50a4-a838-654352471e48	chr19	90910	7229666	1	1	0
a80e2747-dd2a-50a4-a838-654352471e48	chr19	7230427	21074007	2	1	1
a80e2747-dd2a-50a4-a838-654352471e48	chr19	21074082	30967179	3	2	1
a80e2747-dd2a-50a4-a838-654352471e48	chr19	30969053	58586487	2	1	1
a80e2747-dd2a-50a4-a838-654352471e48	chr20	80664	9610465	2	1	1
a80e2747-dd2a-50a4-a838-654352471e48	chr20	9611616	9614526	0	0	0
a80e2747-dd2a-50a4-a838-654352471e48	chr20	9615141	39073679	2	1	1
a80e2747-dd2a-50a4-a838-654352471e48	chr20	39073756	43437203	3	2	1
a80e2747-dd2a-50a4-a838-654352471e48	chr20	43439634	64324800	2	1	1
a80e2747-dd2a-50a4-a838-654352471e48	chr21	12973348	22404262	2	1	1
a80e2747-dd2a-50a4-a838-654352471e48	chr21	22404908	26330292	1	1	0
a80e2747-dd2a-50a4-a838-654352471e48	chr21	26331307	27772008	2	1	1
a80e2747-dd2a-50a4-a838-654352471e48	chr21	27772357	30240930	1	1	0
a80e2747-dd2a-50a4-a838-654352471e48	chr21	30242637	41707156	2	1	1
a80e2747-dd2a-50a4-a838-654352471e48	chr21	41709152	46677045	1	1	0
a80e2747-dd2a-50a4-a838-654352471e48	chr22	16392123	23411050	2	1	1
a80e2747-dd2a-50a4-a838-654352471e48	chr22	23411162	26244234	3	2	1
a80e2747-dd2a-50a4-a838-654352471e48	chr22	26245115	27877300	2	1	1
a80e2747-dd2a-50a4-a838-654352471e48	chr22	27877351	32443040	1	1	0
a80e2747-dd2a-50a4-a838-654352471e48	chr22	32444239	43472691	2	1	1
a80e2747-dd2a-50a4-a838-654352471e48	chr22	43473727	43988323	2	2	0
a80e2747-dd2a-50a4-a838-654352471e48	chr22	43988399	50796027	3	2	1
a80e2747-dd2a-50a4-a838-654352471e48	chrX	251810	68031088	2	1	1
a80e2747-dd2a-50a4-a838-654352471e48	chrX	68031551	68047997	6	3	3
a80e2747-dd2a-50a4-a838-654352471e48	chrX	68048175	117057721	2	1	1
a80e2747-dd2a-50a4-a838-654352471e48	chrX	117057838	117062011	7	4	3
a80e2747-dd2a-50a4-a838-654352471e48	chrX	117062493	156004181	2	1	1
a80e2747-dd2a-50a4-a838-654352471e48	chrY	2782397	26653788	0	0	0
a80e2747-dd2a-50a4-a838-654352471e48	chrY	56872112	56872112	1	1	0
