GDC_Aliquot	Chromosome	Start	End	Copy_Number	Major_Copy_Number	Minor_Copy_Number
31930492-144d-50cd-8611-931abd612381	chr1	62920	266187	4	4	0
31930492-144d-50cd-8611-931abd612381	chr1	599171	785910	3	3	0
31930492-144d-50cd-8611-931abd612381	chr1	787937	40583765	1	1	0
31930492-144d-50cd-8611-931abd612381	chr1	40584821	42098279	2	1	1
31930492-144d-50cd-8611-931abd612381	chr1	42102008	56087849	1	1	0
31930492-144d-50cd-8611-931abd612381	chr1	56093064	59624933	3	2	1
31930492-144d-50cd-8611-931abd612381	chr1	59628111	61202989	1	1	0
31930492-144d-50cd-8611-931abd612381	chr1	61203112	87222711	2	1	1
31930492-144d-50cd-8611-931abd612381	chr1	87224729	87233154	4	2	2
31930492-144d-50cd-8611-931abd612381	chr1	87233362	87237569	2	1	1
31930492-144d-50cd-8611-931abd612381	chr1	87238334	102266885	4	2	2
31930492-144d-50cd-8611-931abd612381	chr1	102267134	102378414	3	3	0
31930492-144d-50cd-8611-931abd612381	chr1	102378611	104882791	4	2	2
31930492-144d-50cd-8611-931abd612381	chr1	104882833	105123864	5	4	1
31930492-144d-50cd-8611-931abd612381	chr1	105124499	114958192	3	2	1
31930492-144d-50cd-8611-931abd612381	chr1	114960748	118502751	1	1	0
31930492-144d-50cd-8611-931abd612381	chr1	118502932	118754180	2	1	1
31930492-144d-50cd-8611-931abd612381	chr1	118758124	121705338	3	2	1
31930492-144d-50cd-8611-931abd612381	chr1	143541857	148359050	2	1	1
31930492-144d-50cd-8611-931abd612381	chr1	149761178	150838552	4	2	2
31930492-144d-50cd-8611-931abd612381	chr1	150838785	157553053	2	1	1
31930492-144d-50cd-8611-931abd612381	chr1	157558173	165871328	1	1	0
31930492-144d-50cd-8611-931abd612381	chr1	165873431	167796946	2	1	1
31930492-144d-50cd-8611-931abd612381	chr1	167797188	175310468	1	1	0
31930492-144d-50cd-8611-931abd612381	chr1	175313983	175558570	2	1	1
31930492-144d-50cd-8611-931abd612381	chr1	175558893	248930189	1	1	0
31930492-144d-50cd-8611-931abd612381	chr2	12784	7614286	2	1	1
31930492-144d-50cd-8611-931abd612381	chr2	7614327	7964192	2	2	0
31930492-144d-50cd-8611-931abd612381	chr2	7964463	9126106	2	1	1
31930492-144d-50cd-8611-931abd612381	chr2	9126942	9138040	6	3	3
31930492-144d-50cd-8611-931abd612381	chr2	9142970	14436124	2	1	1
31930492-144d-50cd-8611-931abd612381	chr2	14438802	14460925	6	3	3
31930492-144d-50cd-8611-931abd612381	chr2	14461230	26921339	2	1	1
31930492-144d-50cd-8611-931abd612381	chr2	26921571	26954478	1	1	0
31930492-144d-50cd-8611-931abd612381	chr2	26954677	64886847	2	1	1
31930492-144d-50cd-8611-931abd612381	chr2	64886933	64905451	4	2	2
31930492-144d-50cd-8611-931abd612381	chr2	64908236	88834118	2	1	1
31930492-144d-50cd-8611-931abd612381	chr2	88836539	89268711	7	7	0
31930492-144d-50cd-8611-931abd612381	chr2	89271229	100679585	2	1	1
31930492-144d-50cd-8611-931abd612381	chr2	100679636	100705731	1	1	0
31930492-144d-50cd-8611-931abd612381	chr2	100707116	109127388	2	1	1
31930492-144d-50cd-8611-931abd612381	chr2	109128720	166646858	1	1	0
31930492-144d-50cd-8611-931abd612381	chr2	166647835	166684500	0	0	0
31930492-144d-50cd-8611-931abd612381	chr2	166684677	188167460	1	1	0
31930492-144d-50cd-8611-931abd612381	chr2	188167517	188188305	2	2	0
31930492-144d-50cd-8611-931abd612381	chr2	188189294	242147305	1	1	0
31930492-144d-50cd-8611-931abd612381	chr3	20930	7603530	2	1	1
31930492-144d-50cd-8611-931abd612381	chr3	7604424	7900605	2	2	0
31930492-144d-50cd-8611-931abd612381	chr3	7900769	8377283	2	1	1
31930492-144d-50cd-8611-931abd612381	chr3	8377697	8556085	2	2	0
31930492-144d-50cd-8611-931abd612381	chr3	8556984	24617074	2	1	1
31930492-144d-50cd-8611-931abd612381	chr3	24617206	24779380	1	1	0
31930492-144d-50cd-8611-931abd612381	chr3	24779720	28106449	2	1	1
31930492-144d-50cd-8611-931abd612381	chr3	28107341	28112933	5	4	1
31930492-144d-50cd-8611-931abd612381	chr3	28112974	34884300	2	2	0
31930492-144d-50cd-8611-931abd612381	chr3	34885512	35926190	2	1	1
31930492-144d-50cd-8611-931abd612381	chr3	35928447	54293675	1	1	0
31930492-144d-50cd-8611-931abd612381	chr3	54294280	54310946	3	2	1
31930492-144d-50cd-8611-931abd612381	chr3	54311149	54973854	2	1	1
31930492-144d-50cd-8611-931abd612381	chr3	54973908	59488689	1	1	0
31930492-144d-50cd-8611-931abd612381	chr3	59489185	59506975	2	1	1
31930492-144d-50cd-8611-931abd612381	chr3	59507323	72794409	1	1	0
31930492-144d-50cd-8611-931abd612381	chr3	72796457	73086412	0	0	0
31930492-144d-50cd-8611-931abd612381	chr3	73089999	77695178	1	1	0
31930492-144d-50cd-8611-931abd612381	chr3	77695299	77698594	0	0	0
31930492-144d-50cd-8611-931abd612381	chr3	77699264	116501005	1	1	0
31930492-144d-50cd-8611-931abd612381	chr3	116503310	116544247	0	0	0
31930492-144d-50cd-8611-931abd612381	chr3	116544790	116561041	2	2	0
31930492-144d-50cd-8611-931abd612381	chr3	116562561	117010971	0	0	0
31930492-144d-50cd-8611-931abd612381	chr3	117017892	117064005	1	1	0
31930492-144d-50cd-8611-931abd612381	chr3	117066005	117206154	0	0	0
31930492-144d-50cd-8611-931abd612381	chr3	117211469	142883824	1	1	0
31930492-144d-50cd-8611-931abd612381	chr3	142885073	142906936	3	3	0
31930492-144d-50cd-8611-931abd612381	chr3	142907210	169473119	1	1	0
31930492-144d-50cd-8611-931abd612381	chr3	169474252	171455838	2	1	1
31930492-144d-50cd-8611-931abd612381	chr3	171456424	198169247	1	1	0
31930492-144d-50cd-8611-931abd612381	chr4	68929	3787578	1	1	0
31930492-144d-50cd-8611-931abd612381	chr4	3791966	44978246	2	1	1
31930492-144d-50cd-8611-931abd612381	chr4	44980021	44995666	5	3	2
31930492-144d-50cd-8611-931abd612381	chr4	44995815	49152601	2	1	1
31930492-144d-50cd-8611-931abd612381	chr4	49152752	51819878	8	8	0
31930492-144d-50cd-8611-931abd612381	chr4	51820017	58739400	2	1	1
31930492-144d-50cd-8611-931abd612381	chr4	58739505	59318729	3	2	1
31930492-144d-50cd-8611-931abd612381	chr4	59318919	136708448	2	1	1
31930492-144d-50cd-8611-931abd612381	chr4	136708802	136832437	2	2	0
31930492-144d-50cd-8611-931abd612381	chr4	136832529	140747177	2	1	1
31930492-144d-50cd-8611-931abd612381	chr4	140747517	140774423	4	2	2
31930492-144d-50cd-8611-931abd612381	chr4	140775636	161102300	2	1	1
31930492-144d-50cd-8611-931abd612381	chr4	161102892	161130063	1	1	0
31930492-144d-50cd-8611-931abd612381	chr4	161135340	190106768	2	1	1
31930492-144d-50cd-8611-931abd612381	chr5	15532	3235987	1	1	0
31930492-144d-50cd-8611-931abd612381	chr5	3236777	34633952	2	1	1
31930492-144d-50cd-8611-931abd612381	chr5	34634285	34748909	3	2	1
31930492-144d-50cd-8611-931abd612381	chr5	34749311	50201141	2	1	1
31930492-144d-50cd-8611-931abd612381	chr5	50206422	72014457	1	1	0
31930492-144d-50cd-8611-931abd612381	chr5	72015362	73314546	2	1	1
31930492-144d-50cd-8611-931abd612381	chr5	73314703	181363319	1	1	0
31930492-144d-50cd-8611-931abd612381	chr6	149661	18837013	2	1	1
31930492-144d-50cd-8611-931abd612381	chr6	18837254	18932763	3	2	1
31930492-144d-50cd-8611-931abd612381	chr6	18933161	39104258	2	1	1
31930492-144d-50cd-8611-931abd612381	chr6	39115512	39513705	3	2	1
31930492-144d-50cd-8611-931abd612381	chr6	39515363	40381627	2	1	1
31930492-144d-50cd-8611-931abd612381	chr6	40382660	40665777	2	2	0
31930492-144d-50cd-8611-931abd612381	chr6	40666942	50148989	2	1	1
31930492-144d-50cd-8611-931abd612381	chr6	50149247	50231874	2	2	0
31930492-144d-50cd-8611-931abd612381	chr6	50233288	66579597	2	1	1
31930492-144d-50cd-8611-931abd612381	chr6	66579635	71634200	1	1	0
31930492-144d-50cd-8611-931abd612381	chr6	71638978	72267642	3	2	1
31930492-144d-50cd-8611-931abd612381	chr6	72268672	80578359	1	1	0
31930492-144d-50cd-8611-931abd612381	chr6	80578413	80579817	0	0	0
31930492-144d-50cd-8611-931abd612381	chr6	80584624	88606716	1	1	0
31930492-144d-50cd-8611-931abd612381	chr6	88607877	88897936	0	0	0
31930492-144d-50cd-8611-931abd612381	chr6	88905255	121541471	1	1	0
31930492-144d-50cd-8611-931abd612381	chr6	121541821	122362278	3	2	1
31930492-144d-50cd-8611-931abd612381	chr6	122362295	129859672	4	3	1
31930492-144d-50cd-8611-931abd612381	chr6	129860635	130133179	2	1	1
31930492-144d-50cd-8611-931abd612381	chr6	130133694	135582868	4	3	1
31930492-144d-50cd-8611-931abd612381	chr6	135591538	146967840	2	1	1
31930492-144d-50cd-8611-931abd612381	chr6	146968213	160319480	1	1	0
31930492-144d-50cd-8611-931abd612381	chr6	160319639	160647710	2	1	1
31930492-144d-50cd-8611-931abd612381	chr6	160647935	167952337	1	1	0
31930492-144d-50cd-8611-931abd612381	chr6	167954387	170741917	2	1	1
31930492-144d-50cd-8611-931abd612381	chr7	43259	2833774	3	2	1
31930492-144d-50cd-8611-931abd612381	chr7	2834838	7734295	4	3	1
31930492-144d-50cd-8611-931abd612381	chr7	7740651	8513401	3	2	1
31930492-144d-50cd-8611-931abd612381	chr7	8514696	9597369	4	3	1
31930492-144d-50cd-8611-931abd612381	chr7	9599714	10947885	2	1	1
31930492-144d-50cd-8611-931abd612381	chr7	10948515	10988651	3	3	0
31930492-144d-50cd-8611-931abd612381	chr7	10990043	11309824	6	5	1
31930492-144d-50cd-8611-931abd612381	chr7	11310059	11931528	5	4	1
31930492-144d-50cd-8611-931abd612381	chr7	11931703	12000422	8	7	1
31930492-144d-50cd-8611-931abd612381	chr7	12000548	14475962	5	4	1
31930492-144d-50cd-8611-931abd612381	chr7	14487145	15916845	7	6	1
31930492-144d-50cd-8611-931abd612381	chr7	15919643	19796834	5	4	1
31930492-144d-50cd-8611-931abd612381	chr7	19799605	22189769	6	5	1
31930492-144d-50cd-8611-931abd612381	chr7	22194195	22526981	2	1	1
31930492-144d-50cd-8611-931abd612381	chr7	22527792	24209339	7	6	1
31930492-144d-50cd-8611-931abd612381	chr7	24212180	24756806	9	8	1
31930492-144d-50cd-8611-931abd612381	chr7	24758145	25294525	5	4	1
31930492-144d-50cd-8611-931abd612381	chr7	25295022	25443753	2	1	1
31930492-144d-50cd-8611-931abd612381	chr7	25445526	25657335	1	1	0
31930492-144d-50cd-8611-931abd612381	chr7	25658018	26360237	2	1	1
31930492-144d-50cd-8611-931abd612381	chr7	26360250	26406845	1	1	0
31930492-144d-50cd-8611-931abd612381	chr7	26407401	27229574	6	5	1
31930492-144d-50cd-8611-931abd612381	chr7	27233202	32460146	2	1	1
31930492-144d-50cd-8611-931abd612381	chr7	32462280	32706792	8	7	1
31930492-144d-50cd-8611-931abd612381	chr7	32707066	34092307	1	1	0
31930492-144d-50cd-8611-931abd612381	chr7	34093115	34628551	2	1	1
31930492-144d-50cd-8611-931abd612381	chr7	34643220	35673644	7	6	1
31930492-144d-50cd-8611-931abd612381	chr7	35673928	46880740	1	1	0
31930492-144d-50cd-8611-931abd612381	chr7	46885902	46916527	4	3	1
31930492-144d-50cd-8611-931abd612381	chr7	46917111	47012272	1	1	0
31930492-144d-50cd-8611-931abd612381	chr7	47012725	47634232	4	2	2
31930492-144d-50cd-8611-931abd612381	chr7	47636545	53238431	1	1	0
31930492-144d-50cd-8611-931abd612381	chr7	53238746	54799027	4	3	1
31930492-144d-50cd-8611-931abd612381	chr7	54799148	57795817	1	1	0
31930492-144d-50cd-8611-931abd612381	chr7	57799267	65233784	2	1	1
31930492-144d-50cd-8611-931abd612381	chr7	65233863	141391865	1	1	0
31930492-144d-50cd-8611-931abd612381	chr7	141391876	159334314	2	1	1
31930492-144d-50cd-8611-931abd612381	chr8	81254	4220531	1	1	0
31930492-144d-50cd-8611-931abd612381	chr8	4220633	4224214	6	3	3
31930492-144d-50cd-8611-931abd612381	chr8	4226515	12616049	1	1	0
31930492-144d-50cd-8611-931abd612381	chr8	12616143	12720283	3	3	0
31930492-144d-50cd-8611-931abd612381	chr8	12720581	52819553	1	1	0
31930492-144d-50cd-8611-931abd612381	chr8	52820466	52836216	0	0	0
31930492-144d-50cd-8611-931abd612381	chr8	52837742	63792385	2	1	1
31930492-144d-50cd-8611-931abd612381	chr8	63792402	66294889	1	1	0
31930492-144d-50cd-8611-931abd612381	chr8	66295139	87662800	2	1	1
31930492-144d-50cd-8611-931abd612381	chr8	87663065	93112789	3	2	1
31930492-144d-50cd-8611-931abd612381	chr8	93113150	97223320	2	1	1
31930492-144d-50cd-8611-931abd612381	chr8	97225823	98132321	3	2	1
31930492-144d-50cd-8611-931abd612381	chr8	98137119	105364107	2	1	1
31930492-144d-50cd-8611-931abd612381	chr8	105364368	105930867	3	2	1
31930492-144d-50cd-8611-931abd612381	chr8	105931017	108429977	2	1	1
31930492-144d-50cd-8611-931abd612381	chr8	108430224	111329092	3	2	1
31930492-144d-50cd-8611-931abd612381	chr8	111329137	112353848	4	2	2
31930492-144d-50cd-8611-931abd612381	chr8	112353936	114086330	5	4	1
31930492-144d-50cd-8611-931abd612381	chr8	114086547	119697230	3	2	1
31930492-144d-50cd-8611-931abd612381	chr8	119700360	119948221	2	1	1
31930492-144d-50cd-8611-931abd612381	chr8	119949226	122477484	4	3	1
31930492-144d-50cd-8611-931abd612381	chr8	122478886	123559837	3	2	1
31930492-144d-50cd-8611-931abd612381	chr8	123560351	124281001	4	3	1
31930492-144d-50cd-8611-931abd612381	chr8	124281071	128424089	3	2	1
31930492-144d-50cd-8611-931abd612381	chr8	128425841	128975973	4	2	2
31930492-144d-50cd-8611-931abd612381	chr8	128989920	133826988	3	2	1
31930492-144d-50cd-8611-931abd612381	chr8	133827030	141115206	2	1	1
31930492-144d-50cd-8611-931abd612381	chr8	141116037	141220093	1	1	0
31930492-144d-50cd-8611-931abd612381	chr8	141222605	145072769	2	1	1
31930492-144d-50cd-8611-931abd612381	chr9	46587	36868851	1	1	0
31930492-144d-50cd-8611-931abd612381	chr9	36869259	41741113	2	1	1
31930492-144d-50cd-8611-931abd612381	chr9	60863881	68618958	3	2	1
31930492-144d-50cd-8611-931abd612381	chr9	68619208	72260035	1	1	0
31930492-144d-50cd-8611-931abd612381	chr9	72260654	72272011	4	2	2
31930492-144d-50cd-8611-931abd612381	chr9	72272787	114026134	1	1	0
31930492-144d-50cd-8611-931abd612381	chr9	114027291	116726362	2	1	1
31930492-144d-50cd-8611-931abd612381	chr9	116727069	122568768	1	1	0
31930492-144d-50cd-8611-931abd612381	chr9	122569107	122577385	0	0	0
31930492-144d-50cd-8611-931abd612381	chr9	122577397	133709122	1	1	0
31930492-144d-50cd-8611-931abd612381	chr9	133713999	133753192	3	2	1
31930492-144d-50cd-8611-931abd612381	chr9	133753594	138200944	1	1	0
31930492-144d-50cd-8611-931abd612381	chr10	45792	1662736	2	1	1
31930492-144d-50cd-8611-931abd612381	chr10	1663272	1673673	0	0	0
31930492-144d-50cd-8611-931abd612381	chr10	1677178	4971324	2	1	1
31930492-144d-50cd-8611-931abd612381	chr10	4976632	6456761	1	1	0
31930492-144d-50cd-8611-931abd612381	chr10	6456837	6964864	2	1	1
31930492-144d-50cd-8611-931abd612381	chr10	6964944	6975263	4	2	2
31930492-144d-50cd-8611-931abd612381	chr10	6975393	8671963	2	1	1
31930492-144d-50cd-8611-931abd612381	chr10	8672111	8678301	5	3	2
31930492-144d-50cd-8611-931abd612381	chr10	8679800	32147852	2	1	1
31930492-144d-50cd-8611-931abd612381	chr10	32147991	36337564	1	1	0
31930492-144d-50cd-8611-931abd612381	chr10	36337705	42369196	2	1	1
31930492-144d-50cd-8611-931abd612381	chr10	42369243	44243240	1	1	0
31930492-144d-50cd-8611-931abd612381	chr10	44244146	44256882	0	0	0
31930492-144d-50cd-8611-931abd612381	chr10	44257528	45428322	1	1	0
31930492-144d-50cd-8611-931abd612381	chr10	45429767	48283899	2	1	1
31930492-144d-50cd-8611-931abd612381	chr10	48283989	52311959	1	1	0
31930492-144d-50cd-8611-931abd612381	chr10	52318170	53720475	3	2	1
31930492-144d-50cd-8611-931abd612381	chr10	53724672	53817795	2	2	0
31930492-144d-50cd-8611-931abd612381	chr10	53821109	79403142	1	1	0
31930492-144d-50cd-8611-931abd612381	chr10	79403403	79416990	2	2	0
31930492-144d-50cd-8611-931abd612381	chr10	79422592	95102662	1	1	0
31930492-144d-50cd-8611-931abd612381	chr10	95105336	95109949	6	6	0
31930492-144d-50cd-8611-931abd612381	chr10	95115957	104846683	1	1	0
31930492-144d-50cd-8611-931abd612381	chr10	104848022	104939454	2	2	0
31930492-144d-50cd-8611-931abd612381	chr10	104940497	105044777	1	1	0
31930492-144d-50cd-8611-931abd612381	chr10	105046307	113315384	2	1	1
31930492-144d-50cd-8611-931abd612381	chr10	113317317	113453489	3	2	1
31930492-144d-50cd-8611-931abd612381	chr10	113457106	127548041	2	1	1
31930492-144d-50cd-8611-931abd612381	chr10	127549852	133654968	1	1	0
31930492-144d-50cd-8611-931abd612381	chr11	198510	5766862	1	1	0
31930492-144d-50cd-8611-931abd612381	chr11	5768371	5787909	0	0	0
31930492-144d-50cd-8611-931abd612381	chr11	5788108	60316992	1	1	0
31930492-144d-50cd-8611-931abd612381	chr11	60318017	60325249	0	0	0
31930492-144d-50cd-8611-931abd612381	chr11	60326006	66224968	1	1	0
31930492-144d-50cd-8611-931abd612381	chr11	66224985	84257193	2	1	1
31930492-144d-50cd-8611-931abd612381	chr11	84257721	84465132	1	1	0
31930492-144d-50cd-8611-931abd612381	chr11	84465218	87219661	2	1	1
31930492-144d-50cd-8611-931abd612381	chr11	87220475	87288849	1	1	0
31930492-144d-50cd-8611-931abd612381	chr11	87289120	101831021	2	1	1
31930492-144d-50cd-8611-931abd612381	chr11	101831556	104693074	3	2	1
31930492-144d-50cd-8611-931abd612381	chr11	104693126	111418592	2	1	1
31930492-144d-50cd-8611-931abd612381	chr11	111418663	111434239	3	2	1
31930492-144d-50cd-8611-931abd612381	chr11	111436183	115610014	2	1	1
31930492-144d-50cd-8611-931abd612381	chr11	115610488	115648785	3	2	1
31930492-144d-50cd-8611-931abd612381	chr11	115651182	120281882	2	1	1
31930492-144d-50cd-8611-931abd612381	chr11	120286459	120489666	1	1	0
31930492-144d-50cd-8611-931abd612381	chr11	120490277	129860667	2	1	1
31930492-144d-50cd-8611-931abd612381	chr11	129860950	133995333	3	2	1
31930492-144d-50cd-8611-931abd612381	chr11	133997181	135074876	1	1	0
31930492-144d-50cd-8611-931abd612381	chr12	51460	115803540	2	1	1
31930492-144d-50cd-8611-931abd612381	chr12	115803553	117061865	1	1	0
31930492-144d-50cd-8611-931abd612381	chr12	117065600	133201603	2	1	1
31930492-144d-50cd-8611-931abd612381	chr13	18452809	20522542	3	2	1
31930492-144d-50cd-8611-931abd612381	chr13	20522838	48133568	1	1	0
31930492-144d-50cd-8611-931abd612381	chr13	48137028	49539468	0	0	0
31930492-144d-50cd-8611-931abd612381	chr13	49540355	86016399	1	1	0
31930492-144d-50cd-8611-931abd612381	chr13	86018511	86038784	9	9	0
31930492-144d-50cd-8611-931abd612381	chr13	86039253	93255144	1	1	0
31930492-144d-50cd-8611-931abd612381	chr13	93256777	93428895	4	4	0
31930492-144d-50cd-8611-931abd612381	chr13	93433556	94330093	7	6	1
31930492-144d-50cd-8611-931abd612381	chr13	94331956	94405546	1	1	0
31930492-144d-50cd-8611-931abd612381	chr13	94405640	94423704	7	7	0
31930492-144d-50cd-8611-931abd612381	chr13	94425450	99204017	1	1	0
31930492-144d-50cd-8611-931abd612381	chr13	99211296	101930532	3	2	1
31930492-144d-50cd-8611-931abd612381	chr13	101930599	104013342	2	1	1
31930492-144d-50cd-8611-931abd612381	chr13	104014318	107421683	3	2	1
31930492-144d-50cd-8611-931abd612381	chr13	107422260	107978622	5	4	1
31930492-144d-50cd-8611-931abd612381	chr13	107979149	108019300	9	7	2
31930492-144d-50cd-8611-931abd612381	chr13	108019896	109866422	7	6	1
31930492-144d-50cd-8611-931abd612381	chr13	109872080	110276391	5	4	1
31930492-144d-50cd-8611-931abd612381	chr13	110276442	110386305	12	10	2
31930492-144d-50cd-8611-931abd612381	chr13	110388451	114125179	6	5	1
31930492-144d-50cd-8611-931abd612381	chr13	114125721	114342922	11	10	1
31930492-144d-50cd-8611-931abd612381	chr14	18239283	78860430	2	1	1
31930492-144d-50cd-8611-931abd612381	chr14	78860929	79082497	1	1	0
31930492-144d-50cd-8611-931abd612381	chr14	79083157	105780462	2	1	1
31930492-144d-50cd-8611-931abd612381	chr14	105784746	106369985	4	4	0
31930492-144d-50cd-8611-931abd612381	chr14	106370181	106877229	2	1	1
31930492-144d-50cd-8611-931abd612381	chr15	19811075	25054112	2	1	1
31930492-144d-50cd-8611-931abd612381	chr15	25055911	25086393	6	4	2
31930492-144d-50cd-8611-931abd612381	chr15	25087571	27518605	2	1	1
31930492-144d-50cd-8611-931abd612381	chr15	27519228	27527394	0	0	0
31930492-144d-50cd-8611-931abd612381	chr15	27527513	52617128	2	1	1
31930492-144d-50cd-8611-931abd612381	chr15	52620043	52697299	1	1	0
31930492-144d-50cd-8611-931abd612381	chr15	52697350	55164980	3	2	1
31930492-144d-50cd-8611-931abd612381	chr15	55168039	60929483	2	1	1
31930492-144d-50cd-8611-931abd612381	chr15	60929629	61076301	3	2	1
31930492-144d-50cd-8611-931abd612381	chr15	61076428	96778926	2	1	1
31930492-144d-50cd-8611-931abd612381	chr15	96781344	98263607	3	2	1
31930492-144d-50cd-8611-931abd612381	chr15	98268012	101928837	2	1	1
31930492-144d-50cd-8611-931abd612381	chr16	10777	31948830	1	1	0
31930492-144d-50cd-8611-931abd612381	chr16	31954295	36048855	2	2	0
31930492-144d-50cd-8611-931abd612381	chr16	46441986	46476005	5	5	0
31930492-144d-50cd-8611-931abd612381	chr16	46481615	46604997	4	4	0
31930492-144d-50cd-8611-931abd612381	chr16	46606783	60171987	2	1	1
31930492-144d-50cd-8611-931abd612381	chr16	60175338	60187691	4	3	1
31930492-144d-50cd-8611-931abd612381	chr16	60187709	65923712	2	1	1
31930492-144d-50cd-8611-931abd612381	chr16	65923916	68562405	1	1	0
31930492-144d-50cd-8611-931abd612381	chr16	68562872	73323986	2	1	1
31930492-144d-50cd-8611-931abd612381	chr16	73324798	84763593	1	1	0
31930492-144d-50cd-8611-931abd612381	chr16	84768566	87331044	2	1	1
31930492-144d-50cd-8611-931abd612381	chr16	87335972	90096867	1	1	0
31930492-144d-50cd-8611-931abd612381	chr17	150733	7679972	1	1	0
31930492-144d-50cd-8611-931abd612381	chr17	7680387	9029571	8	7	1
31930492-144d-50cd-8611-931abd612381	chr17	9030026	11201685	6	6	0
31930492-144d-50cd-8611-931abd612381	chr17	11202477	12121922	3	3	0
31930492-144d-50cd-8611-931abd612381	chr17	12127180	13839512	4	4	0
31930492-144d-50cd-8611-931abd612381	chr17	13840113	14251534	3	3	0
31930492-144d-50cd-8611-931abd612381	chr17	14252218	14365182	4	4	0
31930492-144d-50cd-8611-931abd612381	chr17	14365452	15027746	4	3	1
31930492-144d-50cd-8611-931abd612381	chr17	15027917	15214406	2	2	0
31930492-144d-50cd-8611-931abd612381	chr17	15225079	16356234	4	2	2
31930492-144d-50cd-8611-931abd612381	chr17	16356884	18179790	12	10	2
31930492-144d-50cd-8611-931abd612381	chr17	18187705	20830051	7	5	2
31930492-144d-50cd-8611-931abd612381	chr17	20830077	22667184	5	4	1
31930492-144d-50cd-8611-931abd612381	chr17	22668265	26949301	7	5	2
31930492-144d-50cd-8611-931abd612381	chr17	26955079	27224530	3	2	1
31930492-144d-50cd-8611-931abd612381	chr17	27224656	27225574	4	3	1
31930492-144d-50cd-8611-931abd612381	chr17	27226847	30882725	2	1	1
31930492-144d-50cd-8611-931abd612381	chr17	30883096	30956706	2	2	0
31930492-144d-50cd-8611-931abd612381	chr17	30959567	33538283	1	1	0
31930492-144d-50cd-8611-931abd612381	chr17	33538322	33640441	2	2	0
31930492-144d-50cd-8611-931abd612381	chr17	33640494	36700577	1	1	0
31930492-144d-50cd-8611-931abd612381	chr17	36700860	38495597	2	1	1
31930492-144d-50cd-8611-931abd612381	chr17	38495851	48295211	1	1	0
31930492-144d-50cd-8611-931abd612381	chr17	48296309	53785442	3	2	1
31930492-144d-50cd-8611-931abd612381	chr17	53785550	54582106	1	1	0
31930492-144d-50cd-8611-931abd612381	chr17	54584863	56728410	3	2	1
31930492-144d-50cd-8611-931abd612381	chr17	56729222	58889863	2	1	1
31930492-144d-50cd-8611-931abd612381	chr17	58890487	60040068	6	5	1
31930492-144d-50cd-8611-931abd612381	chr17	60044092	61245919	1	1	0
31930492-144d-50cd-8611-931abd612381	chr17	61245957	62618634	2	1	1
31930492-144d-50cd-8611-931abd612381	chr17	62630037	66370120	3	2	1
31930492-144d-50cd-8611-931abd612381	chr17	66371929	67118973	2	1	1
31930492-144d-50cd-8611-931abd612381	chr17	67120375	72450224	3	2	1
31930492-144d-50cd-8611-931abd612381	chr17	72451544	74847910	2	1	1
31930492-144d-50cd-8611-931abd612381	chr17	74848389	82691356	1	1	0
31930492-144d-50cd-8611-931abd612381	chr17	82695004	82821734	6	5	1
31930492-144d-50cd-8611-931abd612381	chr17	82822508	83091923	2	1	1
31930492-144d-50cd-8611-931abd612381	chr18	48133	15402409	1	1	0
31930492-144d-50cd-8611-931abd612381	chr18	20949392	76407462	2	1	1
31930492-144d-50cd-8611-931abd612381	chr18	76407611	80257174	1	1	0
31930492-144d-50cd-8611-931abd612381	chr19	90910	24049742	2	1	1
31930492-144d-50cd-8611-931abd612381	chr19	24050027	27663417	4	2	2
31930492-144d-50cd-8611-931abd612381	chr19	27667215	31445834	2	1	1
31930492-144d-50cd-8611-931abd612381	chr19	31446180	58586487	1	1	0
31930492-144d-50cd-8611-931abd612381	chr20	80664	2462795	3	2	1
31930492-144d-50cd-8611-931abd612381	chr20	2462962	36060525	1	1	0
31930492-144d-50cd-8611-931abd612381	chr20	36062024	64324800	2	1	1
31930492-144d-50cd-8611-931abd612381	chr21	12973348	40442093	2	1	1
31930492-144d-50cd-8611-931abd612381	chr21	40442206	46677045	1	1	0
31930492-144d-50cd-8611-931abd612381	chr22	16392123	16666549	3	2	1
31930492-144d-50cd-8611-931abd612381	chr22	16668143	44612167	2	1	1
31930492-144d-50cd-8611-931abd612381	chr22	44614222	50796027	1	1	0
31930492-144d-50cd-8611-931abd612381	chrX	251810	1420939	2	1	1
31930492-144d-50cd-8611-931abd612381	chrX	1425946	1480942	1	1	0
31930492-144d-50cd-8611-931abd612381	chrX	1482489	2793920	2	1	1
31930492-144d-50cd-8611-931abd612381	chrX	2794242	5561699	1	1	0
31930492-144d-50cd-8611-931abd612381	chrX	5561776	22548854	2	2	0
31930492-144d-50cd-8611-931abd612381	chrX	22549572	32049170	1	1	0
31930492-144d-50cd-8611-931abd612381	chrX	32059017	33637634	6	6	0
31930492-144d-50cd-8611-931abd612381	chrX	33638176	62839624	1	1	0
31930492-144d-50cd-8611-931abd612381	chrX	62842381	97714084	0	0	0
31930492-144d-50cd-8611-931abd612381	chrX	97715222	97715985	7	7	0
31930492-144d-50cd-8611-931abd612381	chrX	97716142	102170076	0	0	0
31930492-144d-50cd-8611-931abd612381	chrX	102178714	103592621	2	2	0
31930492-144d-50cd-8611-931abd612381	chrX	103593635	104945852	3	3	0
31930492-144d-50cd-8611-931abd612381	chrX	104951744	107755673	0	0	0
31930492-144d-50cd-8611-931abd612381	chrX	107755827	108006997	2	2	0
31930492-144d-50cd-8611-931abd612381	chrX	108014221	108074783	1	1	0
31930492-144d-50cd-8611-931abd612381	chrX	108074814	108795655	2	2	0
31930492-144d-50cd-8611-931abd612381	chrX	108798933	114923175	0	0	0
31930492-144d-50cd-8611-931abd612381	chrX	114925400	117105818	1	1	0
31930492-144d-50cd-8611-931abd612381	chrX	117106727	117349753	0	0	0
31930492-144d-50cd-8611-931abd612381	chrX	117359457	118871560	1	1	0
31930492-144d-50cd-8611-931abd612381	chrX	118872366	120139972	2	1	1
31930492-144d-50cd-8611-931abd612381	chrX	120140095	120359819	1	1	0
31930492-144d-50cd-8611-931abd612381	chrX	120360296	120367445	2	1	1
31930492-144d-50cd-8611-931abd612381	chrX	120370584	121819768	0	0	0
31930492-144d-50cd-8611-931abd612381	chrX	121820265	126987195	1	1	0
31930492-144d-50cd-8611-931abd612381	chrX	126991023	127330821	0	0	0
31930492-144d-50cd-8611-931abd612381	chrX	127333059	128483757	2	1	1
31930492-144d-50cd-8611-931abd612381	chrX	128486289	128781190	0	0	0
31930492-144d-50cd-8611-931abd612381	chrX	128792538	128983509	2	2	0
31930492-144d-50cd-8611-931abd612381	chrX	128984822	137666712	0	0	0
31930492-144d-50cd-8611-931abd612381	chrX	137667910	138220612	2	2	0
31930492-144d-50cd-8611-931abd612381	chrX	138221233	138238069	1	1	0
31930492-144d-50cd-8611-931abd612381	chrX	138239496	140351846	0	0	0
31930492-144d-50cd-8611-931abd612381	chrX	140353696	141694897	2	1	1
31930492-144d-50cd-8611-931abd612381	chrX	141700588	147001462	0	0	0
31930492-144d-50cd-8611-931abd612381	chrX	147004401	147363630	1	1	0
31930492-144d-50cd-8611-931abd612381	chrX	147365825	148840363	0	0	0
31930492-144d-50cd-8611-931abd612381	chrX	148842249	151976060	1	1	0
31930492-144d-50cd-8611-931abd612381	chrX	151976689	156004181	0	0	0
31930492-144d-50cd-8611-931abd612381	chrY	2782397	26653788	1	1	0
31930492-144d-50cd-8611-931abd612381	chrY	56872112	56872112	22	22	0
