GDC_Aliquot	Chromosome	Start	End	Copy_Number	Major_Copy_Number	Minor_Copy_Number
1cdd3125-843c-5951-940b-aca971ba08ed	chr1	62920	73968135	5	3	2
1cdd3125-843c-5951-940b-aca971ba08ed	chr1	73969359	74910045	3	2	1
1cdd3125-843c-5951-940b-aca971ba08ed	chr1	74911796	75148138	4	2	2
1cdd3125-843c-5951-940b-aca971ba08ed	chr1	75149341	76184838	3	2	1
1cdd3125-843c-5951-940b-aca971ba08ed	chr1	76185323	77803533	5	3	2
1cdd3125-843c-5951-940b-aca971ba08ed	chr1	77804606	78272360	3	2	1
1cdd3125-843c-5951-940b-aca971ba08ed	chr1	78275537	80834568	5	3	2
1cdd3125-843c-5951-940b-aca971ba08ed	chr1	80834957	81016442	3	2	1
1cdd3125-843c-5951-940b-aca971ba08ed	chr1	81020677	82858690	5	3	2
1cdd3125-843c-5951-940b-aca971ba08ed	chr1	82860122	88034186	3	2	1
1cdd3125-843c-5951-940b-aca971ba08ed	chr1	88035220	89283224	4	2	2
1cdd3125-843c-5951-940b-aca971ba08ed	chr1	89285788	100687102	3	2	1
1cdd3125-843c-5951-940b-aca971ba08ed	chr1	100689675	101272457	5	3	2
1cdd3125-843c-5951-940b-aca971ba08ed	chr1	101274526	107972925	3	2	1
1cdd3125-843c-5951-940b-aca971ba08ed	chr1	107976248	108112851	5	3	2
1cdd3125-843c-5951-940b-aca971ba08ed	chr1	108112906	121705338	3	2	1
1cdd3125-843c-5951-940b-aca971ba08ed	chr1	143541857	143893019	14	14	0
1cdd3125-843c-5951-940b-aca971ba08ed	chr1	143921397	161866163	9	7	2
1cdd3125-843c-5951-940b-aca971ba08ed	chr1	161870754	161882606	6	5	1
1cdd3125-843c-5951-940b-aca971ba08ed	chr1	161888802	172373725	10	8	2
1cdd3125-843c-5951-940b-aca971ba08ed	chr1	172374457	172775794	9	7	2
1cdd3125-843c-5951-940b-aca971ba08ed	chr1	172776110	178361673	7	5	2
1cdd3125-843c-5951-940b-aca971ba08ed	chr1	178365806	178438683	3	2	1
1cdd3125-843c-5951-940b-aca971ba08ed	chr1	178445938	181934064	6	4	2
1cdd3125-843c-5951-940b-aca971ba08ed	chr1	181934958	185696095	9	7	2
1cdd3125-843c-5951-940b-aca971ba08ed	chr1	185698386	186373593	4	2	2
1cdd3125-843c-5951-940b-aca971ba08ed	chr1	186383048	187459730	10	8	2
1cdd3125-843c-5951-940b-aca971ba08ed	chr1	187459941	188177073	8	6	2
1cdd3125-843c-5951-940b-aca971ba08ed	chr1	188178257	189143053	3	2	1
1cdd3125-843c-5951-940b-aca971ba08ed	chr1	189150554	189302255	6	3	3
1cdd3125-843c-5951-940b-aca971ba08ed	chr1	189306976	189541934	3	2	1
1cdd3125-843c-5951-940b-aca971ba08ed	chr1	189542237	190332058	6	4	2
1cdd3125-843c-5951-940b-aca971ba08ed	chr1	190332402	191492046	3	2	1
1cdd3125-843c-5951-940b-aca971ba08ed	chr1	191495299	193671137	5	3	2
1cdd3125-843c-5951-940b-aca971ba08ed	chr1	193671250	203187655	3	2	1
1cdd3125-843c-5951-940b-aca971ba08ed	chr1	203187994	209282441	2	2	0
1cdd3125-843c-5951-940b-aca971ba08ed	chr1	209282929	209435674	4	2	2
1cdd3125-843c-5951-940b-aca971ba08ed	chr1	209436301	248930189	2	2	0
1cdd3125-843c-5951-940b-aca971ba08ed	chr2	12784	31022647	4	3	1
1cdd3125-843c-5951-940b-aca971ba08ed	chr2	31022784	31027855	3	2	1
1cdd3125-843c-5951-940b-aca971ba08ed	chr2	31029795	62983200	4	3	1
1cdd3125-843c-5951-940b-aca971ba08ed	chr2	62988339	70225544	5	3	2
1cdd3125-843c-5951-940b-aca971ba08ed	chr2	70227380	79440009	3	3	0
1cdd3125-843c-5951-940b-aca971ba08ed	chr2	79440205	88816370	5	3	2
1cdd3125-843c-5951-940b-aca971ba08ed	chr2	88816847	91717024	8	5	3
1cdd3125-843c-5951-940b-aca971ba08ed	chr2	91733779	124921157	4	3	1
1cdd3125-843c-5951-940b-aca971ba08ed	chr2	124921342	126621081	2	2	0
1cdd3125-843c-5951-940b-aca971ba08ed	chr2	126621952	130935536	5	3	2
1cdd3125-843c-5951-940b-aca971ba08ed	chr2	130936684	131653813	3	3	0
1cdd3125-843c-5951-940b-aca971ba08ed	chr2	131654325	136446448	5	3	2
1cdd3125-843c-5951-940b-aca971ba08ed	chr2	136455728	143336234	3	3	0
1cdd3125-843c-5951-940b-aca971ba08ed	chr2	143337468	146104517	5	3	2
1cdd3125-843c-5951-940b-aca971ba08ed	chr2	146106836	146109366	0	0	0
1cdd3125-843c-5951-940b-aca971ba08ed	chr2	146120238	147704058	5	3	2
1cdd3125-843c-5951-940b-aca971ba08ed	chr2	147706906	155294876	3	3	0
1cdd3125-843c-5951-940b-aca971ba08ed	chr2	155295492	155586050	5	3	2
1cdd3125-843c-5951-940b-aca971ba08ed	chr2	155588436	181574792	3	3	0
1cdd3125-843c-5951-940b-aca971ba08ed	chr2	181575029	181595908	1	1	0
1cdd3125-843c-5951-940b-aca971ba08ed	chr2	181596239	237289692	3	3	0
1cdd3125-843c-5951-940b-aca971ba08ed	chr2	237290441	238506744	1	1	0
1cdd3125-843c-5951-940b-aca971ba08ed	chr2	238508150	240406164	2	2	0
1cdd3125-843c-5951-940b-aca971ba08ed	chr2	240409460	242147305	1	1	0
1cdd3125-843c-5951-940b-aca971ba08ed	chr3	20930	9527290	2	1	1
1cdd3125-843c-5951-940b-aca971ba08ed	chr3	9532643	12283354	3	2	1
1cdd3125-843c-5951-940b-aca971ba08ed	chr3	12285326	12404969	1	1	0
1cdd3125-843c-5951-940b-aca971ba08ed	chr3	12405022	17034889	3	2	1
1cdd3125-843c-5951-940b-aca971ba08ed	chr3	17035068	21938511	4	3	1
1cdd3125-843c-5951-940b-aca971ba08ed	chr3	21942872	21959454	1	1	0
1cdd3125-843c-5951-940b-aca971ba08ed	chr3	21966375	37985338	4	3	1
1cdd3125-843c-5951-940b-aca971ba08ed	chr3	37988550	40962941	2	1	1
1cdd3125-843c-5951-940b-aca971ba08ed	chr3	40966392	41013104	1	1	0
1cdd3125-843c-5951-940b-aca971ba08ed	chr3	41013473	41031095	2	1	1
1cdd3125-843c-5951-940b-aca971ba08ed	chr3	41032051	41053800	1	1	0
1cdd3125-843c-5951-940b-aca971ba08ed	chr3	41054550	42274761	4	3	1
1cdd3125-843c-5951-940b-aca971ba08ed	chr3	42277771	42376954	1	1	0
1cdd3125-843c-5951-940b-aca971ba08ed	chr3	42377104	45040239	2	1	1
1cdd3125-843c-5951-940b-aca971ba08ed	chr3	45040356	45158456	4	3	1
1cdd3125-843c-5951-940b-aca971ba08ed	chr3	45158762	45870750	1	1	0
1cdd3125-843c-5951-940b-aca971ba08ed	chr3	45879931	46067042	3	2	1
1cdd3125-843c-5951-940b-aca971ba08ed	chr3	46067512	46684600	2	1	1
1cdd3125-843c-5951-940b-aca971ba08ed	chr3	46685046	49280814	3	2	1
1cdd3125-843c-5951-940b-aca971ba08ed	chr3	49280832	64223362	1	1	0
1cdd3125-843c-5951-940b-aca971ba08ed	chr3	64223542	64715252	2	1	1
1cdd3125-843c-5951-940b-aca971ba08ed	chr3	64715470	65862714	3	2	1
1cdd3125-843c-5951-940b-aca971ba08ed	chr3	65862869	84254229	2	1	1
1cdd3125-843c-5951-940b-aca971ba08ed	chr3	84255090	85322801	3	2	1
1cdd3125-843c-5951-940b-aca971ba08ed	chr3	85322978	85724431	2	1	1
1cdd3125-843c-5951-940b-aca971ba08ed	chr3	85727065	87121806	7	6	1
1cdd3125-843c-5951-940b-aca971ba08ed	chr3	87122248	89026675	6	5	1
1cdd3125-843c-5951-940b-aca971ba08ed	chr3	89031782	93800634	2	1	1
1cdd3125-843c-5951-940b-aca971ba08ed	chr3	93801172	116535872	3	2	1
1cdd3125-843c-5951-940b-aca971ba08ed	chr3	116544247	116663198	2	2	0
1cdd3125-843c-5951-940b-aca971ba08ed	chr3	116663562	117028050	0	0	0
1cdd3125-843c-5951-940b-aca971ba08ed	chr3	117030171	117074053	2	1	1
1cdd3125-843c-5951-940b-aca971ba08ed	chr3	117074338	117083145	1	1	0
1cdd3125-843c-5951-940b-aca971ba08ed	chr3	117083464	162794951	3	2	1
1cdd3125-843c-5951-940b-aca971ba08ed	chr3	162795304	162906093	1	1	0
1cdd3125-843c-5951-940b-aca971ba08ed	chr3	162906109	198169247	3	2	1
1cdd3125-843c-5951-940b-aca971ba08ed	chr4	68929	7702699	4	2	2
1cdd3125-843c-5951-940b-aca971ba08ed	chr4	7703068	53719575	3	2	1
1cdd3125-843c-5951-940b-aca971ba08ed	chr4	53721797	65062240	5	3	2
1cdd3125-843c-5951-940b-aca971ba08ed	chr4	65062680	65722817	3	2	1
1cdd3125-843c-5951-940b-aca971ba08ed	chr4	65722833	74255938	5	3	2
1cdd3125-843c-5951-940b-aca971ba08ed	chr4	74265726	93051649	3	2	1
1cdd3125-843c-5951-940b-aca971ba08ed	chr4	93051785	93133659	1	1	0
1cdd3125-843c-5951-940b-aca971ba08ed	chr4	93138121	168468296	3	2	1
1cdd3125-843c-5951-940b-aca971ba08ed	chr4	168468625	168595979	4	2	2
1cdd3125-843c-5951-940b-aca971ba08ed	chr4	168599726	190106768	3	2	1
1cdd3125-843c-5951-940b-aca971ba08ed	chr5	15532	351895	2	2	0
1cdd3125-843c-5951-940b-aca971ba08ed	chr5	355004	14468958	4	2	2
1cdd3125-843c-5951-940b-aca971ba08ed	chr5	14470297	32671761	5	3	2
1cdd3125-843c-5951-940b-aca971ba08ed	chr5	32678984	45327111	2	2	0
1cdd3125-843c-5951-940b-aca971ba08ed	chr5	45336399	50477328	4	3	1
1cdd3125-843c-5951-940b-aca971ba08ed	chr5	50479154	78928247	2	2	0
1cdd3125-843c-5951-940b-aca971ba08ed	chr5	78929170	79029590	1	1	0
1cdd3125-843c-5951-940b-aca971ba08ed	chr5	79029696	87598277	2	2	0
1cdd3125-843c-5951-940b-aca971ba08ed	chr5	87599079	88409139	3	2	1
1cdd3125-843c-5951-940b-aca971ba08ed	chr5	88414120	114143038	2	2	0
1cdd3125-843c-5951-940b-aca971ba08ed	chr5	114146157	114175371	0	0	0
1cdd3125-843c-5951-940b-aca971ba08ed	chr5	114184748	125808788	2	2	0
1cdd3125-843c-5951-940b-aca971ba08ed	chr5	125808867	125848175	3	3	0
1cdd3125-843c-5951-940b-aca971ba08ed	chr5	125849011	165582391	2	2	0
1cdd3125-843c-5951-940b-aca971ba08ed	chr5	165582780	165929025	0	0	0
1cdd3125-843c-5951-940b-aca971ba08ed	chr5	165930625	181363319	2	2	0
1cdd3125-843c-5951-940b-aca971ba08ed	chr6	149661	375277	3	2	1
1cdd3125-843c-5951-940b-aca971ba08ed	chr6	375759	13345420	4	2	2
1cdd3125-843c-5951-940b-aca971ba08ed	chr6	13345479	13368502	5	3	2
1cdd3125-843c-5951-940b-aca971ba08ed	chr6	13369225	37514523	4	2	2
1cdd3125-843c-5951-940b-aca971ba08ed	chr6	37515147	38324137	5	3	2
1cdd3125-843c-5951-940b-aca971ba08ed	chr6	38324841	53284464	4	2	2
1cdd3125-843c-5951-940b-aca971ba08ed	chr6	53284706	57795716	6	3	3
1cdd3125-843c-5951-940b-aca971ba08ed	chr6	57825869	58416164	4	2	2
1cdd3125-843c-5951-940b-aca971ba08ed	chr6	58416347	60626586	3	2	1
1cdd3125-843c-5951-940b-aca971ba08ed	chr6	60629632	66978856	2	2	0
1cdd3125-843c-5951-940b-aca971ba08ed	chr6	66992123	67515466	9	7	2
1cdd3125-843c-5951-940b-aca971ba08ed	chr6	67515996	71818938	2	2	0
1cdd3125-843c-5951-940b-aca971ba08ed	chr6	71819776	72426055	10	8	2
1cdd3125-843c-5951-940b-aca971ba08ed	chr6	72431190	152974835	2	2	0
1cdd3125-843c-5951-940b-aca971ba08ed	chr6	152975406	153948086	1	1	0
1cdd3125-843c-5951-940b-aca971ba08ed	chr6	153948407	160476288	2	2	0
1cdd3125-843c-5951-940b-aca971ba08ed	chr6	160476515	162108535	1	1	0
1cdd3125-843c-5951-940b-aca971ba08ed	chr6	162109104	162272528	2	2	0
1cdd3125-843c-5951-940b-aca971ba08ed	chr6	162281800	163090942	1	1	0
1cdd3125-843c-5951-940b-aca971ba08ed	chr6	163091358	164010016	2	2	0
1cdd3125-843c-5951-940b-aca971ba08ed	chr6	164012569	167096345	1	1	0
1cdd3125-843c-5951-940b-aca971ba08ed	chr6	167096390	167223401	2	2	0
1cdd3125-843c-5951-940b-aca971ba08ed	chr6	167223660	170741917	1	1	0
1cdd3125-843c-5951-940b-aca971ba08ed	chr7	43259	18775529	3	2	1
1cdd3125-843c-5951-940b-aca971ba08ed	chr7	18775850	18782572	5	4	1
1cdd3125-843c-5951-940b-aca971ba08ed	chr7	18784270	49266384	3	2	1
1cdd3125-843c-5951-940b-aca971ba08ed	chr7	49268575	52567527	2	2	0
1cdd3125-843c-5951-940b-aca971ba08ed	chr7	52568274	52586565	4	4	0
1cdd3125-843c-5951-940b-aca971ba08ed	chr7	52586953	52646521	3	3	0
1cdd3125-843c-5951-940b-aca971ba08ed	chr7	52647819	52669031	2	2	0
1cdd3125-843c-5951-940b-aca971ba08ed	chr7	52670012	53757911	4	2	2
1cdd3125-843c-5951-940b-aca971ba08ed	chr7	53757932	54882858	2	2	0
1cdd3125-843c-5951-940b-aca971ba08ed	chr7	54883189	57560216	5	3	2
1cdd3125-843c-5951-940b-aca971ba08ed	chr7	57561061	57960264	3	2	1
1cdd3125-843c-5951-940b-aca971ba08ed	chr7	57960277	64508458	6	3	3
1cdd3125-843c-5951-940b-aca971ba08ed	chr7	64513064	70326428	3	2	1
1cdd3125-843c-5951-940b-aca971ba08ed	chr7	70333661	78032617	2	1	1
1cdd3125-843c-5951-940b-aca971ba08ed	chr7	78033770	79646360	3	2	1
1cdd3125-843c-5951-940b-aca971ba08ed	chr7	79654470	80052107	2	1	1
1cdd3125-843c-5951-940b-aca971ba08ed	chr7	80058115	80214171	3	2	1
1cdd3125-843c-5951-940b-aca971ba08ed	chr7	80214794	81743030	2	1	1
1cdd3125-843c-5951-940b-aca971ba08ed	chr7	81743136	83531108	3	2	1
1cdd3125-843c-5951-940b-aca971ba08ed	chr7	83531167	85277161	2	1	1
1cdd3125-843c-5951-940b-aca971ba08ed	chr7	85277192	90227330	3	2	1
1cdd3125-843c-5951-940b-aca971ba08ed	chr7	90227447	91878202	2	1	1
1cdd3125-843c-5951-940b-aca971ba08ed	chr7	91880224	147121866	3	2	1
1cdd3125-843c-5951-940b-aca971ba08ed	chr7	147122264	147463639	2	2	0
1cdd3125-843c-5951-940b-aca971ba08ed	chr7	147463866	159334314	3	2	1
1cdd3125-843c-5951-940b-aca971ba08ed	chr8	81254	7336299	2	2	0
1cdd3125-843c-5951-940b-aca971ba08ed	chr8	7357089	7890177	5	5	0
1cdd3125-843c-5951-940b-aca971ba08ed	chr8	7919608	43626587	2	2	0
1cdd3125-843c-5951-940b-aca971ba08ed	chr8	43628443	49168709	5	3	2
1cdd3125-843c-5951-940b-aca971ba08ed	chr8	49171785	49620264	2	2	0
1cdd3125-843c-5951-940b-aca971ba08ed	chr8	49621097	51342019	5	3	2
1cdd3125-843c-5951-940b-aca971ba08ed	chr8	51342097	85636159	4	2	2
1cdd3125-843c-5951-940b-aca971ba08ed	chr8	85638247	86737785	5	3	2
1cdd3125-843c-5951-940b-aca971ba08ed	chr8	86737994	98481810	4	2	2
1cdd3125-843c-5951-940b-aca971ba08ed	chr8	98485278	98798471	1	1	0
1cdd3125-843c-5951-940b-aca971ba08ed	chr8	98798692	103852849	4	2	2
1cdd3125-843c-5951-940b-aca971ba08ed	chr8	103853131	122167545	5	3	2
1cdd3125-843c-5951-940b-aca971ba08ed	chr8	122171867	140048624	4	2	2
1cdd3125-843c-5951-940b-aca971ba08ed	chr8	140049317	140070347	3	2	1
1cdd3125-843c-5951-940b-aca971ba08ed	chr8	140070930	145072769	4	2	2
1cdd3125-843c-5951-940b-aca971ba08ed	chr9	46587	23538257	2	2	0
1cdd3125-843c-5951-940b-aca971ba08ed	chr9	23538829	23585483	3	2	1
1cdd3125-843c-5951-940b-aca971ba08ed	chr9	23587479	23868893	2	2	0
1cdd3125-843c-5951-940b-aca971ba08ed	chr9	23872419	25111121	3	2	1
1cdd3125-843c-5951-940b-aca971ba08ed	chr9	25112415	25964854	2	2	0
1cdd3125-843c-5951-940b-aca971ba08ed	chr9	25969362	27114181	3	2	1
1cdd3125-843c-5951-940b-aca971ba08ed	chr9	27114728	27172440	4	3	1
1cdd3125-843c-5951-940b-aca971ba08ed	chr9	27172840	27749955	4	2	2
1cdd3125-843c-5951-940b-aca971ba08ed	chr9	27752808	28029610	7	5	2
1cdd3125-843c-5951-940b-aca971ba08ed	chr9	28030633	29142842	4	2	2
1cdd3125-843c-5951-940b-aca971ba08ed	chr9	29145215	29408531	9	7	2
1cdd3125-843c-5951-940b-aca971ba08ed	chr9	29408782	30146378	7	5	2
1cdd3125-843c-5951-940b-aca971ba08ed	chr9	30152556	30934861	4	2	2
1cdd3125-843c-5951-940b-aca971ba08ed	chr9	30935052	31027933	8	6	2
1cdd3125-843c-5951-940b-aca971ba08ed	chr9	31029869	32928995	5	3	2
1cdd3125-843c-5951-940b-aca971ba08ed	chr9	32929438	33187164	7	5	2
1cdd3125-843c-5951-940b-aca971ba08ed	chr9	33188611	34108232	6	3	3
1cdd3125-843c-5951-940b-aca971ba08ed	chr9	34108310	34604533	8	6	2
1cdd3125-843c-5951-940b-aca971ba08ed	chr9	34605025	36856271	6	4	2
1cdd3125-843c-5951-940b-aca971ba08ed	chr9	36860459	37007242	3	2	1
1cdd3125-843c-5951-940b-aca971ba08ed	chr9	37007478	37353255	6	3	3
1cdd3125-843c-5951-940b-aca971ba08ed	chr9	37353765	37820991	8	6	2
1cdd3125-843c-5951-940b-aca971ba08ed	chr9	37821464	41741113	4	2	2
1cdd3125-843c-5951-940b-aca971ba08ed	chr9	60863881	138200944	3	2	1
1cdd3125-843c-5951-940b-aca971ba08ed	chr10	45792	44509554	3	2	1
1cdd3125-843c-5951-940b-aca971ba08ed	chr10	44509629	44565661	4	3	1
1cdd3125-843c-5951-940b-aca971ba08ed	chr10	44566173	72678284	3	2	1
1cdd3125-843c-5951-940b-aca971ba08ed	chr10	72678462	79414627	2	1	1
1cdd3125-843c-5951-940b-aca971ba08ed	chr10	79415480	79462520	3	2	1
1cdd3125-843c-5951-940b-aca971ba08ed	chr10	79463851	133654968	2	1	1
1cdd3125-843c-5951-940b-aca971ba08ed	chr11	198510	3613856	2	1	1
1cdd3125-843c-5951-940b-aca971ba08ed	chr11	3614380	4946420	3	2	1
1cdd3125-843c-5951-940b-aca971ba08ed	chr11	4947280	4955042	0	0	0
1cdd3125-843c-5951-940b-aca971ba08ed	chr11	4955781	7212211	2	1	1
1cdd3125-843c-5951-940b-aca971ba08ed	chr11	7212661	60993849	3	2	1
1cdd3125-843c-5951-940b-aca971ba08ed	chr11	60994992	84822788	2	1	1
1cdd3125-843c-5951-940b-aca971ba08ed	chr11	84822826	132119209	3	2	1
1cdd3125-843c-5951-940b-aca971ba08ed	chr11	132119680	135074876	1	1	0
1cdd3125-843c-5951-940b-aca971ba08ed	chr12	51460	8936109	5	3	2
1cdd3125-843c-5951-940b-aca971ba08ed	chr12	8936676	8967302	6	4	2
1cdd3125-843c-5951-940b-aca971ba08ed	chr12	8968307	9477960	5	3	2
1cdd3125-843c-5951-940b-aca971ba08ed	chr12	9481274	9582374	0	0	0
1cdd3125-843c-5951-940b-aca971ba08ed	chr12	9583090	19652377	5	3	2
1cdd3125-843c-5951-940b-aca971ba08ed	chr12	19652473	23063861	6	4	2
1cdd3125-843c-5951-940b-aca971ba08ed	chr12	23064078	57465777	5	3	2
1cdd3125-843c-5951-940b-aca971ba08ed	chr12	57466149	72732637	6	4	2
1cdd3125-843c-5951-940b-aca971ba08ed	chr12	72733949	73249973	4	2	2
1cdd3125-843c-5951-940b-aca971ba08ed	chr12	73256820	73372353	3	2	1
1cdd3125-843c-5951-940b-aca971ba08ed	chr12	73374705	74745473	6	4	2
1cdd3125-843c-5951-940b-aca971ba08ed	chr12	74750097	96069399	4	2	2
1cdd3125-843c-5951-940b-aca971ba08ed	chr12	96073789	126062074	3	2	1
1cdd3125-843c-5951-940b-aca971ba08ed	chr12	126063074	126066659	1	1	0
1cdd3125-843c-5951-940b-aca971ba08ed	chr12	126066660	133201603	3	2	1
1cdd3125-843c-5951-940b-aca971ba08ed	chr13	18452809	23064071	4	2	2
1cdd3125-843c-5951-940b-aca971ba08ed	chr13	23064140	23558320	9	7	2
1cdd3125-843c-5951-940b-aca971ba08ed	chr13	23564392	25101832	4	2	2
1cdd3125-843c-5951-940b-aca971ba08ed	chr13	25102583	25381834	2	2	0
1cdd3125-843c-5951-940b-aca971ba08ed	chr13	25385144	25688539	4	2	2
1cdd3125-843c-5951-940b-aca971ba08ed	chr13	25690991	26655122	7	5	2
1cdd3125-843c-5951-940b-aca971ba08ed	chr13	26657075	83535033	2	2	0
1cdd3125-843c-5951-940b-aca971ba08ed	chr13	83535100	83581877	0	0	0
1cdd3125-843c-5951-940b-aca971ba08ed	chr13	83586994	95636226	2	2	0
1cdd3125-843c-5951-940b-aca971ba08ed	chr13	95638726	107002463	6	4	2
1cdd3125-843c-5951-940b-aca971ba08ed	chr13	107003331	114342922	5	3	2
1cdd3125-843c-5951-940b-aca971ba08ed	chr14	18239283	67041473	4	2	2
1cdd3125-843c-5951-940b-aca971ba08ed	chr14	67049450	67114359	5	3	2
1cdd3125-843c-5951-940b-aca971ba08ed	chr14	67119333	78228087	4	2	2
1cdd3125-843c-5951-940b-aca971ba08ed	chr14	78228474	88299315	5	3	2
1cdd3125-843c-5951-940b-aca971ba08ed	chr14	88299401	98519161	4	2	2
1cdd3125-843c-5951-940b-aca971ba08ed	chr14	98519231	98570093	9	6	3
1cdd3125-843c-5951-940b-aca971ba08ed	chr14	98572090	98891361	6	4	2
1cdd3125-843c-5951-940b-aca971ba08ed	chr14	98893294	103178699	4	2	2
1cdd3125-843c-5951-940b-aca971ba08ed	chr14	103179140	103310434	3	2	1
1cdd3125-843c-5951-940b-aca971ba08ed	chr14	103310867	106770361	5	3	2
1cdd3125-843c-5951-940b-aca971ba08ed	chr14	106775945	106877229	3	2	1
1cdd3125-843c-5951-940b-aca971ba08ed	chr15	19811075	62972934	4	2	2
1cdd3125-843c-5951-940b-aca971ba08ed	chr15	62973045	62978503	7	4	3
1cdd3125-843c-5951-940b-aca971ba08ed	chr15	62978547	76586021	4	2	2
1cdd3125-843c-5951-940b-aca971ba08ed	chr15	76598900	76603434	0	0	0
1cdd3125-843c-5951-940b-aca971ba08ed	chr15	76609838	101928837	4	2	2
1cdd3125-843c-5951-940b-aca971ba08ed	chr16	10777	17637952	3	2	1
1cdd3125-843c-5951-940b-aca971ba08ed	chr16	17638768	19759775	4	2	2
1cdd3125-843c-5951-940b-aca971ba08ed	chr16	19762335	31894396	3	2	1
1cdd3125-843c-5951-940b-aca971ba08ed	chr16	31894740	36048855	5	3	2
1cdd3125-843c-5951-940b-aca971ba08ed	chr16	46441986	54396155	2	2	0
1cdd3125-843c-5951-940b-aca971ba08ed	chr16	54396751	54403018	2	1	1
1cdd3125-843c-5951-940b-aca971ba08ed	chr16	54403517	59597613	4	2	2
1cdd3125-843c-5951-940b-aca971ba08ed	chr16	59597638	59655804	2	1	1
1cdd3125-843c-5951-940b-aca971ba08ed	chr16	59657236	59760978	5	3	2
1cdd3125-843c-5951-940b-aca971ba08ed	chr16	59765023	59830683	2	2	0
1cdd3125-843c-5951-940b-aca971ba08ed	chr16	59834769	66243601	4	2	2
1cdd3125-843c-5951-940b-aca971ba08ed	chr16	66244346	66518197	5	3	2
1cdd3125-843c-5951-940b-aca971ba08ed	chr16	66520637	69650500	4	2	2
1cdd3125-843c-5951-940b-aca971ba08ed	chr16	69655331	70006481	7	5	2
1cdd3125-843c-5951-940b-aca971ba08ed	chr16	70015893	70364830	3	2	1
1cdd3125-843c-5951-940b-aca971ba08ed	chr16	70370599	72195633	4	2	2
1cdd3125-843c-5951-940b-aca971ba08ed	chr16	72196466	82873415	5	3	2
1cdd3125-843c-5951-940b-aca971ba08ed	chr16	82874012	88177537	4	2	2
1cdd3125-843c-5951-940b-aca971ba08ed	chr16	88183355	88297038	1	1	0
1cdd3125-843c-5951-940b-aca971ba08ed	chr16	88297447	90096867	2	2	0
1cdd3125-843c-5951-940b-aca971ba08ed	chr17	150733	6197739	2	2	0
1cdd3125-843c-5951-940b-aca971ba08ed	chr17	6197764	6232721	0	0	0
1cdd3125-843c-5951-940b-aca971ba08ed	chr17	6232796	11887100	2	2	0
1cdd3125-843c-5951-940b-aca971ba08ed	chr17	11889595	16448502	5	3	2
1cdd3125-843c-5951-940b-aca971ba08ed	chr17	16448542	73854399	4	2	2
1cdd3125-843c-5951-940b-aca971ba08ed	chr17	73854466	83091923	3	2	1
1cdd3125-843c-5951-940b-aca971ba08ed	chr18	48133	4973590	3	2	1
1cdd3125-843c-5951-940b-aca971ba08ed	chr18	4974007	4985483	1	1	0
1cdd3125-843c-5951-940b-aca971ba08ed	chr18	4987699	60831026	3	2	1
1cdd3125-843c-5951-940b-aca971ba08ed	chr18	60832502	63551914	4	2	2
1cdd3125-843c-5951-940b-aca971ba08ed	chr18	63554709	65454802	6	4	2
1cdd3125-843c-5951-940b-aca971ba08ed	chr18	65454994	65805047	5	3	2
1cdd3125-843c-5951-940b-aca971ba08ed	chr18	65805650	71734882	4	2	2
1cdd3125-843c-5951-940b-aca971ba08ed	chr18	71735430	75065516	5	3	2
1cdd3125-843c-5951-940b-aca971ba08ed	chr18	75065741	77598131	4	2	2
1cdd3125-843c-5951-940b-aca971ba08ed	chr18	77598271	77762905	6	4	2
1cdd3125-843c-5951-940b-aca971ba08ed	chr18	77763393	80257174	5	3	2
1cdd3125-843c-5951-940b-aca971ba08ed	chr19	90910	6654948	2	2	0
1cdd3125-843c-5951-940b-aca971ba08ed	chr19	6657559	14273924	4	4	0
1cdd3125-843c-5951-940b-aca971ba08ed	chr19	14274123	14964454	3	3	0
1cdd3125-843c-5951-940b-aca971ba08ed	chr19	14968292	15130220	5	4	1
1cdd3125-843c-5951-940b-aca971ba08ed	chr19	15130381	20335048	3	3	0
1cdd3125-843c-5951-940b-aca971ba08ed	chr19	20335168	20965506	4	4	0
1cdd3125-843c-5951-940b-aca971ba08ed	chr19	20965533	22679158	6	6	0
1cdd3125-843c-5951-940b-aca971ba08ed	chr19	22679401	23061777	4	3	1
1cdd3125-843c-5951-940b-aca971ba08ed	chr19	23062835	23220361	3	3	0
1cdd3125-843c-5951-940b-aca971ba08ed	chr19	23228020	23500930	1	1	0
1cdd3125-843c-5951-940b-aca971ba08ed	chr19	23501148	23908151	2	2	0
1cdd3125-843c-5951-940b-aca971ba08ed	chr19	23909631	24324365	1	1	0
1cdd3125-843c-5951-940b-aca971ba08ed	chr19	24324370	58586487	3	2	1
1cdd3125-843c-5951-940b-aca971ba08ed	chr20	80664	15948843	3	2	1
1cdd3125-843c-5951-940b-aca971ba08ed	chr20	15951120	21638674	6	4	2
1cdd3125-843c-5951-940b-aca971ba08ed	chr20	21640029	31303398	3	2	1
1cdd3125-843c-5951-940b-aca971ba08ed	chr20	31308309	31453063	1	1	0
1cdd3125-843c-5951-940b-aca971ba08ed	chr20	31454257	31980760	3	2	1
1cdd3125-843c-5951-940b-aca971ba08ed	chr20	31982062	64324800	2	2	0
1cdd3125-843c-5951-940b-aca971ba08ed	chr21	12973348	14354707	4	2	2
1cdd3125-843c-5951-940b-aca971ba08ed	chr21	14357454	14436588	10	7	3
1cdd3125-843c-5951-940b-aca971ba08ed	chr21	14441264	15529044	4	2	2
1cdd3125-843c-5951-940b-aca971ba08ed	chr21	15529424	16147034	8	5	3
1cdd3125-843c-5951-940b-aca971ba08ed	chr21	16147476	16620720	10	7	3
1cdd3125-843c-5951-940b-aca971ba08ed	chr21	16621391	17139130	5	3	2
1cdd3125-843c-5951-940b-aca971ba08ed	chr21	17141737	18393603	11	9	2
1cdd3125-843c-5951-940b-aca971ba08ed	chr21	18394010	18590143	8	6	2
1cdd3125-843c-5951-940b-aca971ba08ed	chr21	18590166	45903608	2	2	0
1cdd3125-843c-5951-940b-aca971ba08ed	chr21	45903828	45922202	4	4	0
1cdd3125-843c-5951-940b-aca971ba08ed	chr21	45922608	46677045	2	2	0
1cdd3125-843c-5951-940b-aca971ba08ed	chr22	16392123	33142522	4	2	2
1cdd3125-843c-5951-940b-aca971ba08ed	chr22	33143508	41079773	3	2	1
1cdd3125-843c-5951-940b-aca971ba08ed	chr22	41080333	45226470	5	3	2
1cdd3125-843c-5951-940b-aca971ba08ed	chr22	45226699	50796027	3	2	1
1cdd3125-843c-5951-940b-aca971ba08ed	chrX	251810	2521611	4	2	2
1cdd3125-843c-5951-940b-aca971ba08ed	chrX	2522895	6295927	5	3	2
1cdd3125-843c-5951-940b-aca971ba08ed	chrX	6298639	7422420	3	2	1
1cdd3125-843c-5951-940b-aca971ba08ed	chrX	7423181	7872800	2	2	0
1cdd3125-843c-5951-940b-aca971ba08ed	chrX	7872934	13524043	3	2	1
1cdd3125-843c-5951-940b-aca971ba08ed	chrX	13524701	13771250	2	2	0
1cdd3125-843c-5951-940b-aca971ba08ed	chrX	13772214	16301535	3	2	1
1cdd3125-843c-5951-940b-aca971ba08ed	chrX	16307401	17504649	2	2	0
1cdd3125-843c-5951-940b-aca971ba08ed	chrX	17505395	18435137	4	2	2
1cdd3125-843c-5951-940b-aca971ba08ed	chrX	18437684	22789321	5	3	2
1cdd3125-843c-5951-940b-aca971ba08ed	chrX	22795756	22947524	3	2	1
1cdd3125-843c-5951-940b-aca971ba08ed	chrX	22951427	23311024	6	4	2
1cdd3125-843c-5951-940b-aca971ba08ed	chrX	23311037	23531952	3	2	1
1cdd3125-843c-5951-940b-aca971ba08ed	chrX	23532800	23847212	5	3	2
1cdd3125-843c-5951-940b-aca971ba08ed	chrX	23850412	24451508	3	2	1
1cdd3125-843c-5951-940b-aca971ba08ed	chrX	24451605	24668448	7	5	2
1cdd3125-843c-5951-940b-aca971ba08ed	chrX	24669187	24933814	3	2	1
1cdd3125-843c-5951-940b-aca971ba08ed	chrX	24935910	27139545	7	5	2
1cdd3125-843c-5951-940b-aca971ba08ed	chrX	27144106	27559807	11	9	2
1cdd3125-843c-5951-940b-aca971ba08ed	chrX	27560491	28045358	14	12	2
1cdd3125-843c-5951-940b-aca971ba08ed	chrX	28048693	28789228	11	9	2
1cdd3125-843c-5951-940b-aca971ba08ed	chrX	28789325	29414755	9	7	2
1cdd3125-843c-5951-940b-aca971ba08ed	chrX	29422766	29474395	5	3	2
1cdd3125-843c-5951-940b-aca971ba08ed	chrX	29475306	29542038	9	7	2
1cdd3125-843c-5951-940b-aca971ba08ed	chrX	29544369	29693503	5	3	2
1cdd3125-843c-5951-940b-aca971ba08ed	chrX	29695017	29822335	7	5	2
1cdd3125-843c-5951-940b-aca971ba08ed	chrX	29822807	32198351	5	3	2
1cdd3125-843c-5951-940b-aca971ba08ed	chrX	32198709	32480489	10	8	2
1cdd3125-843c-5951-940b-aca971ba08ed	chrX	32480893	32559706	7	5	2
1cdd3125-843c-5951-940b-aca971ba08ed	chrX	32559931	33016865	11	9	2
1cdd3125-843c-5951-940b-aca971ba08ed	chrX	33016900	33724957	9	7	2
1cdd3125-843c-5951-940b-aca971ba08ed	chrX	33725704	33975644	6	4	2
1cdd3125-843c-5951-940b-aca971ba08ed	chrX	33975915	34031896	13	8	5
1cdd3125-843c-5951-940b-aca971ba08ed	chrX	34032016	34035979	7	7	0
1cdd3125-843c-5951-940b-aca971ba08ed	chrX	34036353	34330135	11	9	2
1cdd3125-843c-5951-940b-aca971ba08ed	chrX	34330179	35608257	8	6	2
1cdd3125-843c-5951-940b-aca971ba08ed	chrX	35612892	35761322	3	3	0
1cdd3125-843c-5951-940b-aca971ba08ed	chrX	35762260	36151990	9	7	2
1cdd3125-843c-5951-940b-aca971ba08ed	chrX	36153002	36502917	5	3	2
1cdd3125-843c-5951-940b-aca971ba08ed	chrX	36505050	36759068	12	10	2
1cdd3125-843c-5951-940b-aca971ba08ed	chrX	36762655	38439675	7	5	2
1cdd3125-843c-5951-940b-aca971ba08ed	chrX	38444042	38770193	3	3	0
1cdd3125-843c-5951-940b-aca971ba08ed	chrX	38775361	40074498	7	5	2
1cdd3125-843c-5951-940b-aca971ba08ed	chrX	40075235	42302980	3	2	1
1cdd3125-843c-5951-940b-aca971ba08ed	chrX	42305927	42879021	7	5	2
1cdd3125-843c-5951-940b-aca971ba08ed	chrX	42879306	43298380	3	2	1
1cdd3125-843c-5951-940b-aca971ba08ed	chrX	43315335	43498990	6	4	2
1cdd3125-843c-5951-940b-aca971ba08ed	chrX	43506983	43525545	4	2	2
1cdd3125-843c-5951-940b-aca971ba08ed	chrX	43526117	43979747	1	1	0
1cdd3125-843c-5951-940b-aca971ba08ed	chrX	43982624	46881397	4	2	2
1cdd3125-843c-5951-940b-aca971ba08ed	chrX	46883141	46984622	9	9	0
1cdd3125-843c-5951-940b-aca971ba08ed	chrX	46996362	48144628	4	2	2
1cdd3125-843c-5951-940b-aca971ba08ed	chrX	48149065	51737709	2	2	0
1cdd3125-843c-5951-940b-aca971ba08ed	chrX	51750707	51801387	6	6	0
1cdd3125-843c-5951-940b-aca971ba08ed	chrX	51805930	53215358	2	2	0
1cdd3125-843c-5951-940b-aca971ba08ed	chrX	53221427	69708470	5	3	2
1cdd3125-843c-5951-940b-aca971ba08ed	chrX	69708634	73813909	4	2	2
1cdd3125-843c-5951-940b-aca971ba08ed	chrX	73822262	77267881	2	2	0
1cdd3125-843c-5951-940b-aca971ba08ed	chrX	77293685	77547299	0	0	0
1cdd3125-843c-5951-940b-aca971ba08ed	chrX	77567544	79975445	2	2	0
1cdd3125-843c-5951-940b-aca971ba08ed	chrX	79975619	82781172	4	4	0
1cdd3125-843c-5951-940b-aca971ba08ed	chrX	82785648	84484657	2	2	0
1cdd3125-843c-5951-940b-aca971ba08ed	chrX	84485675	86322257	5	5	0
1cdd3125-843c-5951-940b-aca971ba08ed	chrX	86329316	86696736	2	2	0
1cdd3125-843c-5951-940b-aca971ba08ed	chrX	86698907	88473163	5	5	0
1cdd3125-843c-5951-940b-aca971ba08ed	chrX	88473437	88569902	2	2	0
1cdd3125-843c-5951-940b-aca971ba08ed	chrX	88570433	88670508	4	4	0
1cdd3125-843c-5951-940b-aca971ba08ed	chrX	88672086	92963856	2	2	0
1cdd3125-843c-5951-940b-aca971ba08ed	chrX	92965197	94983194	4	4	0
1cdd3125-843c-5951-940b-aca971ba08ed	chrX	94985800	101417352	2	2	0
1cdd3125-843c-5951-940b-aca971ba08ed	chrX	101420845	101729746	4	4	0
1cdd3125-843c-5951-940b-aca971ba08ed	chrX	101730623	102501331	2	2	0
1cdd3125-843c-5951-940b-aca971ba08ed	chrX	102502401	103516679	4	4	0
1cdd3125-843c-5951-940b-aca971ba08ed	chrX	103518529	105496529	2	2	0
1cdd3125-843c-5951-940b-aca971ba08ed	chrX	105511499	106836912	4	4	0
1cdd3125-843c-5951-940b-aca971ba08ed	chrX	106838530	106927683	3	3	0
1cdd3125-843c-5951-940b-aca971ba08ed	chrX	106927770	109043264	2	2	0
1cdd3125-843c-5951-940b-aca971ba08ed	chrX	109045920	109218226	4	4	0
1cdd3125-843c-5951-940b-aca971ba08ed	chrX	109220802	109454062	2	2	0
1cdd3125-843c-5951-940b-aca971ba08ed	chrX	109454853	109635434	0	0	0
1cdd3125-843c-5951-940b-aca971ba08ed	chrX	109638149	109642992	1	1	0
1cdd3125-843c-5951-940b-aca971ba08ed	chrX	109652377	109727447	0	0	0
1cdd3125-843c-5951-940b-aca971ba08ed	chrX	109729397	113930962	1	1	0
1cdd3125-843c-5951-940b-aca971ba08ed	chrX	113935211	114033951	3	3	0
1cdd3125-843c-5951-940b-aca971ba08ed	chrX	114035625	127291742	1	1	0
1cdd3125-843c-5951-940b-aca971ba08ed	chrX	127291847	127295336	2	2	0
1cdd3125-843c-5951-940b-aca971ba08ed	chrX	127295792	146282868	1	1	0
1cdd3125-843c-5951-940b-aca971ba08ed	chrX	146283859	146303895	0	0	0
1cdd3125-843c-5951-940b-aca971ba08ed	chrX	146304644	156004181	1	1	0
1cdd3125-843c-5951-940b-aca971ba08ed	chrY	2782397	26653788	0	0	0
1cdd3125-843c-5951-940b-aca971ba08ed	chrY	56872112	56872112	7	7	0
