GDC_Aliquot	Chromosome	Start	End	Copy_Number	Major_Copy_Number	Minor_Copy_Number
fb1a4be5-55b5-506d-9c92-88e202e19aac	chr1	62920	67657746	4	2	2
fb1a4be5-55b5-506d-9c92-88e202e19aac	chr1	67658044	67672089	3	2	1
fb1a4be5-55b5-506d-9c92-88e202e19aac	chr1	67672180	72302735	4	2	2
fb1a4be5-55b5-506d-9c92-88e202e19aac	chr1	72302815	72345465	2	2	0
fb1a4be5-55b5-506d-9c92-88e202e19aac	chr1	72346221	121705338	4	2	2
fb1a4be5-55b5-506d-9c92-88e202e19aac	chr1	143541857	152445096	5	4	1
fb1a4be5-55b5-506d-9c92-88e202e19aac	chr1	152451675	153088861	4	3	1
fb1a4be5-55b5-506d-9c92-88e202e19aac	chr1	153090291	157184086	4	4	0
fb1a4be5-55b5-506d-9c92-88e202e19aac	chr1	157184946	158405868	3	3	0
fb1a4be5-55b5-506d-9c92-88e202e19aac	chr1	158408747	158555845	0	0	0
fb1a4be5-55b5-506d-9c92-88e202e19aac	chr1	158556794	159518593	3	3	0
fb1a4be5-55b5-506d-9c92-88e202e19aac	chr1	159519063	162338915	4	4	0
fb1a4be5-55b5-506d-9c92-88e202e19aac	chr1	162340523	163116406	3	3	0
fb1a4be5-55b5-506d-9c92-88e202e19aac	chr1	163116709	164008908	4	4	0
fb1a4be5-55b5-506d-9c92-88e202e19aac	chr1	164019799	165514363	3	3	0
fb1a4be5-55b5-506d-9c92-88e202e19aac	chr1	165514386	166215770	4	4	0
fb1a4be5-55b5-506d-9c92-88e202e19aac	chr1	166215800	166612602	3	3	0
fb1a4be5-55b5-506d-9c92-88e202e19aac	chr1	166613055	167306165	4	4	0
fb1a4be5-55b5-506d-9c92-88e202e19aac	chr1	167312662	167486513	3	3	0
fb1a4be5-55b5-506d-9c92-88e202e19aac	chr1	167488587	168377046	2	2	0
fb1a4be5-55b5-506d-9c92-88e202e19aac	chr1	168377891	168987057	4	4	0
fb1a4be5-55b5-506d-9c92-88e202e19aac	chr1	168987750	169196337	3	3	0
fb1a4be5-55b5-506d-9c92-88e202e19aac	chr1	169200702	172771971	4	4	0
fb1a4be5-55b5-506d-9c92-88e202e19aac	chr1	172774587	173123445	3	3	0
fb1a4be5-55b5-506d-9c92-88e202e19aac	chr1	173125430	175284972	2	2	0
fb1a4be5-55b5-506d-9c92-88e202e19aac	chr1	175285622	175449961	3	3	0
fb1a4be5-55b5-506d-9c92-88e202e19aac	chr1	175450065	176299063	2	2	0
fb1a4be5-55b5-506d-9c92-88e202e19aac	chr1	176301610	176546409	3	3	0
fb1a4be5-55b5-506d-9c92-88e202e19aac	chr1	176547752	248930189	2	2	0
fb1a4be5-55b5-506d-9c92-88e202e19aac	chr2	12784	6899257	3	2	1
fb1a4be5-55b5-506d-9c92-88e202e19aac	chr2	6902227	7199976	4	2	2
fb1a4be5-55b5-506d-9c92-88e202e19aac	chr2	7200322	7269836	3	2	1
fb1a4be5-55b5-506d-9c92-88e202e19aac	chr2	7270591	7440813	4	2	2
fb1a4be5-55b5-506d-9c92-88e202e19aac	chr2	7441320	7491411	3	2	1
fb1a4be5-55b5-506d-9c92-88e202e19aac	chr2	7494426	9248257	4	2	2
fb1a4be5-55b5-506d-9c92-88e202e19aac	chr2	9249110	9661114	3	2	1
fb1a4be5-55b5-506d-9c92-88e202e19aac	chr2	9664102	9763659	4	2	2
fb1a4be5-55b5-506d-9c92-88e202e19aac	chr2	9763958	10942969	5	3	2
fb1a4be5-55b5-506d-9c92-88e202e19aac	chr2	10943341	12225690	4	2	2
fb1a4be5-55b5-506d-9c92-88e202e19aac	chr2	12226782	13702973	5	3	2
fb1a4be5-55b5-506d-9c92-88e202e19aac	chr2	13703293	14436124	4	2	2
fb1a4be5-55b5-506d-9c92-88e202e19aac	chr2	14438802	15530249	5	3	2
fb1a4be5-55b5-506d-9c92-88e202e19aac	chr2	15535967	15917923	4	2	2
fb1a4be5-55b5-506d-9c92-88e202e19aac	chr2	15920237	16553731	5	3	2
fb1a4be5-55b5-506d-9c92-88e202e19aac	chr2	16554109	18533702	4	2	2
fb1a4be5-55b5-506d-9c92-88e202e19aac	chr2	18534722	18821286	3	2	1
fb1a4be5-55b5-506d-9c92-88e202e19aac	chr2	18822252	20291451	4	2	2
fb1a4be5-55b5-506d-9c92-88e202e19aac	chr2	20291560	20492859	3	2	1
fb1a4be5-55b5-506d-9c92-88e202e19aac	chr2	20494362	20942098	4	2	2
fb1a4be5-55b5-506d-9c92-88e202e19aac	chr2	20942149	21464721	3	2	1
fb1a4be5-55b5-506d-9c92-88e202e19aac	chr2	21465192	37616381	4	2	2
fb1a4be5-55b5-506d-9c92-88e202e19aac	chr2	37617921	37721427	3	2	1
fb1a4be5-55b5-506d-9c92-88e202e19aac	chr2	37731226	38079138	4	3	1
fb1a4be5-55b5-506d-9c92-88e202e19aac	chr2	38079273	38393101	3	2	1
fb1a4be5-55b5-506d-9c92-88e202e19aac	chr2	38394314	38540006	4	2	2
fb1a4be5-55b5-506d-9c92-88e202e19aac	chr2	38541322	45980479	3	2	1
fb1a4be5-55b5-506d-9c92-88e202e19aac	chr2	45980827	46196843	2	2	0
fb1a4be5-55b5-506d-9c92-88e202e19aac	chr2	46197982	48432539	3	2	1
fb1a4be5-55b5-506d-9c92-88e202e19aac	chr2	48434234	49058839	4	2	2
fb1a4be5-55b5-506d-9c92-88e202e19aac	chr2	49059484	51326028	3	2	1
fb1a4be5-55b5-506d-9c92-88e202e19aac	chr2	51329007	51769814	4	2	2
fb1a4be5-55b5-506d-9c92-88e202e19aac	chr2	51776721	52976154	3	2	1
fb1a4be5-55b5-506d-9c92-88e202e19aac	chr2	52979167	53321937	2	2	0
fb1a4be5-55b5-506d-9c92-88e202e19aac	chr2	53322059	53940204	3	2	1
fb1a4be5-55b5-506d-9c92-88e202e19aac	chr2	53944685	55849542	4	2	2
fb1a4be5-55b5-506d-9c92-88e202e19aac	chr2	55850240	56089280	5	3	2
fb1a4be5-55b5-506d-9c92-88e202e19aac	chr2	56091680	57616214	4	2	2
fb1a4be5-55b5-506d-9c92-88e202e19aac	chr2	57619426	58196584	3	2	1
fb1a4be5-55b5-506d-9c92-88e202e19aac	chr2	58200022	59102018	2	2	0
fb1a4be5-55b5-506d-9c92-88e202e19aac	chr2	59107969	59216206	3	2	1
fb1a4be5-55b5-506d-9c92-88e202e19aac	chr2	59221488	60877311	4	2	2
fb1a4be5-55b5-506d-9c92-88e202e19aac	chr2	60877850	65706641	2	2	0
fb1a4be5-55b5-506d-9c92-88e202e19aac	chr2	65707181	66266810	3	2	1
fb1a4be5-55b5-506d-9c92-88e202e19aac	chr2	66270013	66502690	4	2	2
fb1a4be5-55b5-506d-9c92-88e202e19aac	chr2	66507328	66974030	3	2	1
fb1a4be5-55b5-506d-9c92-88e202e19aac	chr2	66977942	73718244	2	2	0
fb1a4be5-55b5-506d-9c92-88e202e19aac	chr2	73728252	75918465	3	2	1
fb1a4be5-55b5-506d-9c92-88e202e19aac	chr2	75919629	76747046	2	1	1
fb1a4be5-55b5-506d-9c92-88e202e19aac	chr2	76747129	77008397	17	14	3
fb1a4be5-55b5-506d-9c92-88e202e19aac	chr2	77013188	77838278	8	7	1
fb1a4be5-55b5-506d-9c92-88e202e19aac	chr2	77838332	78270140	8	6	2
fb1a4be5-55b5-506d-9c92-88e202e19aac	chr2	78272141	79222206	5	3	2
fb1a4be5-55b5-506d-9c92-88e202e19aac	chr2	79224445	79266165	8	6	2
fb1a4be5-55b5-506d-9c92-88e202e19aac	chr2	79266850	79294124	5	3	2
fb1a4be5-55b5-506d-9c92-88e202e19aac	chr2	79294287	79496327	9	7	2
fb1a4be5-55b5-506d-9c92-88e202e19aac	chr2	79498287	81221139	7	5	2
fb1a4be5-55b5-506d-9c92-88e202e19aac	chr2	81221223	81495725	5	3	2
fb1a4be5-55b5-506d-9c92-88e202e19aac	chr2	81497508	81891753	7	5	2
fb1a4be5-55b5-506d-9c92-88e202e19aac	chr2	81892137	83191822	8	6	2
fb1a4be5-55b5-506d-9c92-88e202e19aac	chr2	83192084	85105296	10	8	2
fb1a4be5-55b5-506d-9c92-88e202e19aac	chr2	85105322	85697866	7	5	2
fb1a4be5-55b5-506d-9c92-88e202e19aac	chr2	85699095	85942956	5	3	2
fb1a4be5-55b5-506d-9c92-88e202e19aac	chr2	85945151	88460590	6	4	2
fb1a4be5-55b5-506d-9c92-88e202e19aac	chr2	88470725	90048273	10	7	3
fb1a4be5-55b5-506d-9c92-88e202e19aac	chr2	90048532	95266865	4	2	2
fb1a4be5-55b5-506d-9c92-88e202e19aac	chr2	95285628	100302162	3	2	1
fb1a4be5-55b5-506d-9c92-88e202e19aac	chr2	100302489	100894075	2	1	1
fb1a4be5-55b5-506d-9c92-88e202e19aac	chr2	100895497	101148798	3	2	1
fb1a4be5-55b5-506d-9c92-88e202e19aac	chr2	101157831	103912073	2	1	1
fb1a4be5-55b5-506d-9c92-88e202e19aac	chr2	103920627	104784996	3	2	1
fb1a4be5-55b5-506d-9c92-88e202e19aac	chr2	104785189	104990225	4	3	1
fb1a4be5-55b5-506d-9c92-88e202e19aac	chr2	104992467	105430250	3	2	1
fb1a4be5-55b5-506d-9c92-88e202e19aac	chr2	105431199	105541669	2	1	1
fb1a4be5-55b5-506d-9c92-88e202e19aac	chr2	105541932	106920000	4	3	1
fb1a4be5-55b5-506d-9c92-88e202e19aac	chr2	106921935	107241105	3	2	1
fb1a4be5-55b5-506d-9c92-88e202e19aac	chr2	107245241	107560597	4	3	1
fb1a4be5-55b5-506d-9c92-88e202e19aac	chr2	107560637	112495898	3	2	1
fb1a4be5-55b5-506d-9c92-88e202e19aac	chr2	112498414	113298878	2	1	1
fb1a4be5-55b5-506d-9c92-88e202e19aac	chr2	113299408	113916170	3	2	1
fb1a4be5-55b5-506d-9c92-88e202e19aac	chr2	113916225	120141727	2	1	1
fb1a4be5-55b5-506d-9c92-88e202e19aac	chr2	120141924	132125099	3	2	1
fb1a4be5-55b5-506d-9c92-88e202e19aac	chr2	132125558	160899769	2	1	1
fb1a4be5-55b5-506d-9c92-88e202e19aac	chr2	160900509	160985058	3	2	1
fb1a4be5-55b5-506d-9c92-88e202e19aac	chr2	160985194	194562798	2	1	1
fb1a4be5-55b5-506d-9c92-88e202e19aac	chr2	194565014	194607209	6	4	2
fb1a4be5-55b5-506d-9c92-88e202e19aac	chr2	194607750	195257864	5	4	1
fb1a4be5-55b5-506d-9c92-88e202e19aac	chr2	195259717	196499703	6	5	1
fb1a4be5-55b5-506d-9c92-88e202e19aac	chr2	196499988	197410205	5	4	1
fb1a4be5-55b5-506d-9c92-88e202e19aac	chr2	197410857	197656272	4	4	0
fb1a4be5-55b5-506d-9c92-88e202e19aac	chr2	197658021	197975937	5	4	1
fb1a4be5-55b5-506d-9c92-88e202e19aac	chr2	197976891	199593796	7	6	1
fb1a4be5-55b5-506d-9c92-88e202e19aac	chr2	199595070	200235004	8	7	1
fb1a4be5-55b5-506d-9c92-88e202e19aac	chr2	200236026	200536708	6	5	1
fb1a4be5-55b5-506d-9c92-88e202e19aac	chr2	200536813	218693015	2	1	1
fb1a4be5-55b5-506d-9c92-88e202e19aac	chr2	218694597	219919412	3	2	1
fb1a4be5-55b5-506d-9c92-88e202e19aac	chr2	219920265	221605152	2	1	1
fb1a4be5-55b5-506d-9c92-88e202e19aac	chr2	221605693	224264047	3	2	1
fb1a4be5-55b5-506d-9c92-88e202e19aac	chr2	224264955	224435788	2	1	1
fb1a4be5-55b5-506d-9c92-88e202e19aac	chr2	224436962	232926123	3	2	1
fb1a4be5-55b5-506d-9c92-88e202e19aac	chr2	232926201	240483553	2	1	1
fb1a4be5-55b5-506d-9c92-88e202e19aac	chr2	240486465	241973315	3	2	1
fb1a4be5-55b5-506d-9c92-88e202e19aac	chr2	241973401	242147305	2	1	1
fb1a4be5-55b5-506d-9c92-88e202e19aac	chr3	20930	21949340	2	1	1
fb1a4be5-55b5-506d-9c92-88e202e19aac	chr3	21958000	21981858	1	1	0
fb1a4be5-55b5-506d-9c92-88e202e19aac	chr3	21989661	28992912	2	1	1
fb1a4be5-55b5-506d-9c92-88e202e19aac	chr3	28994041	29019667	1	1	0
fb1a4be5-55b5-506d-9c92-88e202e19aac	chr3	29020077	107945935	2	1	1
fb1a4be5-55b5-506d-9c92-88e202e19aac	chr3	107947503	113156078	3	2	1
fb1a4be5-55b5-506d-9c92-88e202e19aac	chr3	113161467	113372680	1	1	0
fb1a4be5-55b5-506d-9c92-88e202e19aac	chr3	113376316	133368468	3	2	1
fb1a4be5-55b5-506d-9c92-88e202e19aac	chr3	133368524	133691133	4	3	1
fb1a4be5-55b5-506d-9c92-88e202e19aac	chr3	133691298	134876023	3	2	1
fb1a4be5-55b5-506d-9c92-88e202e19aac	chr3	134876044	134910650	4	2	2
fb1a4be5-55b5-506d-9c92-88e202e19aac	chr3	134911007	145950071	3	2	1
fb1a4be5-55b5-506d-9c92-88e202e19aac	chr3	145950759	146145951	4	3	1
fb1a4be5-55b5-506d-9c92-88e202e19aac	chr3	146148583	148029318	3	2	1
fb1a4be5-55b5-506d-9c92-88e202e19aac	chr3	148035678	159942761	4	3	1
fb1a4be5-55b5-506d-9c92-88e202e19aac	chr3	159943417	159961118	3	2	1
fb1a4be5-55b5-506d-9c92-88e202e19aac	chr3	159971430	175745085	4	3	1
fb1a4be5-55b5-506d-9c92-88e202e19aac	chr3	175747294	176359718	7	6	1
fb1a4be5-55b5-506d-9c92-88e202e19aac	chr3	176360183	176441736	1	1	0
fb1a4be5-55b5-506d-9c92-88e202e19aac	chr3	176442725	178276944	6	5	1
fb1a4be5-55b5-506d-9c92-88e202e19aac	chr3	178278652	198169247	2	1	1
fb1a4be5-55b5-506d-9c92-88e202e19aac	chr4	68929	49063964	3	2	1
fb1a4be5-55b5-506d-9c92-88e202e19aac	chr4	49078996	49656595	4	4	0
fb1a4be5-55b5-506d-9c92-88e202e19aac	chr4	51819533	65737224	5	3	2
fb1a4be5-55b5-506d-9c92-88e202e19aac	chr4	65740824	190106768	3	2	1
fb1a4be5-55b5-506d-9c92-88e202e19aac	chr5	15532	20918720	3	3	0
fb1a4be5-55b5-506d-9c92-88e202e19aac	chr5	20924330	21548260	4	4	0
fb1a4be5-55b5-506d-9c92-88e202e19aac	chr5	21550402	21553335	10	10	0
fb1a4be5-55b5-506d-9c92-88e202e19aac	chr5	21564827	21566927	6	6	0
fb1a4be5-55b5-506d-9c92-88e202e19aac	chr5	21573329	21665672	16	16	0
fb1a4be5-55b5-506d-9c92-88e202e19aac	chr5	21668757	21676129	3	3	0
fb1a4be5-55b5-506d-9c92-88e202e19aac	chr5	21676272	21676560	7	7	0
fb1a4be5-55b5-506d-9c92-88e202e19aac	chr5	21680369	22685984	6	6	0
fb1a4be5-55b5-506d-9c92-88e202e19aac	chr5	22686428	36894515	4	4	0
fb1a4be5-55b5-506d-9c92-88e202e19aac	chr5	36899622	38360136	10	6	4
fb1a4be5-55b5-506d-9c92-88e202e19aac	chr5	38361210	39227801	11	7	4
fb1a4be5-55b5-506d-9c92-88e202e19aac	chr5	39228918	41595002	10	5	5
fb1a4be5-55b5-506d-9c92-88e202e19aac	chr5	41599347	45298183	5	4	1
fb1a4be5-55b5-506d-9c92-88e202e19aac	chr5	45298509	45457987	4	2	2
fb1a4be5-55b5-506d-9c92-88e202e19aac	chr5	45471519	120796579	3	2	1
fb1a4be5-55b5-506d-9c92-88e202e19aac	chr5	120797080	120820831	4	3	1
fb1a4be5-55b5-506d-9c92-88e202e19aac	chr5	120820927	176324406	3	2	1
fb1a4be5-55b5-506d-9c92-88e202e19aac	chr5	176330713	181363319	2	2	0
fb1a4be5-55b5-506d-9c92-88e202e19aac	chr6	149661	43070325	3	2	1
fb1a4be5-55b5-506d-9c92-88e202e19aac	chr6	43070353	49899313	4	3	1
fb1a4be5-55b5-506d-9c92-88e202e19aac	chr6	49901735	61115204	3	2	1
fb1a4be5-55b5-506d-9c92-88e202e19aac	chr6	61496363	62648666	9	7	2
fb1a4be5-55b5-506d-9c92-88e202e19aac	chr6	62648720	63949509	7	5	2
fb1a4be5-55b5-506d-9c92-88e202e19aac	chr6	63954851	74754411	3	2	1
fb1a4be5-55b5-506d-9c92-88e202e19aac	chr6	74755868	74852360	4	3	1
fb1a4be5-55b5-506d-9c92-88e202e19aac	chr6	74854190	82121618	3	2	1
fb1a4be5-55b5-506d-9c92-88e202e19aac	chr6	82130749	104449598	2	2	0
fb1a4be5-55b5-506d-9c92-88e202e19aac	chr6	104461140	104497739	1	1	0
fb1a4be5-55b5-506d-9c92-88e202e19aac	chr6	104497797	127743231	2	2	0
fb1a4be5-55b5-506d-9c92-88e202e19aac	chr6	127744070	151736875	3	2	1
fb1a4be5-55b5-506d-9c92-88e202e19aac	chr6	151737080	152115023	2	1	1
fb1a4be5-55b5-506d-9c92-88e202e19aac	chr6	152115997	170741917	3	2	1
fb1a4be5-55b5-506d-9c92-88e202e19aac	chr7	43259	62616927	3	2	1
fb1a4be5-55b5-506d-9c92-88e202e19aac	chr7	62617259	70787659	2	1	1
fb1a4be5-55b5-506d-9c92-88e202e19aac	chr7	70788089	71091053	3	2	1
fb1a4be5-55b5-506d-9c92-88e202e19aac	chr7	71092517	76799532	2	1	1
fb1a4be5-55b5-506d-9c92-88e202e19aac	chr7	76801171	77106361	3	2	1
fb1a4be5-55b5-506d-9c92-88e202e19aac	chr7	77109303	134645943	2	1	1
fb1a4be5-55b5-506d-9c92-88e202e19aac	chr7	134646376	146828420	3	2	1
fb1a4be5-55b5-506d-9c92-88e202e19aac	chr7	146828770	147060418	2	2	0
fb1a4be5-55b5-506d-9c92-88e202e19aac	chr7	147062739	147371622	0	0	0
fb1a4be5-55b5-506d-9c92-88e202e19aac	chr7	147376271	147691622	1	1	0
fb1a4be5-55b5-506d-9c92-88e202e19aac	chr7	147692670	159334314	3	2	1
fb1a4be5-55b5-506d-9c92-88e202e19aac	chr8	81254	39840858	2	2	0
fb1a4be5-55b5-506d-9c92-88e202e19aac	chr8	39840889	56607427	3	2	1
fb1a4be5-55b5-506d-9c92-88e202e19aac	chr8	56610009	61044159	4	2	2
fb1a4be5-55b5-506d-9c92-88e202e19aac	chr8	61045612	61092257	3	2	1
fb1a4be5-55b5-506d-9c92-88e202e19aac	chr8	61093261	61152787	4	2	2
fb1a4be5-55b5-506d-9c92-88e202e19aac	chr8	61153745	144924001	3	2	1
fb1a4be5-55b5-506d-9c92-88e202e19aac	chr8	144924090	145072769	2	1	1
fb1a4be5-55b5-506d-9c92-88e202e19aac	chr9	46587	4102675	3	2	1
fb1a4be5-55b5-506d-9c92-88e202e19aac	chr9	4103459	4334606	4	2	2
fb1a4be5-55b5-506d-9c92-88e202e19aac	chr9	4334720	16225126	3	2	1
fb1a4be5-55b5-506d-9c92-88e202e19aac	chr9	16226020	32286016	2	2	0
fb1a4be5-55b5-506d-9c92-88e202e19aac	chr9	32290483	32449246	3	2	1
fb1a4be5-55b5-506d-9c92-88e202e19aac	chr9	32453789	41741113	2	2	0
fb1a4be5-55b5-506d-9c92-88e202e19aac	chr9	60863881	113540950	3	2	1
fb1a4be5-55b5-506d-9c92-88e202e19aac	chr9	113548284	113671221	5	4	1
fb1a4be5-55b5-506d-9c92-88e202e19aac	chr9	113674597	133581932	3	2	1
fb1a4be5-55b5-506d-9c92-88e202e19aac	chr9	133581988	136228789	4	2	2
fb1a4be5-55b5-506d-9c92-88e202e19aac	chr9	136228982	138200944	3	2	1
fb1a4be5-55b5-506d-9c92-88e202e19aac	chr10	45792	1705555	2	1	1
fb1a4be5-55b5-506d-9c92-88e202e19aac	chr10	1705729	2300068	3	2	1
fb1a4be5-55b5-506d-9c92-88e202e19aac	chr10	2300345	2393629	2	1	1
fb1a4be5-55b5-506d-9c92-88e202e19aac	chr10	2393849	2542298	3	2	1
fb1a4be5-55b5-506d-9c92-88e202e19aac	chr10	2543264	4690845	2	1	1
fb1a4be5-55b5-506d-9c92-88e202e19aac	chr10	4691996	4817271	3	2	1
fb1a4be5-55b5-506d-9c92-88e202e19aac	chr10	4820901	5097694	2	1	1
fb1a4be5-55b5-506d-9c92-88e202e19aac	chr10	5104061	5219475	3	2	1
fb1a4be5-55b5-506d-9c92-88e202e19aac	chr10	5231804	6973852	2	1	1
fb1a4be5-55b5-506d-9c92-88e202e19aac	chr10	6973974	7086444	3	2	1
fb1a4be5-55b5-506d-9c92-88e202e19aac	chr10	7086517	7342169	2	1	1
fb1a4be5-55b5-506d-9c92-88e202e19aac	chr10	7343579	7489785	3	2	1
fb1a4be5-55b5-506d-9c92-88e202e19aac	chr10	7490140	7611952	2	1	1
fb1a4be5-55b5-506d-9c92-88e202e19aac	chr10	7613603	7909123	3	2	1
fb1a4be5-55b5-506d-9c92-88e202e19aac	chr10	7909217	8150357	2	1	1
fb1a4be5-55b5-506d-9c92-88e202e19aac	chr10	8151716	8896650	3	2	1
fb1a4be5-55b5-506d-9c92-88e202e19aac	chr10	8900202	9322242	2	1	1
fb1a4be5-55b5-506d-9c92-88e202e19aac	chr10	9324262	10132296	3	2	1
fb1a4be5-55b5-506d-9c92-88e202e19aac	chr10	10133161	13188950	2	1	1
fb1a4be5-55b5-506d-9c92-88e202e19aac	chr10	13189194	13277030	3	2	1
fb1a4be5-55b5-506d-9c92-88e202e19aac	chr10	13277184	13566822	2	1	1
fb1a4be5-55b5-506d-9c92-88e202e19aac	chr10	13567042	13724489	3	2	1
fb1a4be5-55b5-506d-9c92-88e202e19aac	chr10	13724692	13735517	2	1	1
fb1a4be5-55b5-506d-9c92-88e202e19aac	chr10	13741685	13892839	3	2	1
fb1a4be5-55b5-506d-9c92-88e202e19aac	chr10	13892962	16525777	2	1	1
fb1a4be5-55b5-506d-9c92-88e202e19aac	chr10	16527473	17345945	3	2	1
fb1a4be5-55b5-506d-9c92-88e202e19aac	chr10	17346054	23607430	2	1	1
fb1a4be5-55b5-506d-9c92-88e202e19aac	chr10	23608569	23952340	3	2	1
fb1a4be5-55b5-506d-9c92-88e202e19aac	chr10	23953211	24829075	2	1	1
fb1a4be5-55b5-506d-9c92-88e202e19aac	chr10	24832008	24991901	3	2	1
fb1a4be5-55b5-506d-9c92-88e202e19aac	chr10	24999031	42140823	2	1	1
fb1a4be5-55b5-506d-9c92-88e202e19aac	chr10	42141019	57466332	1	1	0
fb1a4be5-55b5-506d-9c92-88e202e19aac	chr10	57474486	82622843	2	2	0
fb1a4be5-55b5-506d-9c92-88e202e19aac	chr10	82629425	83248526	3	3	0
fb1a4be5-55b5-506d-9c92-88e202e19aac	chr10	83255520	84842761	2	2	0
fb1a4be5-55b5-506d-9c92-88e202e19aac	chr10	84846525	85134393	3	3	0
fb1a4be5-55b5-506d-9c92-88e202e19aac	chr10	85134519	93662125	4	4	0
fb1a4be5-55b5-506d-9c92-88e202e19aac	chr10	93663323	105342384	3	3	0
fb1a4be5-55b5-506d-9c92-88e202e19aac	chr10	105345043	126573014	2	2	0
fb1a4be5-55b5-506d-9c92-88e202e19aac	chr10	126578820	126674930	4	3	1
fb1a4be5-55b5-506d-9c92-88e202e19aac	chr10	126682920	128445820	2	2	0
fb1a4be5-55b5-506d-9c92-88e202e19aac	chr10	128449406	128525920	3	3	0
fb1a4be5-55b5-506d-9c92-88e202e19aac	chr10	128527315	129268995	2	2	0
fb1a4be5-55b5-506d-9c92-88e202e19aac	chr10	129270994	130530302	3	3	0
fb1a4be5-55b5-506d-9c92-88e202e19aac	chr10	130530534	130949136	2	2	0
fb1a4be5-55b5-506d-9c92-88e202e19aac	chr10	130949480	131170111	3	3	0
fb1a4be5-55b5-506d-9c92-88e202e19aac	chr10	131170215	131765572	2	2	0
fb1a4be5-55b5-506d-9c92-88e202e19aac	chr10	131765776	133654968	3	3	0
fb1a4be5-55b5-506d-9c92-88e202e19aac	chr11	198510	1524345	2	2	0
fb1a4be5-55b5-506d-9c92-88e202e19aac	chr11	1531544	4927330	6	4	2
fb1a4be5-55b5-506d-9c92-88e202e19aac	chr11	4928284	5344198	7	5	2
fb1a4be5-55b5-506d-9c92-88e202e19aac	chr11	5344474	5509354	6	4	2
fb1a4be5-55b5-506d-9c92-88e202e19aac	chr11	5512609	35970201	2	2	0
fb1a4be5-55b5-506d-9c92-88e202e19aac	chr11	35978438	36357165	3	2	1
fb1a4be5-55b5-506d-9c92-88e202e19aac	chr11	36372964	45043414	2	2	0
fb1a4be5-55b5-506d-9c92-88e202e19aac	chr11	45044255	45793292	3	2	1
fb1a4be5-55b5-506d-9c92-88e202e19aac	chr11	45800069	46031024	4	2	2
fb1a4be5-55b5-506d-9c92-88e202e19aac	chr11	46034630	46336667	3	2	1
fb1a4be5-55b5-506d-9c92-88e202e19aac	chr11	46338687	46459936	7	5	2
fb1a4be5-55b5-506d-9c92-88e202e19aac	chr11	46461635	56284171	2	2	0
fb1a4be5-55b5-506d-9c92-88e202e19aac	chr11	56288640	56347137	3	3	0
fb1a4be5-55b5-506d-9c92-88e202e19aac	chr11	56350479	69188379	2	2	0
fb1a4be5-55b5-506d-9c92-88e202e19aac	chr11	69189552	69274380	4	3	1
fb1a4be5-55b5-506d-9c92-88e202e19aac	chr11	69278747	77405263	2	2	0
fb1a4be5-55b5-506d-9c92-88e202e19aac	chr11	77405358	77507423	3	3	0
fb1a4be5-55b5-506d-9c92-88e202e19aac	chr11	77508174	86359054	2	2	0
fb1a4be5-55b5-506d-9c92-88e202e19aac	chr11	86365163	86720375	1	1	0
fb1a4be5-55b5-506d-9c92-88e202e19aac	chr11	86722028	88356134	2	2	0
fb1a4be5-55b5-506d-9c92-88e202e19aac	chr11	88356584	88948611	3	2	1
fb1a4be5-55b5-506d-9c92-88e202e19aac	chr11	88950586	91995828	2	2	0
fb1a4be5-55b5-506d-9c92-88e202e19aac	chr11	91996060	92041148	4	3	1
fb1a4be5-55b5-506d-9c92-88e202e19aac	chr11	92041767	99641525	2	2	0
fb1a4be5-55b5-506d-9c92-88e202e19aac	chr11	99641580	99650100	1	1	0
fb1a4be5-55b5-506d-9c92-88e202e19aac	chr11	99650324	135074876	2	2	0
fb1a4be5-55b5-506d-9c92-88e202e19aac	chr12	51460	3243079	3	2	1
fb1a4be5-55b5-506d-9c92-88e202e19aac	chr12	3247068	3265068	4	3	1
fb1a4be5-55b5-506d-9c92-88e202e19aac	chr12	3267287	10646016	3	2	1
fb1a4be5-55b5-506d-9c92-88e202e19aac	chr12	10652313	11747039	7	5	2
fb1a4be5-55b5-506d-9c92-88e202e19aac	chr12	11751365	22703127	3	2	1
fb1a4be5-55b5-506d-9c92-88e202e19aac	chr12	22703301	22719707	4	3	1
fb1a4be5-55b5-506d-9c92-88e202e19aac	chr12	22719914	27351429	3	2	1
fb1a4be5-55b5-506d-9c92-88e202e19aac	chr12	27351828	27565903	4	2	2
fb1a4be5-55b5-506d-9c92-88e202e19aac	chr12	27570269	29467754	3	2	1
fb1a4be5-55b5-506d-9c92-88e202e19aac	chr12	29467941	29546155	2	2	0
fb1a4be5-55b5-506d-9c92-88e202e19aac	chr12	29548232	56046285	3	2	1
fb1a4be5-55b5-506d-9c92-88e202e19aac	chr12	56048944	56431723	4	2	2
fb1a4be5-55b5-506d-9c92-88e202e19aac	chr12	56432197	57868910	3	2	1
fb1a4be5-55b5-506d-9c92-88e202e19aac	chr12	57872444	60901538	4	2	2
fb1a4be5-55b5-506d-9c92-88e202e19aac	chr12	60902133	68704177	3	2	1
fb1a4be5-55b5-506d-9c92-88e202e19aac	chr12	68704755	68885956	4	2	2
fb1a4be5-55b5-506d-9c92-88e202e19aac	chr12	68887591	90989583	3	2	1
fb1a4be5-55b5-506d-9c92-88e202e19aac	chr12	90990596	91311996	4	2	2
fb1a4be5-55b5-506d-9c92-88e202e19aac	chr12	91312493	96714462	3	2	1
fb1a4be5-55b5-506d-9c92-88e202e19aac	chr12	96715524	97967086	4	2	2
fb1a4be5-55b5-506d-9c92-88e202e19aac	chr12	97967827	98644246	3	2	1
fb1a4be5-55b5-506d-9c92-88e202e19aac	chr12	98649661	124586102	2	1	1
fb1a4be5-55b5-506d-9c92-88e202e19aac	chr12	124587003	124762258	3	2	1
fb1a4be5-55b5-506d-9c92-88e202e19aac	chr12	124762447	133201603	2	1	1
fb1a4be5-55b5-506d-9c92-88e202e19aac	chr13	18452809	43229401	2	1	1
fb1a4be5-55b5-506d-9c92-88e202e19aac	chr13	43230904	50787212	1	1	0
fb1a4be5-55b5-506d-9c92-88e202e19aac	chr13	50788495	75142969	2	1	1
fb1a4be5-55b5-506d-9c92-88e202e19aac	chr13	75145487	75500442	1	1	0
fb1a4be5-55b5-506d-9c92-88e202e19aac	chr13	75500729	114342922	2	1	1
fb1a4be5-55b5-506d-9c92-88e202e19aac	chr14	18239283	35301038	3	2	1
fb1a4be5-55b5-506d-9c92-88e202e19aac	chr14	35301704	40601009	4	2	2
fb1a4be5-55b5-506d-9c92-88e202e19aac	chr14	40612245	53335528	3	2	1
fb1a4be5-55b5-506d-9c92-88e202e19aac	chr14	53336064	53368126	4	2	2
fb1a4be5-55b5-506d-9c92-88e202e19aac	chr14	53370325	60479513	3	2	1
fb1a4be5-55b5-506d-9c92-88e202e19aac	chr14	60481600	60820105	4	2	2
fb1a4be5-55b5-506d-9c92-88e202e19aac	chr14	60831063	67984726	3	2	1
fb1a4be5-55b5-506d-9c92-88e202e19aac	chr14	67984739	68701021	2	1	1
fb1a4be5-55b5-506d-9c92-88e202e19aac	chr14	68702091	100958905	3	2	1
fb1a4be5-55b5-506d-9c92-88e202e19aac	chr14	100959162	106877229	4	2	2
fb1a4be5-55b5-506d-9c92-88e202e19aac	chr15	19811075	23410189	5	3	2
fb1a4be5-55b5-506d-9c92-88e202e19aac	chr15	23411377	23627059	4	2	2
fb1a4be5-55b5-506d-9c92-88e202e19aac	chr15	23632264	50280201	3	2	1
fb1a4be5-55b5-506d-9c92-88e202e19aac	chr15	50280404	50785080	4	2	2
fb1a4be5-55b5-506d-9c92-88e202e19aac	chr15	50786283	50886584	6	4	2
fb1a4be5-55b5-506d-9c92-88e202e19aac	chr15	50888637	52209474	4	2	2
fb1a4be5-55b5-506d-9c92-88e202e19aac	chr15	52211945	52281766	3	2	1
fb1a4be5-55b5-506d-9c92-88e202e19aac	chr15	52285006	55497280	4	2	2
fb1a4be5-55b5-506d-9c92-88e202e19aac	chr15	55498216	55559207	3	2	1
fb1a4be5-55b5-506d-9c92-88e202e19aac	chr15	55566079	56961409	4	2	2
fb1a4be5-55b5-506d-9c92-88e202e19aac	chr15	56961485	57272508	3	2	1
fb1a4be5-55b5-506d-9c92-88e202e19aac	chr15	57273661	57690807	4	2	2
fb1a4be5-55b5-506d-9c92-88e202e19aac	chr15	57693751	58417397	3	2	1
fb1a4be5-55b5-506d-9c92-88e202e19aac	chr15	58417564	58517494	4	2	2
fb1a4be5-55b5-506d-9c92-88e202e19aac	chr15	58519670	58543273	3	2	1
fb1a4be5-55b5-506d-9c92-88e202e19aac	chr15	58543356	58780072	4	2	2
fb1a4be5-55b5-506d-9c92-88e202e19aac	chr15	58792856	60370094	3	2	1
fb1a4be5-55b5-506d-9c92-88e202e19aac	chr15	60371960	60944048	2	1	1
fb1a4be5-55b5-506d-9c92-88e202e19aac	chr15	60944597	66955514	3	2	1
fb1a4be5-55b5-506d-9c92-88e202e19aac	chr15	66955609	67203057	4	2	2
fb1a4be5-55b5-506d-9c92-88e202e19aac	chr15	67203317	69601218	3	2	1
fb1a4be5-55b5-506d-9c92-88e202e19aac	chr15	69601400	73526549	4	2	2
fb1a4be5-55b5-506d-9c92-88e202e19aac	chr15	73527728	74314483	3	2	1
fb1a4be5-55b5-506d-9c92-88e202e19aac	chr15	74319440	74448050	4	2	2
fb1a4be5-55b5-506d-9c92-88e202e19aac	chr15	74450387	76468572	3	2	1
fb1a4be5-55b5-506d-9c92-88e202e19aac	chr15	76472784	76567869	4	2	2
fb1a4be5-55b5-506d-9c92-88e202e19aac	chr15	76575886	77417676	3	2	1
fb1a4be5-55b5-506d-9c92-88e202e19aac	chr15	77423403	77574822	4	2	2
fb1a4be5-55b5-506d-9c92-88e202e19aac	chr15	77576979	77836865	3	2	1
fb1a4be5-55b5-506d-9c92-88e202e19aac	chr15	77837819	78294680	4	2	2
fb1a4be5-55b5-506d-9c92-88e202e19aac	chr15	78297140	79720393	3	2	1
fb1a4be5-55b5-506d-9c92-88e202e19aac	chr15	79721080	79856947	4	2	2
fb1a4be5-55b5-506d-9c92-88e202e19aac	chr15	79857493	80179643	3	2	1
fb1a4be5-55b5-506d-9c92-88e202e19aac	chr15	80179901	80469088	4	2	2
fb1a4be5-55b5-506d-9c92-88e202e19aac	chr15	80470097	80609906	3	2	1
fb1a4be5-55b5-506d-9c92-88e202e19aac	chr15	80609925	80795881	4	2	2
fb1a4be5-55b5-506d-9c92-88e202e19aac	chr15	80796434	101928837	3	2	1
fb1a4be5-55b5-506d-9c92-88e202e19aac	chr16	10777	12374862	2	2	0
fb1a4be5-55b5-506d-9c92-88e202e19aac	chr16	12375394	13136262	1	1	0
fb1a4be5-55b5-506d-9c92-88e202e19aac	chr16	13137011	34026287	2	2	0
fb1a4be5-55b5-506d-9c92-88e202e19aac	chr16	34032852	76423913	3	2	1
fb1a4be5-55b5-506d-9c92-88e202e19aac	chr16	76424341	85047566	4	2	2
fb1a4be5-55b5-506d-9c92-88e202e19aac	chr16	85049104	85059142	3	2	1
fb1a4be5-55b5-506d-9c92-88e202e19aac	chr16	85059286	85282544	4	2	2
fb1a4be5-55b5-506d-9c92-88e202e19aac	chr16	85285793	85457857	6	4	2
fb1a4be5-55b5-506d-9c92-88e202e19aac	chr16	85472260	89772426	4	2	2
fb1a4be5-55b5-506d-9c92-88e202e19aac	chr16	89772682	90096867	3	2	1
fb1a4be5-55b5-506d-9c92-88e202e19aac	chr17	150733	15489804	2	2	0
fb1a4be5-55b5-506d-9c92-88e202e19aac	chr17	15490272	26943774	3	2	1
fb1a4be5-55b5-506d-9c92-88e202e19aac	chr17	26947350	30950096	2	1	1
fb1a4be5-55b5-506d-9c92-88e202e19aac	chr17	30950471	31342476	1	1	0
fb1a4be5-55b5-506d-9c92-88e202e19aac	chr17	31343172	31703847	3	2	1
fb1a4be5-55b5-506d-9c92-88e202e19aac	chr17	31706803	32257089	4	2	2
fb1a4be5-55b5-506d-9c92-88e202e19aac	chr17	32257755	32779827	3	2	1
fb1a4be5-55b5-506d-9c92-88e202e19aac	chr17	32781779	32962790	4	2	2
fb1a4be5-55b5-506d-9c92-88e202e19aac	chr17	32963069	38519726	3	2	1
fb1a4be5-55b5-506d-9c92-88e202e19aac	chr17	38523950	40020606	4	2	2
fb1a4be5-55b5-506d-9c92-88e202e19aac	chr17	40021179	49268485	3	2	1
fb1a4be5-55b5-506d-9c92-88e202e19aac	chr17	49269062	49416021	4	2	2
fb1a4be5-55b5-506d-9c92-88e202e19aac	chr17	49416841	83091923	3	2	1
fb1a4be5-55b5-506d-9c92-88e202e19aac	chr18	48133	1770454	6	3	3
fb1a4be5-55b5-506d-9c92-88e202e19aac	chr18	1772072	2276913	7	4	3
fb1a4be5-55b5-506d-9c92-88e202e19aac	chr18	2278776	4971660	5	3	2
fb1a4be5-55b5-506d-9c92-88e202e19aac	chr18	4973590	4985483	2	1	1
fb1a4be5-55b5-506d-9c92-88e202e19aac	chr18	4987699	13097534	4	2	2
fb1a4be5-55b5-506d-9c92-88e202e19aac	chr18	13109258	15402409	3	2	1
fb1a4be5-55b5-506d-9c92-88e202e19aac	chr18	20949392	23750819	2	1	1
fb1a4be5-55b5-506d-9c92-88e202e19aac	chr18	23754016	23895189	3	2	1
fb1a4be5-55b5-506d-9c92-88e202e19aac	chr18	23897618	24261165	2	2	0
fb1a4be5-55b5-506d-9c92-88e202e19aac	chr18	24261229	25026711	3	3	0
fb1a4be5-55b5-506d-9c92-88e202e19aac	chr18	25027759	26116055	1	1	0
fb1a4be5-55b5-506d-9c92-88e202e19aac	chr18	26117057	74390815	2	1	1
fb1a4be5-55b5-506d-9c92-88e202e19aac	chr18	74390982	74397155	1	1	0
fb1a4be5-55b5-506d-9c92-88e202e19aac	chr18	74397849	80257174	2	1	1
fb1a4be5-55b5-506d-9c92-88e202e19aac	chr19	90910	6942291	2	1	1
fb1a4be5-55b5-506d-9c92-88e202e19aac	chr19	6942483	7112683	1	1	0
fb1a4be5-55b5-506d-9c92-88e202e19aac	chr19	7114202	13493725	2	1	1
fb1a4be5-55b5-506d-9c92-88e202e19aac	chr19	13494001	13512682	1	1	0
fb1a4be5-55b5-506d-9c92-88e202e19aac	chr19	13512893	22841996	2	1	1
fb1a4be5-55b5-506d-9c92-88e202e19aac	chr19	22846632	24413948	3	2	1
fb1a4be5-55b5-506d-9c92-88e202e19aac	chr19	27257085	27690019	48	43	5
fb1a4be5-55b5-506d-9c92-88e202e19aac	chr19	27703853	27813792	54	51	3
fb1a4be5-55b5-506d-9c92-88e202e19aac	chr19	27813821	27814168	22	20	2
fb1a4be5-55b5-506d-9c92-88e202e19aac	chr19	27815155	30132207	39	38	1
fb1a4be5-55b5-506d-9c92-88e202e19aac	chr19	30132555	31734227	26	25	1
fb1a4be5-55b5-506d-9c92-88e202e19aac	chr19	31734420	32014347	32	31	1
fb1a4be5-55b5-506d-9c92-88e202e19aac	chr19	32015104	33545742	2	1	1
fb1a4be5-55b5-506d-9c92-88e202e19aac	chr19	33550043	33651187	6	4	2
fb1a4be5-55b5-506d-9c92-88e202e19aac	chr19	33653825	55298804	2	1	1
fb1a4be5-55b5-506d-9c92-88e202e19aac	chr19	55307406	55392048	3	2	1
fb1a4be5-55b5-506d-9c92-88e202e19aac	chr19	55392977	58586487	2	1	1
fb1a4be5-55b5-506d-9c92-88e202e19aac	chr20	80664	893857	1	1	0
fb1a4be5-55b5-506d-9c92-88e202e19aac	chr20	895270	22396943	2	1	1
fb1a4be5-55b5-506d-9c92-88e202e19aac	chr20	22397028	25221872	3	2	1
fb1a4be5-55b5-506d-9c92-88e202e19aac	chr20	25226018	26248044	2	1	1
fb1a4be5-55b5-506d-9c92-88e202e19aac	chr20	26248161	31259789	3	2	1
fb1a4be5-55b5-506d-9c92-88e202e19aac	chr20	31259815	33710868	2	2	0
fb1a4be5-55b5-506d-9c92-88e202e19aac	chr20	33710994	33943936	4	3	1
fb1a4be5-55b5-506d-9c92-88e202e19aac	chr20	33947499	38509465	2	2	0
fb1a4be5-55b5-506d-9c92-88e202e19aac	chr20	38512353	47131471	3	2	1
fb1a4be5-55b5-506d-9c92-88e202e19aac	chr20	47131890	47884704	4	2	2
fb1a4be5-55b5-506d-9c92-88e202e19aac	chr20	47884769	48347147	3	2	1
fb1a4be5-55b5-506d-9c92-88e202e19aac	chr20	48347163	49054581	4	2	2
fb1a4be5-55b5-506d-9c92-88e202e19aac	chr20	49054893	54810668	3	2	1
fb1a4be5-55b5-506d-9c92-88e202e19aac	chr20	54816560	55166796	2	2	0
fb1a4be5-55b5-506d-9c92-88e202e19aac	chr20	55167779	55209779	3	2	1
fb1a4be5-55b5-506d-9c92-88e202e19aac	chr20	55211144	55298695	2	2	0
fb1a4be5-55b5-506d-9c92-88e202e19aac	chr20	55301790	55504771	3	2	1
fb1a4be5-55b5-506d-9c92-88e202e19aac	chr20	55506267	55655434	2	2	0
fb1a4be5-55b5-506d-9c92-88e202e19aac	chr20	55655704	55806510	3	2	1
fb1a4be5-55b5-506d-9c92-88e202e19aac	chr20	55810593	55856529	2	2	0
fb1a4be5-55b5-506d-9c92-88e202e19aac	chr20	55859068	55882376	3	2	1
fb1a4be5-55b5-506d-9c92-88e202e19aac	chr20	55888768	59862601	2	2	0
fb1a4be5-55b5-506d-9c92-88e202e19aac	chr20	59878803	60205669	4	2	2
fb1a4be5-55b5-506d-9c92-88e202e19aac	chr20	60205814	62348076	2	2	0
fb1a4be5-55b5-506d-9c92-88e202e19aac	chr20	62350803	63567905	3	2	1
fb1a4be5-55b5-506d-9c92-88e202e19aac	chr20	63578528	64324800	2	2	0
fb1a4be5-55b5-506d-9c92-88e202e19aac	chr21	12973348	46447405	2	1	1
fb1a4be5-55b5-506d-9c92-88e202e19aac	chr21	46448408	46522850	3	2	1
fb1a4be5-55b5-506d-9c92-88e202e19aac	chr21	46523711	46677045	2	1	1
fb1a4be5-55b5-506d-9c92-88e202e19aac	chr22	16392123	33129144	2	2	0
fb1a4be5-55b5-506d-9c92-88e202e19aac	chr22	33129255	33135420	3	3	0
fb1a4be5-55b5-506d-9c92-88e202e19aac	chr22	33136267	35523790	2	2	0
fb1a4be5-55b5-506d-9c92-88e202e19aac	chr22	35524008	35530784	1	1	0
fb1a4be5-55b5-506d-9c92-88e202e19aac	chr22	35530921	50796027	2	2	0
fb1a4be5-55b5-506d-9c92-88e202e19aac	chrX	251810	32369681	1	1	0
fb1a4be5-55b5-506d-9c92-88e202e19aac	chrX	32370033	33745396	0	0	0
fb1a4be5-55b5-506d-9c92-88e202e19aac	chrX	33749268	44711128	1	1	0
fb1a4be5-55b5-506d-9c92-88e202e19aac	chrX	44711528	45129575	0	0	0
fb1a4be5-55b5-506d-9c92-88e202e19aac	chrX	45133805	49672824	1	1	0
fb1a4be5-55b5-506d-9c92-88e202e19aac	chrX	49674312	55664298	2	2	0
fb1a4be5-55b5-506d-9c92-88e202e19aac	chrX	55674500	71920436	3	3	0
fb1a4be5-55b5-506d-9c92-88e202e19aac	chrX	71925179	76720345	2	2	0
fb1a4be5-55b5-506d-9c92-88e202e19aac	chrX	76725760	76803898	0	0	0
fb1a4be5-55b5-506d-9c92-88e202e19aac	chrX	76804621	76817432	2	2	0
fb1a4be5-55b5-506d-9c92-88e202e19aac	chrX	76820138	77070132	0	0	0
fb1a4be5-55b5-506d-9c92-88e202e19aac	chrX	77082849	77099734	3	2	1
fb1a4be5-55b5-506d-9c92-88e202e19aac	chrX	77102715	77609233	1	1	0
fb1a4be5-55b5-506d-9c92-88e202e19aac	chrX	77619890	81835500	3	3	0
fb1a4be5-55b5-506d-9c92-88e202e19aac	chrX	81836446	86220317	0	0	0
fb1a4be5-55b5-506d-9c92-88e202e19aac	chrX	86222675	86268046	1	1	0
fb1a4be5-55b5-506d-9c92-88e202e19aac	chrX	86269453	86304222	3	3	0
fb1a4be5-55b5-506d-9c92-88e202e19aac	chrX	86312131	86964471	0	0	0
fb1a4be5-55b5-506d-9c92-88e202e19aac	chrX	86968272	87394979	3	3	0
fb1a4be5-55b5-506d-9c92-88e202e19aac	chrX	87401664	87454841	0	0	0
fb1a4be5-55b5-506d-9c92-88e202e19aac	chrX	87458890	87473467	3	2	1
fb1a4be5-55b5-506d-9c92-88e202e19aac	chrX	87477819	87553603	0	0	0
fb1a4be5-55b5-506d-9c92-88e202e19aac	chrX	87556734	87594479	2	2	0
fb1a4be5-55b5-506d-9c92-88e202e19aac	chrX	87599132	87990525	0	0	0
fb1a4be5-55b5-506d-9c92-88e202e19aac	chrX	87996139	88199720	3	2	1
fb1a4be5-55b5-506d-9c92-88e202e19aac	chrX	88200170	88203220	3	3	0
fb1a4be5-55b5-506d-9c92-88e202e19aac	chrX	88206911	88228616	2	2	0
fb1a4be5-55b5-506d-9c92-88e202e19aac	chrX	88233226	88276844	0	0	0
fb1a4be5-55b5-506d-9c92-88e202e19aac	chrX	88277161	88303584	2	2	0
fb1a4be5-55b5-506d-9c92-88e202e19aac	chrX	88308265	88698312	0	0	0
fb1a4be5-55b5-506d-9c92-88e202e19aac	chrX	88701677	88701677	4	4	0
fb1a4be5-55b5-506d-9c92-88e202e19aac	chrX	88705031	88762248	2	2	0
fb1a4be5-55b5-506d-9c92-88e202e19aac	chrX	88766540	88836537	0	0	0
fb1a4be5-55b5-506d-9c92-88e202e19aac	chrX	88836557	88884601	1	1	0
fb1a4be5-55b5-506d-9c92-88e202e19aac	chrX	88888913	89606426	0	0	0
fb1a4be5-55b5-506d-9c92-88e202e19aac	chrX	89613993	90674980	2	2	0
fb1a4be5-55b5-506d-9c92-88e202e19aac	chrX	90678448	91725474	0	0	0
fb1a4be5-55b5-506d-9c92-88e202e19aac	chrX	91725643	92093568	1	1	0
fb1a4be5-55b5-506d-9c92-88e202e19aac	chrX	92099624	92205424	5	4	1
fb1a4be5-55b5-506d-9c92-88e202e19aac	chrX	92209560	92348913	2	2	0
fb1a4be5-55b5-506d-9c92-88e202e19aac	chrX	92351835	92965197	1	1	0
fb1a4be5-55b5-506d-9c92-88e202e19aac	chrX	92972670	93132151	0	0	0
fb1a4be5-55b5-506d-9c92-88e202e19aac	chrX	93135976	93168204	2	2	0
fb1a4be5-55b5-506d-9c92-88e202e19aac	chrX	93169030	93184387	0	0	0
fb1a4be5-55b5-506d-9c92-88e202e19aac	chrX	93190039	93208818	2	2	0
fb1a4be5-55b5-506d-9c92-88e202e19aac	chrX	93209496	93236789	0	0	0
fb1a4be5-55b5-506d-9c92-88e202e19aac	chrX	93244056	93336113	3	3	0
fb1a4be5-55b5-506d-9c92-88e202e19aac	chrX	93337360	93413253	2	2	0
fb1a4be5-55b5-506d-9c92-88e202e19aac	chrX	93415518	93902790	0	0	0
fb1a4be5-55b5-506d-9c92-88e202e19aac	chrX	93910731	94947314	1	1	0
fb1a4be5-55b5-506d-9c92-88e202e19aac	chrX	94948467	94981729	0	0	0
fb1a4be5-55b5-506d-9c92-88e202e19aac	chrX	94983194	95003180	2	2	0
fb1a4be5-55b5-506d-9c92-88e202e19aac	chrX	95005171	95421138	0	0	0
fb1a4be5-55b5-506d-9c92-88e202e19aac	chrX	95423174	95576898	2	2	0
fb1a4be5-55b5-506d-9c92-88e202e19aac	chrX	95581639	97708215	0	0	0
fb1a4be5-55b5-506d-9c92-88e202e19aac	chrX	97712362	97716142	2	2	0
fb1a4be5-55b5-506d-9c92-88e202e19aac	chrX	97716620	98087193	0	0	0
fb1a4be5-55b5-506d-9c92-88e202e19aac	chrX	98087494	98410959	3	2	1
fb1a4be5-55b5-506d-9c92-88e202e19aac	chrX	98410973	98621625	1	1	0
fb1a4be5-55b5-506d-9c92-88e202e19aac	chrX	98623147	98679230	0	0	0
fb1a4be5-55b5-506d-9c92-88e202e19aac	chrX	98681691	98702231	4	4	0
fb1a4be5-55b5-506d-9c92-88e202e19aac	chrX	98714990	136344534	1	1	0
fb1a4be5-55b5-506d-9c92-88e202e19aac	chrX	136344809	137687086	4	4	0
fb1a4be5-55b5-506d-9c92-88e202e19aac	chrX	137690759	139214688	2	2	0
fb1a4be5-55b5-506d-9c92-88e202e19aac	chrX	139214734	140671587	4	4	0
fb1a4be5-55b5-506d-9c92-88e202e19aac	chrX	140673870	140983060	1	1	0
fb1a4be5-55b5-506d-9c92-88e202e19aac	chrX	140984209	143195104	0	0	0
fb1a4be5-55b5-506d-9c92-88e202e19aac	chrX	143196052	143225537	1	1	0
fb1a4be5-55b5-506d-9c92-88e202e19aac	chrX	143227333	143508976	0	0	0
fb1a4be5-55b5-506d-9c92-88e202e19aac	chrX	143509112	151709481	1	1	0
fb1a4be5-55b5-506d-9c92-88e202e19aac	chrX	151709740	152067231	2	2	0
fb1a4be5-55b5-506d-9c92-88e202e19aac	chrX	152069752	156004181	1	1	0
fb1a4be5-55b5-506d-9c92-88e202e19aac	chrY	2782397	26653788	0	0	0
fb1a4be5-55b5-506d-9c92-88e202e19aac	chrY	56872112	56872112	1	1	0
