GDC_Aliquot	Chromosome	Start	End	Copy_Number	Major_Copy_Number	Minor_Copy_Number
cbff4720-0723-52d3-9a6e-4fd40589b692	chr1	62920	7964424	3	2	1
cbff4720-0723-52d3-9a6e-4fd40589b692	chr1	7967337	8333158	1	1	0
cbff4720-0723-52d3-9a6e-4fd40589b692	chr1	8334176	47955955	3	2	1
cbff4720-0723-52d3-9a6e-4fd40589b692	chr1	47956022	47979819	4	3	1
cbff4720-0723-52d3-9a6e-4fd40589b692	chr1	47982234	48259424	5	4	1
cbff4720-0723-52d3-9a6e-4fd40589b692	chr1	48259624	49604020	3	2	1
cbff4720-0723-52d3-9a6e-4fd40589b692	chr1	49609962	50139665	1	1	0
cbff4720-0723-52d3-9a6e-4fd40589b692	chr1	50143168	161966893	3	2	1
cbff4720-0723-52d3-9a6e-4fd40589b692	chr1	161966998	161973412	5	3	2
cbff4720-0723-52d3-9a6e-4fd40589b692	chr1	161974963	177468821	3	2	1
cbff4720-0723-52d3-9a6e-4fd40589b692	chr1	177473261	177575550	4	2	2
cbff4720-0723-52d3-9a6e-4fd40589b692	chr1	177577172	192609633	3	2	1
cbff4720-0723-52d3-9a6e-4fd40589b692	chr1	192609862	192620048	2	1	1
cbff4720-0723-52d3-9a6e-4fd40589b692	chr1	192620068	212024502	3	2	1
cbff4720-0723-52d3-9a6e-4fd40589b692	chr1	212027223	212044660	3	3	0
cbff4720-0723-52d3-9a6e-4fd40589b692	chr1	212047318	248930189	1	1	0
cbff4720-0723-52d3-9a6e-4fd40589b692	chr2	12784	13878863	2	1	1
cbff4720-0723-52d3-9a6e-4fd40589b692	chr2	13880317	14215366	1	1	0
cbff4720-0723-52d3-9a6e-4fd40589b692	chr2	14215466	14359968	3	2	1
cbff4720-0723-52d3-9a6e-4fd40589b692	chr2	14360310	14776742	1	1	0
cbff4720-0723-52d3-9a6e-4fd40589b692	chr2	14779044	15049690	2	1	1
cbff4720-0723-52d3-9a6e-4fd40589b692	chr2	15049722	15181826	1	1	0
cbff4720-0723-52d3-9a6e-4fd40589b692	chr2	15181850	88834118	2	1	1
cbff4720-0723-52d3-9a6e-4fd40589b692	chr2	88836539	89169780	6	6	0
cbff4720-0723-52d3-9a6e-4fd40589b692	chr2	89170066	154354666	2	1	1
cbff4720-0723-52d3-9a6e-4fd40589b692	chr2	154354850	154400861	3	2	1
cbff4720-0723-52d3-9a6e-4fd40589b692	chr2	154401008	241468173	2	1	1
cbff4720-0723-52d3-9a6e-4fd40589b692	chr2	241468331	242147305	3	2	1
cbff4720-0723-52d3-9a6e-4fd40589b692	chr3	20930	8730403	2	2	0
cbff4720-0723-52d3-9a6e-4fd40589b692	chr3	8733391	11898721	1	1	0
cbff4720-0723-52d3-9a6e-4fd40589b692	chr3	11899561	23739051	2	2	0
cbff4720-0723-52d3-9a6e-4fd40589b692	chr3	23741222	83565514	1	1	0
cbff4720-0723-52d3-9a6e-4fd40589b692	chr3	83566429	115711736	2	2	0
cbff4720-0723-52d3-9a6e-4fd40589b692	chr3	115712661	117285870	1	1	0
cbff4720-0723-52d3-9a6e-4fd40589b692	chr3	117285954	117332592	0	0	0
cbff4720-0723-52d3-9a6e-4fd40589b692	chr3	117334766	117406955	2	2	0
cbff4720-0723-52d3-9a6e-4fd40589b692	chr3	117407260	135102431	3	3	0
cbff4720-0723-52d3-9a6e-4fd40589b692	chr3	135105383	142716232	4	4	0
cbff4720-0723-52d3-9a6e-4fd40589b692	chr3	142716480	142836175	2	2	0
cbff4720-0723-52d3-9a6e-4fd40589b692	chr3	142836699	175086598	4	4	0
cbff4720-0723-52d3-9a6e-4fd40589b692	chr3	175087178	175154111	1	1	0
cbff4720-0723-52d3-9a6e-4fd40589b692	chr3	175163075	175192162	0	0	0
cbff4720-0723-52d3-9a6e-4fd40589b692	chr3	175193829	175215438	1	1	0
cbff4720-0723-52d3-9a6e-4fd40589b692	chr3	175215563	182552025	4	4	0
cbff4720-0723-52d3-9a6e-4fd40589b692	chr3	182554333	196935404	3	3	0
cbff4720-0723-52d3-9a6e-4fd40589b692	chr3	196935650	196951464	6	5	1
cbff4720-0723-52d3-9a6e-4fd40589b692	chr3	196955067	198169247	4	4	0
cbff4720-0723-52d3-9a6e-4fd40589b692	chr4	68929	62632362	3	2	1
cbff4720-0723-52d3-9a6e-4fd40589b692	chr4	62632672	68931196	1	1	0
cbff4720-0723-52d3-9a6e-4fd40589b692	chr4	68935214	69103825	3	2	1
cbff4720-0723-52d3-9a6e-4fd40589b692	chr4	69105219	142217691	1	1	0
cbff4720-0723-52d3-9a6e-4fd40589b692	chr4	142217741	142634403	0	0	0
cbff4720-0723-52d3-9a6e-4fd40589b692	chr4	142635815	152413476	1	1	0
cbff4720-0723-52d3-9a6e-4fd40589b692	chr4	152421185	157513521	3	2	1
cbff4720-0723-52d3-9a6e-4fd40589b692	chr4	157518757	157531904	2	1	1
cbff4720-0723-52d3-9a6e-4fd40589b692	chr4	157532307	171154565	3	2	1
cbff4720-0723-52d3-9a6e-4fd40589b692	chr4	171154794	172606078	4	2	2
cbff4720-0723-52d3-9a6e-4fd40589b692	chr4	172607735	190106768	3	2	1
cbff4720-0723-52d3-9a6e-4fd40589b692	chr5	15532	2283071	3	2	1
cbff4720-0723-52d3-9a6e-4fd40589b692	chr5	2283557	4071362	4	2	2
cbff4720-0723-52d3-9a6e-4fd40589b692	chr5	4076489	4176720	1	1	0
cbff4720-0723-52d3-9a6e-4fd40589b692	chr5	4180489	7479263	4	2	2
cbff4720-0723-52d3-9a6e-4fd40589b692	chr5	7479265	181363319	1	1	0
cbff4720-0723-52d3-9a6e-4fd40589b692	chr6	149661	18815777	5	4	1
cbff4720-0723-52d3-9a6e-4fd40589b692	chr6	18815796	18928392	7	6	1
cbff4720-0723-52d3-9a6e-4fd40589b692	chr6	18929418	30448990	5	4	1
cbff4720-0723-52d3-9a6e-4fd40589b692	chr6	30449149	38578526	4	3	1
cbff4720-0723-52d3-9a6e-4fd40589b692	chr6	38580861	100832430	3	2	1
cbff4720-0723-52d3-9a6e-4fd40589b692	chr6	100834420	101023210	2	2	0
cbff4720-0723-52d3-9a6e-4fd40589b692	chr6	101023834	143072041	3	2	1
cbff4720-0723-52d3-9a6e-4fd40589b692	chr6	143078322	143236118	2	2	0
cbff4720-0723-52d3-9a6e-4fd40589b692	chr6	143236562	149680909	3	2	1
cbff4720-0723-52d3-9a6e-4fd40589b692	chr6	149681156	150629146	2	1	1
cbff4720-0723-52d3-9a6e-4fd40589b692	chr6	150630754	154549554	3	2	1
cbff4720-0723-52d3-9a6e-4fd40589b692	chr6	154550910	158391329	2	1	1
cbff4720-0723-52d3-9a6e-4fd40589b692	chr6	158391500	158450141	1	1	0
cbff4720-0723-52d3-9a6e-4fd40589b692	chr6	158454993	170741917	2	1	1
cbff4720-0723-52d3-9a6e-4fd40589b692	chr7	43259	46811326	1	1	0
cbff4720-0723-52d3-9a6e-4fd40589b692	chr7	46811434	46845015	2	2	0
cbff4720-0723-52d3-9a6e-4fd40589b692	chr7	46845164	55288839	1	1	0
cbff4720-0723-52d3-9a6e-4fd40589b692	chr7	55299829	74951861	4	2	2
cbff4720-0723-52d3-9a6e-4fd40589b692	chr7	74953065	78373719	3	3	0
cbff4720-0723-52d3-9a6e-4fd40589b692	chr7	78384352	78605374	0	0	0
cbff4720-0723-52d3-9a6e-4fd40589b692	chr7	78606873	82726532	3	3	0
cbff4720-0723-52d3-9a6e-4fd40589b692	chr7	82728690	83266118	6	6	0
cbff4720-0723-52d3-9a6e-4fd40589b692	chr7	83266565	91777055	3	3	0
cbff4720-0723-52d3-9a6e-4fd40589b692	chr7	91777968	108021957	2	2	0
cbff4720-0723-52d3-9a6e-4fd40589b692	chr7	108022614	108041921	4	4	0
cbff4720-0723-52d3-9a6e-4fd40589b692	chr7	108042655	124723743	2	2	0
cbff4720-0723-52d3-9a6e-4fd40589b692	chr7	124725449	124748866	1	1	0
cbff4720-0723-52d3-9a6e-4fd40589b692	chr7	124750354	159334314	2	2	0
cbff4720-0723-52d3-9a6e-4fd40589b692	chr8	81254	3930583	4	3	1
cbff4720-0723-52d3-9a6e-4fd40589b692	chr8	3930729	3932584	0	0	0
cbff4720-0723-52d3-9a6e-4fd40589b692	chr8	3933696	6944254	4	3	1
cbff4720-0723-52d3-9a6e-4fd40589b692	chr8	6944307	10458726	3	2	1
cbff4720-0723-52d3-9a6e-4fd40589b692	chr8	10458743	15001930	4	3	1
cbff4720-0723-52d3-9a6e-4fd40589b692	chr8	15001971	15008172	3	2	1
cbff4720-0723-52d3-9a6e-4fd40589b692	chr8	15010106	21852116	4	3	1
cbff4720-0723-52d3-9a6e-4fd40589b692	chr8	21852722	23554069	3	2	1
cbff4720-0723-52d3-9a6e-4fd40589b692	chr8	23554265	26253506	4	3	1
cbff4720-0723-52d3-9a6e-4fd40589b692	chr8	26253996	30492763	3	3	0
cbff4720-0723-52d3-9a6e-4fd40589b692	chr8	30493077	39322403	4	3	1
cbff4720-0723-52d3-9a6e-4fd40589b692	chr8	39334962	39531260	0	0	0
cbff4720-0723-52d3-9a6e-4fd40589b692	chr8	39531496	62956168	4	3	1
cbff4720-0723-52d3-9a6e-4fd40589b692	chr8	62957852	66471887	3	2	1
cbff4720-0723-52d3-9a6e-4fd40589b692	chr8	66472853	141616157	4	3	1
cbff4720-0723-52d3-9a6e-4fd40589b692	chr8	141616326	145072769	3	2	1
cbff4720-0723-52d3-9a6e-4fd40589b692	chr9	46587	8369122	2	2	0
cbff4720-0723-52d3-9a6e-4fd40589b692	chr9	8369521	9117932	0	0	0
cbff4720-0723-52d3-9a6e-4fd40589b692	chr9	9118305	92107845	2	2	0
cbff4720-0723-52d3-9a6e-4fd40589b692	chr9	92108998	95071240	1	1	0
cbff4720-0723-52d3-9a6e-4fd40589b692	chr9	95072291	100113235	2	2	0
cbff4720-0723-52d3-9a6e-4fd40589b692	chr9	100113899	101887755	1	1	0
cbff4720-0723-52d3-9a6e-4fd40589b692	chr9	101888014	116191200	2	2	0
cbff4720-0723-52d3-9a6e-4fd40589b692	chr9	116194285	116522966	0	0	0
cbff4720-0723-52d3-9a6e-4fd40589b692	chr9	116525276	119481483	2	2	0
cbff4720-0723-52d3-9a6e-4fd40589b692	chr9	119481768	138200944	1	1	0
cbff4720-0723-52d3-9a6e-4fd40589b692	chr10	45792	3915927	2	1	1
cbff4720-0723-52d3-9a6e-4fd40589b692	chr10	3919798	12869725	1	1	0
cbff4720-0723-52d3-9a6e-4fd40589b692	chr10	12871754	52032816	2	1	1
cbff4720-0723-52d3-9a6e-4fd40589b692	chr10	52033259	52101550	1	1	0
cbff4720-0723-52d3-9a6e-4fd40589b692	chr10	52106224	64638921	2	1	1
cbff4720-0723-52d3-9a6e-4fd40589b692	chr10	64639652	64742349	4	3	1
cbff4720-0723-52d3-9a6e-4fd40589b692	chr10	64742815	66362886	2	1	1
cbff4720-0723-52d3-9a6e-4fd40589b692	chr10	66364852	66572987	1	1	0
cbff4720-0723-52d3-9a6e-4fd40589b692	chr10	66574016	124248360	2	1	1
cbff4720-0723-52d3-9a6e-4fd40589b692	chr10	124249251	133654968	1	1	0
cbff4720-0723-52d3-9a6e-4fd40589b692	chr11	198510	4389009	1	1	0
cbff4720-0723-52d3-9a6e-4fd40589b692	chr11	4389239	61951915	2	2	0
cbff4720-0723-52d3-9a6e-4fd40589b692	chr11	61953405	74418376	1	1	0
cbff4720-0723-52d3-9a6e-4fd40589b692	chr11	74419134	85776820	2	2	0
cbff4720-0723-52d3-9a6e-4fd40589b692	chr11	85779138	86390152	0	0	0
cbff4720-0723-52d3-9a6e-4fd40589b692	chr11	86390192	116857220	2	2	0
cbff4720-0723-52d3-9a6e-4fd40589b692	chr11	116857409	117832217	1	1	0
cbff4720-0723-52d3-9a6e-4fd40589b692	chr11	117832791	123502191	3	2	1
cbff4720-0723-52d3-9a6e-4fd40589b692	chr11	123502250	126108968	4	2	2
cbff4720-0723-52d3-9a6e-4fd40589b692	chr11	126109862	126392440	4	3	1
cbff4720-0723-52d3-9a6e-4fd40589b692	chr11	126392743	129923553	4	2	2
cbff4720-0723-52d3-9a6e-4fd40589b692	chr11	129925934	130174083	3	2	1
cbff4720-0723-52d3-9a6e-4fd40589b692	chr11	130175150	134597591	4	2	2
cbff4720-0723-52d3-9a6e-4fd40589b692	chr11	134597958	135074876	3	2	1
cbff4720-0723-52d3-9a6e-4fd40589b692	chr12	51460	11437377	3	2	1
cbff4720-0723-52d3-9a6e-4fd40589b692	chr12	11437908	11759962	4	3	1
cbff4720-0723-52d3-9a6e-4fd40589b692	chr12	11760426	14313042	3	2	1
cbff4720-0723-52d3-9a6e-4fd40589b692	chr12	14313086	29521087	4	2	2
cbff4720-0723-52d3-9a6e-4fd40589b692	chr12	29521954	103828126	3	2	1
cbff4720-0723-52d3-9a6e-4fd40589b692	chr12	103828677	103855009	1	1	0
cbff4720-0723-52d3-9a6e-4fd40589b692	chr12	103857184	120876050	3	2	1
cbff4720-0723-52d3-9a6e-4fd40589b692	chr12	120879272	121091201	1	1	0
cbff4720-0723-52d3-9a6e-4fd40589b692	chr12	121091695	125662662	2	1	1
cbff4720-0723-52d3-9a6e-4fd40589b692	chr12	125665000	127586179	3	2	1
cbff4720-0723-52d3-9a6e-4fd40589b692	chr12	127586536	127766402	2	1	1
cbff4720-0723-52d3-9a6e-4fd40589b692	chr12	127766461	129975442	3	2	1
cbff4720-0723-52d3-9a6e-4fd40589b692	chr12	129975484	133201603	1	1	0
cbff4720-0723-52d3-9a6e-4fd40589b692	chr13	18452809	41540393	2	2	0
cbff4720-0723-52d3-9a6e-4fd40589b692	chr13	41540782	41720261	1	1	0
cbff4720-0723-52d3-9a6e-4fd40589b692	chr13	41721512	44350885	2	2	0
cbff4720-0723-52d3-9a6e-4fd40589b692	chr13	44352763	48324035	1	1	0
cbff4720-0723-52d3-9a6e-4fd40589b692	chr13	48324170	51901973	0	0	0
cbff4720-0723-52d3-9a6e-4fd40589b692	chr13	51902869	51981152	1	1	0
cbff4720-0723-52d3-9a6e-4fd40589b692	chr13	51982355	52167448	2	2	0
cbff4720-0723-52d3-9a6e-4fd40589b692	chr13	52171039	52171039	3	3	0
cbff4720-0723-52d3-9a6e-4fd40589b692	chr13	52172346	52657750	1	1	0
cbff4720-0723-52d3-9a6e-4fd40589b692	chr13	52661194	57015652	5	4	1
cbff4720-0723-52d3-9a6e-4fd40589b692	chr13	57019667	60020619	5	3	2
cbff4720-0723-52d3-9a6e-4fd40589b692	chr13	60020897	74820023	3	3	0
cbff4720-0723-52d3-9a6e-4fd40589b692	chr13	74826894	78614284	2	2	0
cbff4720-0723-52d3-9a6e-4fd40589b692	chr13	78614399	79865300	5	4	1
cbff4720-0723-52d3-9a6e-4fd40589b692	chr13	79869682	87549642	5	5	0
cbff4720-0723-52d3-9a6e-4fd40589b692	chr13	87550020	88028469	7	7	0
cbff4720-0723-52d3-9a6e-4fd40589b692	chr13	88037767	88338477	5	5	0
cbff4720-0723-52d3-9a6e-4fd40589b692	chr13	88338938	89780553	7	7	0
cbff4720-0723-52d3-9a6e-4fd40589b692	chr13	89781883	90742682	6	6	0
cbff4720-0723-52d3-9a6e-4fd40589b692	chr13	90749498	92171279	5	5	0
cbff4720-0723-52d3-9a6e-4fd40589b692	chr13	92171916	93301245	4	4	0
cbff4720-0723-52d3-9a6e-4fd40589b692	chr13	93301672	93469432	6	6	0
cbff4720-0723-52d3-9a6e-4fd40589b692	chr13	93471746	94694106	4	4	0
cbff4720-0723-52d3-9a6e-4fd40589b692	chr13	94694323	96934002	5	5	0
cbff4720-0723-52d3-9a6e-4fd40589b692	chr13	96934266	98322782	4	4	0
cbff4720-0723-52d3-9a6e-4fd40589b692	chr13	98323035	100920615	5	5	0
cbff4720-0723-52d3-9a6e-4fd40589b692	chr13	100920644	102173729	4	4	0
cbff4720-0723-52d3-9a6e-4fd40589b692	chr13	102174624	103372200	5	5	0
cbff4720-0723-52d3-9a6e-4fd40589b692	chr13	103373188	103395255	8	8	0
cbff4720-0723-52d3-9a6e-4fd40589b692	chr13	103395867	110796051	5	5	0
cbff4720-0723-52d3-9a6e-4fd40589b692	chr13	110796348	111273368	6	6	0
cbff4720-0723-52d3-9a6e-4fd40589b692	chr13	111274447	114342922	5	5	0
cbff4720-0723-52d3-9a6e-4fd40589b692	chr14	18239283	23495935	2	2	0
cbff4720-0723-52d3-9a6e-4fd40589b692	chr14	23496308	43593659	3	2	1
cbff4720-0723-52d3-9a6e-4fd40589b692	chr14	43603582	47286414	4	2	2
cbff4720-0723-52d3-9a6e-4fd40589b692	chr14	47288406	53027060	3	2	1
cbff4720-0723-52d3-9a6e-4fd40589b692	chr14	53027404	53082819	2	1	1
cbff4720-0723-52d3-9a6e-4fd40589b692	chr14	53091029	64561035	3	2	1
cbff4720-0723-52d3-9a6e-4fd40589b692	chr14	64561153	64574459	2	1	1
cbff4720-0723-52d3-9a6e-4fd40589b692	chr14	64574765	78827946	3	2	1
cbff4720-0723-52d3-9a6e-4fd40589b692	chr14	78831640	79002944	1	1	0
cbff4720-0723-52d3-9a6e-4fd40589b692	chr14	79004227	79115039	0	0	0
cbff4720-0723-52d3-9a6e-4fd40589b692	chr14	79116286	106877229	3	2	1
cbff4720-0723-52d3-9a6e-4fd40589b692	chr15	19811075	23672082	2	1	1
cbff4720-0723-52d3-9a6e-4fd40589b692	chr15	23673874	52705931	2	2	0
cbff4720-0723-52d3-9a6e-4fd40589b692	chr15	52706086	92494532	3	2	1
cbff4720-0723-52d3-9a6e-4fd40589b692	chr15	92494666	101928837	2	2	0
cbff4720-0723-52d3-9a6e-4fd40589b692	chr16	10777	6540118	2	1	1
cbff4720-0723-52d3-9a6e-4fd40589b692	chr16	6541470	6576498	1	1	0
cbff4720-0723-52d3-9a6e-4fd40589b692	chr16	6576534	69867203	2	1	1
cbff4720-0723-52d3-9a6e-4fd40589b692	chr16	69867981	72576180	3	2	1
cbff4720-0723-52d3-9a6e-4fd40589b692	chr16	72578353	78454205	2	1	1
cbff4720-0723-52d3-9a6e-4fd40589b692	chr16	78456684	78573452	4	3	1
cbff4720-0723-52d3-9a6e-4fd40589b692	chr16	78575675	78624007	3	2	1
cbff4720-0723-52d3-9a6e-4fd40589b692	chr16	78626948	88745842	2	1	1
cbff4720-0723-52d3-9a6e-4fd40589b692	chr16	88752178	90096867	3	2	1
cbff4720-0723-52d3-9a6e-4fd40589b692	chr17	150733	17320495	2	2	0
cbff4720-0723-52d3-9a6e-4fd40589b692	chr17	17320537	18957997	1	1	0
cbff4720-0723-52d3-9a6e-4fd40589b692	chr17	18971407	36157718	2	2	0
cbff4720-0723-52d3-9a6e-4fd40589b692	chr17	36200725	52221081	3	3	0
cbff4720-0723-52d3-9a6e-4fd40589b692	chr17	52221661	52606704	2	2	0
cbff4720-0723-52d3-9a6e-4fd40589b692	chr17	52607084	61476192	3	3	0
cbff4720-0723-52d3-9a6e-4fd40589b692	chr17	61482304	72901640	4	4	0
cbff4720-0723-52d3-9a6e-4fd40589b692	chr17	72902468	83091923	3	3	0
cbff4720-0723-52d3-9a6e-4fd40589b692	chr18	48133	50112410	3	2	1
cbff4720-0723-52d3-9a6e-4fd40589b692	chr18	50112938	50188949	2	2	0
cbff4720-0723-52d3-9a6e-4fd40589b692	chr18	50189680	77088825	3	2	1
cbff4720-0723-52d3-9a6e-4fd40589b692	chr18	77089350	78313538	1	1	0
cbff4720-0723-52d3-9a6e-4fd40589b692	chr18	78313660	78433921	2	2	0
cbff4720-0723-52d3-9a6e-4fd40589b692	chr18	78435126	80257174	1	1	0
cbff4720-0723-52d3-9a6e-4fd40589b692	chr19	90910	865374	3	2	1
cbff4720-0723-52d3-9a6e-4fd40589b692	chr19	865406	5794706	2	2	0
cbff4720-0723-52d3-9a6e-4fd40589b692	chr19	5799795	58586487	3	2	1
cbff4720-0723-52d3-9a6e-4fd40589b692	chr20	80664	14835050	2	1	1
cbff4720-0723-52d3-9a6e-4fd40589b692	chr20	14835669	15021812	0	0	0
cbff4720-0723-52d3-9a6e-4fd40589b692	chr20	15024309	26261803	2	1	1
cbff4720-0723-52d3-9a6e-4fd40589b692	chr20	26266956	64324800	3	2	1
cbff4720-0723-52d3-9a6e-4fd40589b692	chr21	12973348	16845051	1	1	0
cbff4720-0723-52d3-9a6e-4fd40589b692	chr21	16845111	31071890	2	2	0
cbff4720-0723-52d3-9a6e-4fd40589b692	chr21	31072127	41666104	3	3	0
cbff4720-0723-52d3-9a6e-4fd40589b692	chr21	41666656	46599326	2	2	0
cbff4720-0723-52d3-9a6e-4fd40589b692	chr21	46599898	46603337	4	4	0
cbff4720-0723-52d3-9a6e-4fd40589b692	chr21	46603422	46677045	3	3	0
cbff4720-0723-52d3-9a6e-4fd40589b692	chr22	16392123	49516637	2	2	0
cbff4720-0723-52d3-9a6e-4fd40589b692	chr22	49517876	50796027	1	1	0
cbff4720-0723-52d3-9a6e-4fd40589b692	chrX	251810	7389981	1	1	0
cbff4720-0723-52d3-9a6e-4fd40589b692	chrX	7393780	7427508	0	0	0
cbff4720-0723-52d3-9a6e-4fd40589b692	chrX	7433171	38527234	1	1	0
cbff4720-0723-52d3-9a6e-4fd40589b692	chrX	38527339	38543120	2	1	1
cbff4720-0723-52d3-9a6e-4fd40589b692	chrX	38543248	156004181	1	1	0
cbff4720-0723-52d3-9a6e-4fd40589b692	chrY	2782397	56872112	0	0	0
