GDC_Aliquot	Chromosome	Start	End	Copy_Number	Major_Copy_Number	Minor_Copy_Number
94df3caa-c583-5d0e-83d9-50b782c47e16	chr1	62920	64326183	3	2	1
94df3caa-c583-5d0e-83d9-50b782c47e16	chr1	64326664	84401172	5	3	2
94df3caa-c583-5d0e-83d9-50b782c47e16	chr1	84401465	84802560	4	3	1
94df3caa-c583-5d0e-83d9-50b782c47e16	chr1	84802572	121705338	4	2	2
94df3caa-c583-5d0e-83d9-50b782c47e16	chr1	143541857	147408684	4	4	0
94df3caa-c583-5d0e-83d9-50b782c47e16	chr1	147409323	152583051	3	2	1
94df3caa-c583-5d0e-83d9-50b782c47e16	chr1	152583230	152614064	0	0	0
94df3caa-c583-5d0e-83d9-50b782c47e16	chr1	152614100	213282749	3	2	1
94df3caa-c583-5d0e-83d9-50b782c47e16	chr1	213282877	216493379	1	1	0
94df3caa-c583-5d0e-83d9-50b782c47e16	chr1	216493522	217605645	2	2	0
94df3caa-c583-5d0e-83d9-50b782c47e16	chr1	217607037	227053975	1	1	0
94df3caa-c583-5d0e-83d9-50b782c47e16	chr1	227054342	228014491	3	3	0
94df3caa-c583-5d0e-83d9-50b782c47e16	chr1	228027677	248930189	1	1	0
94df3caa-c583-5d0e-83d9-50b782c47e16	chr2	12784	1416695	2	1	1
94df3caa-c583-5d0e-83d9-50b782c47e16	chr2	1424442	1693716	4	3	1
94df3caa-c583-5d0e-83d9-50b782c47e16	chr2	1694134	83235796	3	2	1
94df3caa-c583-5d0e-83d9-50b782c47e16	chr2	83237630	88816370	4	3	1
94df3caa-c583-5d0e-83d9-50b782c47e16	chr2	88816847	89984583	10	8	2
94df3caa-c583-5d0e-83d9-50b782c47e16	chr2	89984670	99451092	2	1	1
94df3caa-c583-5d0e-83d9-50b782c47e16	chr2	99451116	111742458	1	1	0
94df3caa-c583-5d0e-83d9-50b782c47e16	chr2	111742525	112115941	2	1	1
94df3caa-c583-5d0e-83d9-50b782c47e16	chr2	112118648	125467410	1	1	0
94df3caa-c583-5d0e-83d9-50b782c47e16	chr2	125480532	125591409	4	3	1
94df3caa-c583-5d0e-83d9-50b782c47e16	chr2	125592104	130450544	6	5	1
94df3caa-c583-5d0e-83d9-50b782c47e16	chr2	130454138	133558367	4	3	1
94df3caa-c583-5d0e-83d9-50b782c47e16	chr2	133558951	135387210	5	4	1
94df3caa-c583-5d0e-83d9-50b782c47e16	chr2	135390325	136371330	3	2	1
94df3caa-c583-5d0e-83d9-50b782c47e16	chr2	136374058	137561406	5	4	1
94df3caa-c583-5d0e-83d9-50b782c47e16	chr2	137561573	137909838	2	1	1
94df3caa-c583-5d0e-83d9-50b782c47e16	chr2	137909909	140210739	1	1	0
94df3caa-c583-5d0e-83d9-50b782c47e16	chr2	140210789	141184121	7	6	1
94df3caa-c583-5d0e-83d9-50b782c47e16	chr2	141184250	141551545	5	5	0
94df3caa-c583-5d0e-83d9-50b782c47e16	chr2	141557383	141803190	7	6	1
94df3caa-c583-5d0e-83d9-50b782c47e16	chr2	141803650	143932158	3	2	1
94df3caa-c583-5d0e-83d9-50b782c47e16	chr2	143933169	144866353	4	3	1
94df3caa-c583-5d0e-83d9-50b782c47e16	chr2	144875458	145021454	7	5	2
94df3caa-c583-5d0e-83d9-50b782c47e16	chr2	145023706	145100713	9	7	2
94df3caa-c583-5d0e-83d9-50b782c47e16	chr2	145103322	149373694	6	5	1
94df3caa-c583-5d0e-83d9-50b782c47e16	chr2	149373787	150011253	8	7	1
94df3caa-c583-5d0e-83d9-50b782c47e16	chr2	150013602	151571618	5	4	1
94df3caa-c583-5d0e-83d9-50b782c47e16	chr2	151573165	155810883	6	5	1
94df3caa-c583-5d0e-83d9-50b782c47e16	chr2	155813611	157529609	3	2	1
94df3caa-c583-5d0e-83d9-50b782c47e16	chr2	157530426	162012348	6	5	1
94df3caa-c583-5d0e-83d9-50b782c47e16	chr2	162012693	168173993	7	6	1
94df3caa-c583-5d0e-83d9-50b782c47e16	chr2	168174978	168328689	4	3	1
94df3caa-c583-5d0e-83d9-50b782c47e16	chr2	168332729	175847764	3	2	1
94df3caa-c583-5d0e-83d9-50b782c47e16	chr2	175848241	176111245	1	1	0
94df3caa-c583-5d0e-83d9-50b782c47e16	chr2	176111581	179370420	4	3	1
94df3caa-c583-5d0e-83d9-50b782c47e16	chr2	179373015	186208246	2	1	1
94df3caa-c583-5d0e-83d9-50b782c47e16	chr2	186213158	186533156	1	1	0
94df3caa-c583-5d0e-83d9-50b782c47e16	chr2	186533835	188043568	2	1	1
94df3caa-c583-5d0e-83d9-50b782c47e16	chr2	188046233	189068123	1	1	0
94df3caa-c583-5d0e-83d9-50b782c47e16	chr2	189070296	193695536	2	1	1
94df3caa-c583-5d0e-83d9-50b782c47e16	chr2	193703542	194627578	1	1	0
94df3caa-c583-5d0e-83d9-50b782c47e16	chr2	194627624	199756697	2	1	1
94df3caa-c583-5d0e-83d9-50b782c47e16	chr2	199756922	201003518	24	23	1
94df3caa-c583-5d0e-83d9-50b782c47e16	chr2	201008184	201230530	4	3	1
94df3caa-c583-5d0e-83d9-50b782c47e16	chr2	201232457	203091095	2	1	1
94df3caa-c583-5d0e-83d9-50b782c47e16	chr2	203091882	203186446	5	5	0
94df3caa-c583-5d0e-83d9-50b782c47e16	chr2	203195364	203560875	2	1	1
94df3caa-c583-5d0e-83d9-50b782c47e16	chr2	203562038	203808086	3	2	1
94df3caa-c583-5d0e-83d9-50b782c47e16	chr2	203811092	204182979	1	1	0
94df3caa-c583-5d0e-83d9-50b782c47e16	chr2	204184428	205233210	3	2	1
94df3caa-c583-5d0e-83d9-50b782c47e16	chr2	205233694	224546843	1	1	0
94df3caa-c583-5d0e-83d9-50b782c47e16	chr2	224554541	226906349	4	3	1
94df3caa-c583-5d0e-83d9-50b782c47e16	chr2	226906673	228196323	3	2	1
94df3caa-c583-5d0e-83d9-50b782c47e16	chr2	228196686	228934051	1	1	0
94df3caa-c583-5d0e-83d9-50b782c47e16	chr2	228937937	229024106	3	2	1
94df3caa-c583-5d0e-83d9-50b782c47e16	chr2	229028341	235747998	1	1	0
94df3caa-c583-5d0e-83d9-50b782c47e16	chr2	235753758	235842443	6	4	2
94df3caa-c583-5d0e-83d9-50b782c47e16	chr2	235845756	235963461	1	1	0
94df3caa-c583-5d0e-83d9-50b782c47e16	chr2	235964008	236077674	3	2	1
94df3caa-c583-5d0e-83d9-50b782c47e16	chr2	236078377	242147305	1	1	0
94df3caa-c583-5d0e-83d9-50b782c47e16	chr3	20930	61421401	2	2	0
94df3caa-c583-5d0e-83d9-50b782c47e16	chr3	61422222	61499956	3	2	1
94df3caa-c583-5d0e-83d9-50b782c47e16	chr3	61500233	89595727	2	2	0
94df3caa-c583-5d0e-83d9-50b782c47e16	chr3	89596874	94870601	3	2	1
94df3caa-c583-5d0e-83d9-50b782c47e16	chr3	94871845	95534252	1	1	0
94df3caa-c583-5d0e-83d9-50b782c47e16	chr3	95539456	99429202	3	2	1
94df3caa-c583-5d0e-83d9-50b782c47e16	chr3	99430015	100382139	6	5	1
94df3caa-c583-5d0e-83d9-50b782c47e16	chr3	100382829	101227569	4	4	0
94df3caa-c583-5d0e-83d9-50b782c47e16	chr3	101227732	104038697	1	1	0
94df3caa-c583-5d0e-83d9-50b782c47e16	chr3	104040528	111210297	2	2	0
94df3caa-c583-5d0e-83d9-50b782c47e16	chr3	111211940	114181373	3	2	1
94df3caa-c583-5d0e-83d9-50b782c47e16	chr3	114186504	114288979	5	3	2
94df3caa-c583-5d0e-83d9-50b782c47e16	chr3	114297763	116320995	3	2	1
94df3caa-c583-5d0e-83d9-50b782c47e16	chr3	116321437	116714279	2	2	0
94df3caa-c583-5d0e-83d9-50b782c47e16	chr3	116721425	116764118	0	0	0
94df3caa-c583-5d0e-83d9-50b782c47e16	chr3	116764160	116826538	2	2	0
94df3caa-c583-5d0e-83d9-50b782c47e16	chr3	116829116	117134296	0	0	0
94df3caa-c583-5d0e-83d9-50b782c47e16	chr3	117136613	122855707	2	2	0
94df3caa-c583-5d0e-83d9-50b782c47e16	chr3	122858241	124136775	3	2	1
94df3caa-c583-5d0e-83d9-50b782c47e16	chr3	124147938	124953969	2	2	0
94df3caa-c583-5d0e-83d9-50b782c47e16	chr3	124957243	125420609	3	2	1
94df3caa-c583-5d0e-83d9-50b782c47e16	chr3	125425897	173531615	2	2	0
94df3caa-c583-5d0e-83d9-50b782c47e16	chr3	173532471	173689159	6	3	3
94df3caa-c583-5d0e-83d9-50b782c47e16	chr3	173689788	173936145	3	2	1
94df3caa-c583-5d0e-83d9-50b782c47e16	chr3	173938269	174035721	2	2	0
94df3caa-c583-5d0e-83d9-50b782c47e16	chr3	174037563	174100552	3	2	1
94df3caa-c583-5d0e-83d9-50b782c47e16	chr3	174111849	176174418	2	2	0
94df3caa-c583-5d0e-83d9-50b782c47e16	chr3	176175294	176360183	5	3	2
94df3caa-c583-5d0e-83d9-50b782c47e16	chr3	176360394	178451112	2	2	0
94df3caa-c583-5d0e-83d9-50b782c47e16	chr3	178456520	178787263	5	3	2
94df3caa-c583-5d0e-83d9-50b782c47e16	chr3	178794132	181672458	2	2	0
94df3caa-c583-5d0e-83d9-50b782c47e16	chr3	181675988	183703551	3	2	1
94df3caa-c583-5d0e-83d9-50b782c47e16	chr3	183703672	184311147	4	2	2
94df3caa-c583-5d0e-83d9-50b782c47e16	chr3	184324183	185874228	3	2	1
94df3caa-c583-5d0e-83d9-50b782c47e16	chr3	185874258	186719129	4	2	2
94df3caa-c583-5d0e-83d9-50b782c47e16	chr3	186721146	190276524	3	2	1
94df3caa-c583-5d0e-83d9-50b782c47e16	chr3	190278484	191359068	2	2	0
94df3caa-c583-5d0e-83d9-50b782c47e16	chr3	191366864	192291622	5	3	2
94df3caa-c583-5d0e-83d9-50b782c47e16	chr3	192291727	194268961	3	2	1
94df3caa-c583-5d0e-83d9-50b782c47e16	chr3	194271898	197327674	4	2	2
94df3caa-c583-5d0e-83d9-50b782c47e16	chr3	197327756	198169247	2	2	0
94df3caa-c583-5d0e-83d9-50b782c47e16	chr4	68929	6680524	1	1	0
94df3caa-c583-5d0e-83d9-50b782c47e16	chr4	6684387	7472037	4	2	2
94df3caa-c583-5d0e-83d9-50b782c47e16	chr4	7472136	7548148	3	3	0
94df3caa-c583-5d0e-83d9-50b782c47e16	chr4	7550985	7819000	1	1	0
94df3caa-c583-5d0e-83d9-50b782c47e16	chr4	7820723	9964969	4	2	2
94df3caa-c583-5d0e-83d9-50b782c47e16	chr4	9967060	11036537	3	2	1
94df3caa-c583-5d0e-83d9-50b782c47e16	chr4	11036644	11673477	5	3	2
94df3caa-c583-5d0e-83d9-50b782c47e16	chr4	11674018	11821351	6	4	2
94df3caa-c583-5d0e-83d9-50b782c47e16	chr4	11821365	12347791	4	2	2
94df3caa-c583-5d0e-83d9-50b782c47e16	chr4	12349390	13575683	3	2	1
94df3caa-c583-5d0e-83d9-50b782c47e16	chr4	13576781	13646512	7	5	2
94df3caa-c583-5d0e-83d9-50b782c47e16	chr4	13647295	14312318	4	2	2
94df3caa-c583-5d0e-83d9-50b782c47e16	chr4	14314951	17727360	1	1	0
94df3caa-c583-5d0e-83d9-50b782c47e16	chr4	17728644	19349191	3	2	1
94df3caa-c583-5d0e-83d9-50b782c47e16	chr4	19349252	20331129	5	3	2
94df3caa-c583-5d0e-83d9-50b782c47e16	chr4	20334582	23737283	3	2	1
94df3caa-c583-5d0e-83d9-50b782c47e16	chr4	23738113	24433821	4	2	2
94df3caa-c583-5d0e-83d9-50b782c47e16	chr4	24433942	25615859	3	2	1
94df3caa-c583-5d0e-83d9-50b782c47e16	chr4	25621257	25923235	7	6	1
94df3caa-c583-5d0e-83d9-50b782c47e16	chr4	25923364	26589553	6	4	2
94df3caa-c583-5d0e-83d9-50b782c47e16	chr4	26594477	28488357	3	2	1
94df3caa-c583-5d0e-83d9-50b782c47e16	chr4	28490324	30000493	5	3	2
94df3caa-c583-5d0e-83d9-50b782c47e16	chr4	30001621	30221672	3	3	0
94df3caa-c583-5d0e-83d9-50b782c47e16	chr4	30222065	31894406	1	1	0
94df3caa-c583-5d0e-83d9-50b782c47e16	chr4	31895597	31975088	4	2	2
94df3caa-c583-5d0e-83d9-50b782c47e16	chr4	31976902	32356023	1	1	0
94df3caa-c583-5d0e-83d9-50b782c47e16	chr4	32359581	33386807	3	2	1
94df3caa-c583-5d0e-83d9-50b782c47e16	chr4	33386871	34086157	6	4	2
94df3caa-c583-5d0e-83d9-50b782c47e16	chr4	34087215	37290855	1	1	0
94df3caa-c583-5d0e-83d9-50b782c47e16	chr4	37291001	38063977	4	2	2
94df3caa-c583-5d0e-83d9-50b782c47e16	chr4	38068985	39894793	1	1	0
94df3caa-c583-5d0e-83d9-50b782c47e16	chr4	39894918	40504922	3	3	0
94df3caa-c583-5d0e-83d9-50b782c47e16	chr4	40508099	42324198	4	4	0
94df3caa-c583-5d0e-83d9-50b782c47e16	chr4	42324212	43211033	5	4	1
94df3caa-c583-5d0e-83d9-50b782c47e16	chr4	43214429	44479167	1	1	0
94df3caa-c583-5d0e-83d9-50b782c47e16	chr4	44479425	44543364	2	2	0
94df3caa-c583-5d0e-83d9-50b782c47e16	chr4	44549317	46239943	1	1	0
94df3caa-c583-5d0e-83d9-50b782c47e16	chr4	46242107	47486898	3	3	0
94df3caa-c583-5d0e-83d9-50b782c47e16	chr4	47487407	48904602	1	1	0
94df3caa-c583-5d0e-83d9-50b782c47e16	chr4	48910705	51904251	2	2	0
94df3caa-c583-5d0e-83d9-50b782c47e16	chr4	51904379	54176584	4	2	2
94df3caa-c583-5d0e-83d9-50b782c47e16	chr4	54179321	54782202	4	3	1
94df3caa-c583-5d0e-83d9-50b782c47e16	chr4	54782534	58494899	4	2	2
94df3caa-c583-5d0e-83d9-50b782c47e16	chr4	58494997	58510365	2	1	1
94df3caa-c583-5d0e-83d9-50b782c47e16	chr4	58511088	58617922	5	3	2
94df3caa-c583-5d0e-83d9-50b782c47e16	chr4	58618433	119319983	2	2	0
94df3caa-c583-5d0e-83d9-50b782c47e16	chr4	119320069	119337052	1	1	0
94df3caa-c583-5d0e-83d9-50b782c47e16	chr4	119339630	126234224	2	2	0
94df3caa-c583-5d0e-83d9-50b782c47e16	chr4	126234555	126854028	1	1	0
94df3caa-c583-5d0e-83d9-50b782c47e16	chr4	126854408	135220607	2	2	0
94df3caa-c583-5d0e-83d9-50b782c47e16	chr4	135220985	145216527	3	3	0
94df3caa-c583-5d0e-83d9-50b782c47e16	chr4	145218744	153726733	2	2	0
94df3caa-c583-5d0e-83d9-50b782c47e16	chr4	153727000	153756285	1	1	0
94df3caa-c583-5d0e-83d9-50b782c47e16	chr4	153757211	158259907	2	2	0
94df3caa-c583-5d0e-83d9-50b782c47e16	chr4	158261255	164164637	1	1	0
94df3caa-c583-5d0e-83d9-50b782c47e16	chr4	164164750	190106768	2	2	0
94df3caa-c583-5d0e-83d9-50b782c47e16	chr5	15532	6858237	3	2	1
94df3caa-c583-5d0e-83d9-50b782c47e16	chr5	6858329	7832968	3	3	0
94df3caa-c583-5d0e-83d9-50b782c47e16	chr5	7833193	15335125	3	2	1
94df3caa-c583-5d0e-83d9-50b782c47e16	chr5	15337554	32917265	2	1	1
94df3caa-c583-5d0e-83d9-50b782c47e16	chr5	32917373	33946038	3	2	1
94df3caa-c583-5d0e-83d9-50b782c47e16	chr5	33946450	38038130	2	1	1
94df3caa-c583-5d0e-83d9-50b782c47e16	chr5	38038243	39925196	3	2	1
94df3caa-c583-5d0e-83d9-50b782c47e16	chr5	39927180	39979070	2	1	1
94df3caa-c583-5d0e-83d9-50b782c47e16	chr5	39979358	42322372	3	2	1
94df3caa-c583-5d0e-83d9-50b782c47e16	chr5	42323512	58881888	2	1	1
94df3caa-c583-5d0e-83d9-50b782c47e16	chr5	58882059	58900411	4	2	2
94df3caa-c583-5d0e-83d9-50b782c47e16	chr5	58900766	72603217	2	1	1
94df3caa-c583-5d0e-83d9-50b782c47e16	chr5	72603368	73487406	1	1	0
94df3caa-c583-5d0e-83d9-50b782c47e16	chr5	73490348	78614100	2	1	1
94df3caa-c583-5d0e-83d9-50b782c47e16	chr5	78616978	155470274	1	1	0
94df3caa-c583-5d0e-83d9-50b782c47e16	chr5	155470435	155477137	0	0	0
94df3caa-c583-5d0e-83d9-50b782c47e16	chr5	155478427	165691459	1	1	0
94df3caa-c583-5d0e-83d9-50b782c47e16	chr5	165692213	166091625	0	0	0
94df3caa-c583-5d0e-83d9-50b782c47e16	chr5	166091646	181363319	2	2	0
94df3caa-c583-5d0e-83d9-50b782c47e16	chr6	149661	1550157	1	1	0
94df3caa-c583-5d0e-83d9-50b782c47e16	chr6	1550372	2739385	25	25	0
94df3caa-c583-5d0e-83d9-50b782c47e16	chr6	2739530	3886479	2	2	0
94df3caa-c583-5d0e-83d9-50b782c47e16	chr6	3886788	4902007	4	2	2
94df3caa-c583-5d0e-83d9-50b782c47e16	chr6	4905602	7207757	2	2	0
94df3caa-c583-5d0e-83d9-50b782c47e16	chr6	7207774	8724275	1	1	0
94df3caa-c583-5d0e-83d9-50b782c47e16	chr6	8729616	9292906	28	27	1
94df3caa-c583-5d0e-83d9-50b782c47e16	chr6	9294061	13288437	1	1	0
94df3caa-c583-5d0e-83d9-50b782c47e16	chr6	13290271	13321089	2	1	1
94df3caa-c583-5d0e-83d9-50b782c47e16	chr6	13321624	18209582	2	2	0
94df3caa-c583-5d0e-83d9-50b782c47e16	chr6	18209962	18466237	3	3	0
94df3caa-c583-5d0e-83d9-50b782c47e16	chr6	18466519	18511862	5	3	2
94df3caa-c583-5d0e-83d9-50b782c47e16	chr6	18515492	18602840	4	3	1
94df3caa-c583-5d0e-83d9-50b782c47e16	chr6	18603577	28619851	3	3	0
94df3caa-c583-5d0e-83d9-50b782c47e16	chr6	28620564	28828079	3	2	1
94df3caa-c583-5d0e-83d9-50b782c47e16	chr6	28833606	29130592	3	3	0
94df3caa-c583-5d0e-83d9-50b782c47e16	chr6	29138691	30507638	2	2	0
94df3caa-c583-5d0e-83d9-50b782c47e16	chr6	30507940	32373696	3	3	0
94df3caa-c583-5d0e-83d9-50b782c47e16	chr6	32375045	32462952	5	3	2
94df3caa-c583-5d0e-83d9-50b782c47e16	chr6	32463198	32938034	2	2	0
94df3caa-c583-5d0e-83d9-50b782c47e16	chr6	32938809	33075749	4	3	1
94df3caa-c583-5d0e-83d9-50b782c47e16	chr6	33077723	33168185	2	2	0
94df3caa-c583-5d0e-83d9-50b782c47e16	chr6	33175359	33383474	4	3	1
94df3caa-c583-5d0e-83d9-50b782c47e16	chr6	33384583	33867462	3	3	0
94df3caa-c583-5d0e-83d9-50b782c47e16	chr6	33868223	33934876	4	3	1
94df3caa-c583-5d0e-83d9-50b782c47e16	chr6	33935299	35999995	2	2	0
94df3caa-c583-5d0e-83d9-50b782c47e16	chr6	36000247	36625858	1	1	0
94df3caa-c583-5d0e-83d9-50b782c47e16	chr6	36630432	36653898	2	2	0
94df3caa-c583-5d0e-83d9-50b782c47e16	chr6	36655323	38387741	3	2	1
94df3caa-c583-5d0e-83d9-50b782c47e16	chr6	38387936	39161200	2	1	1
94df3caa-c583-5d0e-83d9-50b782c47e16	chr6	39161466	39954904	7	5	2
94df3caa-c583-5d0e-83d9-50b782c47e16	chr6	39955756	43844010	6	4	2
94df3caa-c583-5d0e-83d9-50b782c47e16	chr6	43844025	44683458	5	3	2
94df3caa-c583-5d0e-83d9-50b782c47e16	chr6	44683643	45525346	5	4	1
94df3caa-c583-5d0e-83d9-50b782c47e16	chr6	45525531	47893802	6	4	2
94df3caa-c583-5d0e-83d9-50b782c47e16	chr6	47894825	48761888	8	4	4
94df3caa-c583-5d0e-83d9-50b782c47e16	chr6	48762450	49365965	11	8	3
94df3caa-c583-5d0e-83d9-50b782c47e16	chr6	49369350	49817857	4	3	1
94df3caa-c583-5d0e-83d9-50b782c47e16	chr6	49820324	50139227	6	5	1
94df3caa-c583-5d0e-83d9-50b782c47e16	chr6	50142277	50803261	1	1	0
94df3caa-c583-5d0e-83d9-50b782c47e16	chr6	50807005	51874234	4	3	1
94df3caa-c583-5d0e-83d9-50b782c47e16	chr6	51874519	53154372	2	1	1
94df3caa-c583-5d0e-83d9-50b782c47e16	chr6	53155966	53603518	2	2	0
94df3caa-c583-5d0e-83d9-50b782c47e16	chr6	53604110	58384355	2	1	1
94df3caa-c583-5d0e-83d9-50b782c47e16	chr6	58392393	60372586	3	2	1
94df3caa-c583-5d0e-83d9-50b782c47e16	chr6	60372926	61910192	1	1	0
94df3caa-c583-5d0e-83d9-50b782c47e16	chr6	61913818	94836632	2	2	0
94df3caa-c583-5d0e-83d9-50b782c47e16	chr6	94838755	98097917	1	1	0
94df3caa-c583-5d0e-83d9-50b782c47e16	chr6	98099951	100507229	2	2	0
94df3caa-c583-5d0e-83d9-50b782c47e16	chr6	100513042	105386367	1	1	0
94df3caa-c583-5d0e-83d9-50b782c47e16	chr6	105387947	127115971	3	2	1
94df3caa-c583-5d0e-83d9-50b782c47e16	chr6	127116302	127990337	3	3	0
94df3caa-c583-5d0e-83d9-50b782c47e16	chr6	127990450	151118757	3	2	1
94df3caa-c583-5d0e-83d9-50b782c47e16	chr6	151119552	151333400	5	4	1
94df3caa-c583-5d0e-83d9-50b782c47e16	chr6	151337170	160788985	3	2	1
94df3caa-c583-5d0e-83d9-50b782c47e16	chr6	160793754	161448660	4	3	1
94df3caa-c583-5d0e-83d9-50b782c47e16	chr6	161448998	162481989	3	2	1
94df3caa-c583-5d0e-83d9-50b782c47e16	chr6	162482149	162811951	7	5	2
94df3caa-c583-5d0e-83d9-50b782c47e16	chr6	162812229	170741917	3	2	1
94df3caa-c583-5d0e-83d9-50b782c47e16	chr7	43259	15959546	3	2	1
94df3caa-c583-5d0e-83d9-50b782c47e16	chr7	15962018	136216009	2	2	0
94df3caa-c583-5d0e-83d9-50b782c47e16	chr7	136216797	147049952	1	1	0
94df3caa-c583-5d0e-83d9-50b782c47e16	chr7	147053162	147587042	0	0	0
94df3caa-c583-5d0e-83d9-50b782c47e16	chr7	147587211	159334314	1	1	0
94df3caa-c583-5d0e-83d9-50b782c47e16	chr8	81254	3270034	2	1	1
94df3caa-c583-5d0e-83d9-50b782c47e16	chr8	3270383	3551634	2	2	0
94df3caa-c583-5d0e-83d9-50b782c47e16	chr8	3551652	4046934	2	1	1
94df3caa-c583-5d0e-83d9-50b782c47e16	chr8	4047149	16183371	1	1	0
94df3caa-c583-5d0e-83d9-50b782c47e16	chr8	16183387	24513578	2	2	0
94df3caa-c583-5d0e-83d9-50b782c47e16	chr8	24520349	32984135	1	1	0
94df3caa-c583-5d0e-83d9-50b782c47e16	chr8	32985406	43781896	2	2	0
94df3caa-c583-5d0e-83d9-50b782c47e16	chr8	43800087	85468208	3	2	1
94df3caa-c583-5d0e-83d9-50b782c47e16	chr8	85476791	86618449	3	3	0
94df3caa-c583-5d0e-83d9-50b782c47e16	chr8	86623196	94103974	3	2	1
94df3caa-c583-5d0e-83d9-50b782c47e16	chr8	94104923	94113430	2	1	1
94df3caa-c583-5d0e-83d9-50b782c47e16	chr8	94114478	109178101	3	2	1
94df3caa-c583-5d0e-83d9-50b782c47e16	chr8	109178327	110055099	4	3	1
94df3caa-c583-5d0e-83d9-50b782c47e16	chr8	110055170	110658040	6	5	1
94df3caa-c583-5d0e-83d9-50b782c47e16	chr8	110660810	120204709	5	4	1
94df3caa-c583-5d0e-83d9-50b782c47e16	chr8	120206313	125940167	3	2	1
94df3caa-c583-5d0e-83d9-50b782c47e16	chr8	125940562	126294441	4	2	2
94df3caa-c583-5d0e-83d9-50b782c47e16	chr8	126295912	129068166	33	31	2
94df3caa-c583-5d0e-83d9-50b782c47e16	chr8	129076359	129086625	2	2	0
94df3caa-c583-5d0e-83d9-50b782c47e16	chr8	129086995	129086995	3	3	0
94df3caa-c583-5d0e-83d9-50b782c47e16	chr8	129087898	132392184	3	2	1
94df3caa-c583-5d0e-83d9-50b782c47e16	chr8	132393471	133764591	11	9	2
94df3caa-c583-5d0e-83d9-50b782c47e16	chr8	133764653	134217918	3	3	0
94df3caa-c583-5d0e-83d9-50b782c47e16	chr8	134223596	141957959	3	2	1
94df3caa-c583-5d0e-83d9-50b782c47e16	chr8	141962504	142113646	3	3	0
94df3caa-c583-5d0e-83d9-50b782c47e16	chr8	142117703	144411188	3	2	1
94df3caa-c583-5d0e-83d9-50b782c47e16	chr8	144422326	144845841	3	3	0
94df3caa-c583-5d0e-83d9-50b782c47e16	chr8	144850786	145072769	3	2	1
94df3caa-c583-5d0e-83d9-50b782c47e16	chr9	46587	26498874	2	1	1
94df3caa-c583-5d0e-83d9-50b782c47e16	chr9	26501481	26609001	3	2	1
94df3caa-c583-5d0e-83d9-50b782c47e16	chr9	26610118	30071778	2	1	1
94df3caa-c583-5d0e-83d9-50b782c47e16	chr9	30071864	31119135	3	2	1
94df3caa-c583-5d0e-83d9-50b782c47e16	chr9	31119649	31560632	4	3	1
94df3caa-c583-5d0e-83d9-50b782c47e16	chr9	31561343	33354238	2	1	1
94df3caa-c583-5d0e-83d9-50b782c47e16	chr9	33368650	34236673	3	2	1
94df3caa-c583-5d0e-83d9-50b782c47e16	chr9	34237482	41741113	2	1	1
94df3caa-c583-5d0e-83d9-50b782c47e16	chr9	60863881	138200944	2	2	0
94df3caa-c583-5d0e-83d9-50b782c47e16	chr10	45792	22390248	1	1	0
94df3caa-c583-5d0e-83d9-50b782c47e16	chr10	22390500	23475115	2	2	0
94df3caa-c583-5d0e-83d9-50b782c47e16	chr10	23475256	36420661	1	1	0
94df3caa-c583-5d0e-83d9-50b782c47e16	chr10	36421602	133654968	2	2	0
94df3caa-c583-5d0e-83d9-50b782c47e16	chr11	198510	7436411	1	1	0
94df3caa-c583-5d0e-83d9-50b782c47e16	chr11	7437172	60058768	2	2	0
94df3caa-c583-5d0e-83d9-50b782c47e16	chr11	60059204	60754464	1	1	0
94df3caa-c583-5d0e-83d9-50b782c47e16	chr11	60754755	80543665	2	2	0
94df3caa-c583-5d0e-83d9-50b782c47e16	chr11	80543736	81277168	1	1	0
94df3caa-c583-5d0e-83d9-50b782c47e16	chr11	81277268	84368314	2	2	0
94df3caa-c583-5d0e-83d9-50b782c47e16	chr11	84371032	84548798	0	0	0
94df3caa-c583-5d0e-83d9-50b782c47e16	chr11	84553013	127077003	2	2	0
94df3caa-c583-5d0e-83d9-50b782c47e16	chr11	127080426	132842954	1	1	0
94df3caa-c583-5d0e-83d9-50b782c47e16	chr11	132843431	134964338	2	2	0
94df3caa-c583-5d0e-83d9-50b782c47e16	chr11	134965720	135074876	1	1	0
94df3caa-c583-5d0e-83d9-50b782c47e16	chr12	51460	166682	4	3	1
94df3caa-c583-5d0e-83d9-50b782c47e16	chr12	166853	349049	3	2	1
94df3caa-c583-5d0e-83d9-50b782c47e16	chr12	349322	2477479	5	3	2
94df3caa-c583-5d0e-83d9-50b782c47e16	chr12	2481603	7103881	3	2	1
94df3caa-c583-5d0e-83d9-50b782c47e16	chr12	7104043	8969514	5	3	2
94df3caa-c583-5d0e-83d9-50b782c47e16	chr12	8976499	9663833	3	2	1
94df3caa-c583-5d0e-83d9-50b782c47e16	chr12	9664107	10023463	4	2	2
94df3caa-c583-5d0e-83d9-50b782c47e16	chr12	10023545	11343899	2	2	0
94df3caa-c583-5d0e-83d9-50b782c47e16	chr12	11345065	11760426	3	3	0
94df3caa-c583-5d0e-83d9-50b782c47e16	chr12	11761748	11982354	5	5	0
94df3caa-c583-5d0e-83d9-50b782c47e16	chr12	11982382	12776329	2	2	0
94df3caa-c583-5d0e-83d9-50b782c47e16	chr12	12776584	15563519	3	3	0
94df3caa-c583-5d0e-83d9-50b782c47e16	chr12	15563788	16532707	2	2	0
94df3caa-c583-5d0e-83d9-50b782c47e16	chr12	16532883	17568160	3	3	0
94df3caa-c583-5d0e-83d9-50b782c47e16	chr12	17576239	25658503	2	2	0
94df3caa-c583-5d0e-83d9-50b782c47e16	chr12	25658651	26791785	5	5	0
94df3caa-c583-5d0e-83d9-50b782c47e16	chr12	26794882	27793722	2	2	0
94df3caa-c583-5d0e-83d9-50b782c47e16	chr12	27793986	28801586	4	4	0
94df3caa-c583-5d0e-83d9-50b782c47e16	chr12	28802146	29538598	1	1	0
94df3caa-c583-5d0e-83d9-50b782c47e16	chr12	29538964	29665121	4	4	0
94df3caa-c583-5d0e-83d9-50b782c47e16	chr12	29665271	31001903	1	1	0
94df3caa-c583-5d0e-83d9-50b782c47e16	chr12	31003566	31253875	4	4	0
94df3caa-c583-5d0e-83d9-50b782c47e16	chr12	31253938	34172942	1	1	0
94df3caa-c583-5d0e-83d9-50b782c47e16	chr12	34174999	39751389	2	2	0
94df3caa-c583-5d0e-83d9-50b782c47e16	chr12	39752596	41944703	1	1	0
94df3caa-c583-5d0e-83d9-50b782c47e16	chr12	41950732	66873880	2	2	0
94df3caa-c583-5d0e-83d9-50b782c47e16	chr12	66877066	66899055	3	2	1
94df3caa-c583-5d0e-83d9-50b782c47e16	chr12	66901180	67940231	2	2	0
94df3caa-c583-5d0e-83d9-50b782c47e16	chr12	67941964	68092655	3	2	1
94df3caa-c583-5d0e-83d9-50b782c47e16	chr12	68092807	70722456	2	2	0
94df3caa-c583-5d0e-83d9-50b782c47e16	chr12	70726735	70881603	3	2	1
94df3caa-c583-5d0e-83d9-50b782c47e16	chr12	70882235	77605119	2	2	0
94df3caa-c583-5d0e-83d9-50b782c47e16	chr12	77605310	80224062	3	3	0
94df3caa-c583-5d0e-83d9-50b782c47e16	chr12	80224813	81589870	2	2	0
94df3caa-c583-5d0e-83d9-50b782c47e16	chr12	81590013	81725026	3	2	1
94df3caa-c583-5d0e-83d9-50b782c47e16	chr12	81734471	83863779	2	2	0
94df3caa-c583-5d0e-83d9-50b782c47e16	chr12	83865576	83895413	3	2	1
94df3caa-c583-5d0e-83d9-50b782c47e16	chr12	83896697	86332454	2	2	0
94df3caa-c583-5d0e-83d9-50b782c47e16	chr12	86333448	86907038	3	2	1
94df3caa-c583-5d0e-83d9-50b782c47e16	chr12	86907123	94343411	2	2	0
94df3caa-c583-5d0e-83d9-50b782c47e16	chr12	94351531	96720387	3	2	1
94df3caa-c583-5d0e-83d9-50b782c47e16	chr12	96720453	133201603	2	2	0
94df3caa-c583-5d0e-83d9-50b782c47e16	chr13	18452809	62291013	1	1	0
94df3caa-c583-5d0e-83d9-50b782c47e16	chr13	62293035	66421824	3	3	0
94df3caa-c583-5d0e-83d9-50b782c47e16	chr13	66425683	76991520	2	2	0
94df3caa-c583-5d0e-83d9-50b782c47e16	chr13	76991837	79251226	4	2	2
94df3caa-c583-5d0e-83d9-50b782c47e16	chr13	79251981	110648031	3	2	1
94df3caa-c583-5d0e-83d9-50b782c47e16	chr13	110649535	114342922	4	3	1
94df3caa-c583-5d0e-83d9-50b782c47e16	chr14	18239283	24497157	2	1	1
94df3caa-c583-5d0e-83d9-50b782c47e16	chr14	24499152	24641046	5	4	1
94df3caa-c583-5d0e-83d9-50b782c47e16	chr14	24641697	25219878	4	3	1
94df3caa-c583-5d0e-83d9-50b782c47e16	chr14	25220772	26975597	6	5	1
94df3caa-c583-5d0e-83d9-50b782c47e16	chr14	26979216	27647946	8	8	0
94df3caa-c583-5d0e-83d9-50b782c47e16	chr14	27657830	27848185	6	5	1
94df3caa-c583-5d0e-83d9-50b782c47e16	chr14	27848232	27902242	4	3	1
94df3caa-c583-5d0e-83d9-50b782c47e16	chr14	27902708	29901724	6	5	1
94df3caa-c583-5d0e-83d9-50b782c47e16	chr14	29901944	31315214	3	2	1
94df3caa-c583-5d0e-83d9-50b782c47e16	chr14	31327669	32841082	7	6	1
94df3caa-c583-5d0e-83d9-50b782c47e16	chr14	32842949	34668398	5	4	1
94df3caa-c583-5d0e-83d9-50b782c47e16	chr14	34671453	41728063	3	2	1
94df3caa-c583-5d0e-83d9-50b782c47e16	chr14	41729264	42141682	4	2	2
94df3caa-c583-5d0e-83d9-50b782c47e16	chr14	42142757	43134830	3	2	1
94df3caa-c583-5d0e-83d9-50b782c47e16	chr14	43136619	43354625	6	5	1
94df3caa-c583-5d0e-83d9-50b782c47e16	chr14	43357439	43611406	2	1	1
94df3caa-c583-5d0e-83d9-50b782c47e16	chr14	43619320	43808134	4	3	1
94df3caa-c583-5d0e-83d9-50b782c47e16	chr14	43808216	44032725	8	7	1
94df3caa-c583-5d0e-83d9-50b782c47e16	chr14	44034014	44246880	5	4	1
94df3caa-c583-5d0e-83d9-50b782c47e16	chr14	44247879	44314815	3	2	1
94df3caa-c583-5d0e-83d9-50b782c47e16	chr14	44315448	46154521	6	5	1
94df3caa-c583-5d0e-83d9-50b782c47e16	chr14	46161083	46660057	3	2	1
94df3caa-c583-5d0e-83d9-50b782c47e16	chr14	46662556	47621076	6	5	1
94df3caa-c583-5d0e-83d9-50b782c47e16	chr14	47621214	58885207	3	2	1
94df3caa-c583-5d0e-83d9-50b782c47e16	chr14	58887073	59267316	4	2	2
94df3caa-c583-5d0e-83d9-50b782c47e16	chr14	59269557	69143948	3	2	1
94df3caa-c583-5d0e-83d9-50b782c47e16	chr14	69144709	69770291	3	3	0
94df3caa-c583-5d0e-83d9-50b782c47e16	chr14	69772923	70943907	3	2	1
94df3caa-c583-5d0e-83d9-50b782c47e16	chr14	70946000	72075851	2	2	0
94df3caa-c583-5d0e-83d9-50b782c47e16	chr14	72076021	88238950	3	2	1
94df3caa-c583-5d0e-83d9-50b782c47e16	chr14	88241117	89273047	5	4	1
94df3caa-c583-5d0e-83d9-50b782c47e16	chr14	89275635	105862987	3	2	1
94df3caa-c583-5d0e-83d9-50b782c47e16	chr14	105876458	106345838	10	10	0
94df3caa-c583-5d0e-83d9-50b782c47e16	chr14	106346115	106877229	3	2	1
94df3caa-c583-5d0e-83d9-50b782c47e16	chr15	19811075	26167829	2	2	0
94df3caa-c583-5d0e-83d9-50b782c47e16	chr15	26168777	62834630	1	1	0
94df3caa-c583-5d0e-83d9-50b782c47e16	chr15	62835806	71293300	2	1	1
94df3caa-c583-5d0e-83d9-50b782c47e16	chr15	71293634	74944435	1	1	0
94df3caa-c583-5d0e-83d9-50b782c47e16	chr15	74944837	78522339	3	2	1
94df3caa-c583-5d0e-83d9-50b782c47e16	chr15	78525105	78712300	1	1	0
94df3caa-c583-5d0e-83d9-50b782c47e16	chr15	78714100	79718488	2	1	1
94df3caa-c583-5d0e-83d9-50b782c47e16	chr15	79719144	82529564	3	2	1
94df3caa-c583-5d0e-83d9-50b782c47e16	chr15	82529580	82755749	4	3	1
94df3caa-c583-5d0e-83d9-50b782c47e16	chr15	82756089	89186907	3	2	1
94df3caa-c583-5d0e-83d9-50b782c47e16	chr15	89188545	90143029	5	4	1
94df3caa-c583-5d0e-83d9-50b782c47e16	chr15	90148512	92481360	3	2	1
94df3caa-c583-5d0e-83d9-50b782c47e16	chr15	92484686	92918945	4	3	1
94df3caa-c583-5d0e-83d9-50b782c47e16	chr15	92921146	93858975	3	2	1
94df3caa-c583-5d0e-83d9-50b782c47e16	chr15	93859502	93901486	6	5	1
94df3caa-c583-5d0e-83d9-50b782c47e16	chr15	93909977	96546965	3	2	1
94df3caa-c583-5d0e-83d9-50b782c47e16	chr15	96555444	97386207	23	22	1
94df3caa-c583-5d0e-83d9-50b782c47e16	chr15	97390145	98134976	3	2	1
94df3caa-c583-5d0e-83d9-50b782c47e16	chr15	98135295	98259226	2	2	0
94df3caa-c583-5d0e-83d9-50b782c47e16	chr15	98263607	99517721	22	20	2
94df3caa-c583-5d0e-83d9-50b782c47e16	chr15	99518188	100205105	1	1	0
94df3caa-c583-5d0e-83d9-50b782c47e16	chr15	100205475	101928837	3	2	1
94df3caa-c583-5d0e-83d9-50b782c47e16	chr16	10777	7454847	2	1	1
94df3caa-c583-5d0e-83d9-50b782c47e16	chr16	7454852	7463740	1	1	0
94df3caa-c583-5d0e-83d9-50b782c47e16	chr16	7464136	31166333	2	1	1
94df3caa-c583-5d0e-83d9-50b782c47e16	chr16	31168037	66882387	3	2	1
94df3caa-c583-5d0e-83d9-50b782c47e16	chr16	66882626	68061798	2	2	0
94df3caa-c583-5d0e-83d9-50b782c47e16	chr16	68066043	69780443	3	2	1
94df3caa-c583-5d0e-83d9-50b782c47e16	chr16	69780721	71063821	5	4	1
94df3caa-c583-5d0e-83d9-50b782c47e16	chr16	71076451	71587734	3	2	1
94df3caa-c583-5d0e-83d9-50b782c47e16	chr16	71587955	72994350	3	3	0
94df3caa-c583-5d0e-83d9-50b782c47e16	chr16	72995022	74252747	3	2	1
94df3caa-c583-5d0e-83d9-50b782c47e16	chr16	74256742	74643993	5	4	1
94df3caa-c583-5d0e-83d9-50b782c47e16	chr16	74644378	79332276	3	2	1
94df3caa-c583-5d0e-83d9-50b782c47e16	chr16	79332957	79709586	4	3	1
94df3caa-c583-5d0e-83d9-50b782c47e16	chr16	79710651	80490066	5	4	1
94df3caa-c583-5d0e-83d9-50b782c47e16	chr16	80490727	81388372	3	2	1
94df3caa-c583-5d0e-83d9-50b782c47e16	chr16	81391500	82223524	4	3	1
94df3caa-c583-5d0e-83d9-50b782c47e16	chr16	82223762	83697950	3	2	1
94df3caa-c583-5d0e-83d9-50b782c47e16	chr16	83698161	84106984	4	3	1
94df3caa-c583-5d0e-83d9-50b782c47e16	chr16	84109960	87125839	3	2	1
94df3caa-c583-5d0e-83d9-50b782c47e16	chr16	87126875	87480931	2	2	0
94df3caa-c583-5d0e-83d9-50b782c47e16	chr16	87483819	90096867	3	2	1
94df3caa-c583-5d0e-83d9-50b782c47e16	chr17	150733	1666837	1	1	0
94df3caa-c583-5d0e-83d9-50b782c47e16	chr17	1667271	13011218	2	2	0
94df3caa-c583-5d0e-83d9-50b782c47e16	chr17	13011267	20975159	3	2	1
94df3caa-c583-5d0e-83d9-50b782c47e16	chr17	20976408	22728514	2	1	1
94df3caa-c583-5d0e-83d9-50b782c47e16	chr17	22736323	36032689	1	1	0
94df3caa-c583-5d0e-83d9-50b782c47e16	chr17	36032864	36766845	2	1	1
94df3caa-c583-5d0e-83d9-50b782c47e16	chr17	36768968	37070416	1	1	0
94df3caa-c583-5d0e-83d9-50b782c47e16	chr17	37071210	38746419	2	1	1
94df3caa-c583-5d0e-83d9-50b782c47e16	chr17	38752419	38903311	1	1	0
94df3caa-c583-5d0e-83d9-50b782c47e16	chr17	38903881	43814069	2	1	1
94df3caa-c583-5d0e-83d9-50b782c47e16	chr17	43814671	44616498	1	1	0
94df3caa-c583-5d0e-83d9-50b782c47e16	chr17	44616999	47230327	2	1	1
94df3caa-c583-5d0e-83d9-50b782c47e16	chr17	47230562	55284477	1	1	0
94df3caa-c583-5d0e-83d9-50b782c47e16	chr17	55286477	55836064	2	1	1
94df3caa-c583-5d0e-83d9-50b782c47e16	chr17	55840520	78622344	3	2	1
94df3caa-c583-5d0e-83d9-50b782c47e16	chr17	78622406	78860571	3	3	0
94df3caa-c583-5d0e-83d9-50b782c47e16	chr17	78861317	83091923	3	2	1
94df3caa-c583-5d0e-83d9-50b782c47e16	chr18	48133	15402409	3	2	1
94df3caa-c583-5d0e-83d9-50b782c47e16	chr18	20949392	38601735	2	2	0
94df3caa-c583-5d0e-83d9-50b782c47e16	chr18	38602476	60424755	1	1	0
94df3caa-c583-5d0e-83d9-50b782c47e16	chr18	60425062	79475952	3	2	1
94df3caa-c583-5d0e-83d9-50b782c47e16	chr18	79481207	80257174	2	2	0
94df3caa-c583-5d0e-83d9-50b782c47e16	chr19	90910	19456197	2	2	0
94df3caa-c583-5d0e-83d9-50b782c47e16	chr19	19457064	22259093	3	3	0
94df3caa-c583-5d0e-83d9-50b782c47e16	chr19	22259548	23729704	2	2	0
94df3caa-c583-5d0e-83d9-50b782c47e16	chr19	23732103	27636726	3	3	0
94df3caa-c583-5d0e-83d9-50b782c47e16	chr19	27636756	29231540	2	2	0
94df3caa-c583-5d0e-83d9-50b782c47e16	chr19	29232161	29621234	5	3	2
94df3caa-c583-5d0e-83d9-50b782c47e16	chr19	29621450	34743430	2	2	0
94df3caa-c583-5d0e-83d9-50b782c47e16	chr19	34749492	35178750	3	2	1
94df3caa-c583-5d0e-83d9-50b782c47e16	chr19	35178878	55171609	2	2	0
94df3caa-c583-5d0e-83d9-50b782c47e16	chr19	55171736	57581676	3	2	1
94df3caa-c583-5d0e-83d9-50b782c47e16	chr19	57582108	58586487	4	3	1
94df3caa-c583-5d0e-83d9-50b782c47e16	chr20	80664	64324800	2	2	0
94df3caa-c583-5d0e-83d9-50b782c47e16	chr21	12973348	19648005	1	1	0
94df3caa-c583-5d0e-83d9-50b782c47e16	chr21	19648350	22866932	3	2	1
94df3caa-c583-5d0e-83d9-50b782c47e16	chr21	22869060	23601654	5	4	1
94df3caa-c583-5d0e-83d9-50b782c47e16	chr21	23601689	24227141	3	2	1
94df3caa-c583-5d0e-83d9-50b782c47e16	chr21	24227305	46677045	2	1	1
94df3caa-c583-5d0e-83d9-50b782c47e16	chr22	16392123	29061634	2	1	1
94df3caa-c583-5d0e-83d9-50b782c47e16	chr22	29062453	34964318	3	2	1
94df3caa-c583-5d0e-83d9-50b782c47e16	chr22	34964770	40404067	2	2	0
94df3caa-c583-5d0e-83d9-50b782c47e16	chr22	40404514	42167275	3	3	0
94df3caa-c583-5d0e-83d9-50b782c47e16	chr22	42167302	43852721	2	2	0
94df3caa-c583-5d0e-83d9-50b782c47e16	chr22	43853014	46852492	3	3	0
94df3caa-c583-5d0e-83d9-50b782c47e16	chr22	46852708	50796027	2	2	0
94df3caa-c583-5d0e-83d9-50b782c47e16	chrX	251810	22224638	1	1	0
94df3caa-c583-5d0e-83d9-50b782c47e16	chrX	22225561	31808726	2	2	0
94df3caa-c583-5d0e-83d9-50b782c47e16	chrX	31809755	33016577	1	1	0
94df3caa-c583-5d0e-83d9-50b782c47e16	chrX	33016740	33375052	0	0	0
94df3caa-c583-5d0e-83d9-50b782c47e16	chrX	33375241	33745005	1	1	0
94df3caa-c583-5d0e-83d9-50b782c47e16	chrX	33745189	34243159	2	2	0
94df3caa-c583-5d0e-83d9-50b782c47e16	chrX	34243209	34466860	1	1	0
94df3caa-c583-5d0e-83d9-50b782c47e16	chrX	34467502	39281920	2	2	0
94df3caa-c583-5d0e-83d9-50b782c47e16	chrX	39282183	126993476	1	1	0
94df3caa-c583-5d0e-83d9-50b782c47e16	chrX	126994315	128295368	4	3	1
94df3caa-c583-5d0e-83d9-50b782c47e16	chrX	128297555	144704062	4	2	2
94df3caa-c583-5d0e-83d9-50b782c47e16	chrX	144704862	153465621	3	2	1
94df3caa-c583-5d0e-83d9-50b782c47e16	chrX	153466816	154464683	2	2	0
94df3caa-c583-5d0e-83d9-50b782c47e16	chrX	154470036	156004181	3	2	1
94df3caa-c583-5d0e-83d9-50b782c47e16	chrY	2782397	26653788	0	0	0
94df3caa-c583-5d0e-83d9-50b782c47e16	chrY	56872112	56872112	1	1	0
