GDC_Aliquot	Chromosome	Start	End	Copy_Number	Major_Copy_Number	Minor_Copy_Number
c453dc5a-3f40-57a4-953d-ad09821ecaf8	chr1	62920	54983600	5	4	1
c453dc5a-3f40-57a4-953d-ad09821ecaf8	chr1	54983945	67830451	5	3	2
c453dc5a-3f40-57a4-953d-ad09821ecaf8	chr1	67834930	67844721	1	1	0
c453dc5a-3f40-57a4-953d-ad09821ecaf8	chr1	67845305	121705338	5	3	2
c453dc5a-3f40-57a4-953d-ad09821ecaf8	chr1	143541857	176821955	6	4	2
c453dc5a-3f40-57a4-953d-ad09821ecaf8	chr1	176821997	185529152	4	2	2
c453dc5a-3f40-57a4-953d-ad09821ecaf8	chr1	185530952	186121093	4	4	0
c453dc5a-3f40-57a4-953d-ad09821ecaf8	chr1	186123478	192409892	4	2	2
c453dc5a-3f40-57a4-953d-ad09821ecaf8	chr1	192415667	192609633	5	4	1
c453dc5a-3f40-57a4-953d-ad09821ecaf8	chr1	192609862	192850094	3	2	1
c453dc5a-3f40-57a4-953d-ad09821ecaf8	chr1	192850186	214452536	4	2	2
c453dc5a-3f40-57a4-953d-ad09821ecaf8	chr1	214453240	217203728	5	3	2
c453dc5a-3f40-57a4-953d-ad09821ecaf8	chr1	217211255	218145118	5	4	1
c453dc5a-3f40-57a4-953d-ad09821ecaf8	chr1	218145834	224847803	4	2	2
c453dc5a-3f40-57a4-953d-ad09821ecaf8	chr1	224848770	225739257	4	4	0
c453dc5a-3f40-57a4-953d-ad09821ecaf8	chr1	225744086	248930189	4	2	2
c453dc5a-3f40-57a4-953d-ad09821ecaf8	chr2	12784	7678562	6	3	3
c453dc5a-3f40-57a4-953d-ad09821ecaf8	chr2	7681700	7959627	6	5	1
c453dc5a-3f40-57a4-953d-ad09821ecaf8	chr2	7959792	13535981	6	3	3
c453dc5a-3f40-57a4-953d-ad09821ecaf8	chr2	13536737	14165354	6	5	1
c453dc5a-3f40-57a4-953d-ad09821ecaf8	chr2	14165662	43262153	6	3	3
c453dc5a-3f40-57a4-953d-ad09821ecaf8	chr2	43262174	83702854	5	3	2
c453dc5a-3f40-57a4-953d-ad09821ecaf8	chr2	83703063	85092952	5	5	0
c453dc5a-3f40-57a4-953d-ad09821ecaf8	chr2	85094623	103312014	6	4	2
c453dc5a-3f40-57a4-953d-ad09821ecaf8	chr2	103317011	107203617	7	4	3
c453dc5a-3f40-57a4-953d-ad09821ecaf8	chr2	107203956	108682162	6	3	3
c453dc5a-3f40-57a4-953d-ad09821ecaf8	chr2	108684500	141561502	5	4	1
c453dc5a-3f40-57a4-953d-ad09821ecaf8	chr2	141575926	141710903	5	3	2
c453dc5a-3f40-57a4-953d-ad09821ecaf8	chr2	141711023	145062646	4	3	1
c453dc5a-3f40-57a4-953d-ad09821ecaf8	chr2	145062903	169223035	5	4	1
c453dc5a-3f40-57a4-953d-ad09821ecaf8	chr2	169223151	185436134	3	3	0
c453dc5a-3f40-57a4-953d-ad09821ecaf8	chr2	185437194	186136611	4	4	0
c453dc5a-3f40-57a4-953d-ad09821ecaf8	chr2	186137129	237895803	3	3	0
c453dc5a-3f40-57a4-953d-ad09821ecaf8	chr2	237895843	242147305	7	4	3
c453dc5a-3f40-57a4-953d-ad09821ecaf8	chr3	20930	29345592	4	2	2
c453dc5a-3f40-57a4-953d-ad09821ecaf8	chr3	29345655	30684940	5	3	2
c453dc5a-3f40-57a4-953d-ad09821ecaf8	chr3	30686798	62674891	4	2	2
c453dc5a-3f40-57a4-953d-ad09821ecaf8	chr3	62675160	62962571	4	4	0
c453dc5a-3f40-57a4-953d-ad09821ecaf8	chr3	62962870	66006602	5	3	2
c453dc5a-3f40-57a4-953d-ad09821ecaf8	chr3	66006628	66249883	4	2	2
c453dc5a-3f40-57a4-953d-ad09821ecaf8	chr3	66250242	98009931	5	3	2
c453dc5a-3f40-57a4-953d-ad09821ecaf8	chr3	98013923	98037036	7	6	1
c453dc5a-3f40-57a4-953d-ad09821ecaf8	chr3	98040805	113791062	4	3	1
c453dc5a-3f40-57a4-953d-ad09821ecaf8	chr3	113793402	116786019	3	3	0
c453dc5a-3f40-57a4-953d-ad09821ecaf8	chr3	116786506	116833757	0	0	0
c453dc5a-3f40-57a4-953d-ad09821ecaf8	chr3	116834824	125677575	3	3	0
c453dc5a-3f40-57a4-953d-ad09821ecaf8	chr3	125678000	126166718	4	3	1
c453dc5a-3f40-57a4-953d-ad09821ecaf8	chr3	126167394	145637646	3	3	0
c453dc5a-3f40-57a4-953d-ad09821ecaf8	chr3	145637849	145706652	12	11	1
c453dc5a-3f40-57a4-953d-ad09821ecaf8	chr3	145707259	145722745	14	14	0
c453dc5a-3f40-57a4-953d-ad09821ecaf8	chr3	145723120	145885372	13	12	1
c453dc5a-3f40-57a4-953d-ad09821ecaf8	chr3	145885432	146032741	15	13	2
c453dc5a-3f40-57a4-953d-ad09821ecaf8	chr3	146038136	146496100	13	13	0
c453dc5a-3f40-57a4-953d-ad09821ecaf8	chr3	146496339	172700582	3	3	0
c453dc5a-3f40-57a4-953d-ad09821ecaf8	chr3	172701101	172894109	4	4	0
c453dc5a-3f40-57a4-953d-ad09821ecaf8	chr3	172894739	175106043	3	3	0
c453dc5a-3f40-57a4-953d-ad09821ecaf8	chr3	175108799	198169247	4	4	0
c453dc5a-3f40-57a4-953d-ad09821ecaf8	chr4	68929	11158117	3	3	0
c453dc5a-3f40-57a4-953d-ad09821ecaf8	chr4	11158344	68509237	4	4	0
c453dc5a-3f40-57a4-953d-ad09821ecaf8	chr4	68509442	68618391	0	0	0
c453dc5a-3f40-57a4-953d-ad09821ecaf8	chr4	68620122	118890962	4	4	0
c453dc5a-3f40-57a4-953d-ad09821ecaf8	chr4	118891042	118913326	2	2	0
c453dc5a-3f40-57a4-953d-ad09821ecaf8	chr4	118917397	119014472	4	4	0
c453dc5a-3f40-57a4-953d-ad09821ecaf8	chr4	119016187	119034921	2	2	0
c453dc5a-3f40-57a4-953d-ad09821ecaf8	chr4	119034934	119319983	4	4	0
c453dc5a-3f40-57a4-953d-ad09821ecaf8	chr4	119320069	119337052	1	1	0
c453dc5a-3f40-57a4-953d-ad09821ecaf8	chr4	119339630	119474976	5	5	0
c453dc5a-3f40-57a4-953d-ad09821ecaf8	chr4	119477680	178790114	4	4	0
c453dc5a-3f40-57a4-953d-ad09821ecaf8	chr4	178791394	180293375	0	0	0
c453dc5a-3f40-57a4-953d-ad09821ecaf8	chr4	180294502	187333335	1	1	0
c453dc5a-3f40-57a4-953d-ad09821ecaf8	chr4	187341777	190106768	4	4	0
c453dc5a-3f40-57a4-953d-ad09821ecaf8	chr5	15532	1908866	3	2	1
c453dc5a-3f40-57a4-953d-ad09821ecaf8	chr5	1908908	5304917	3	3	0
c453dc5a-3f40-57a4-953d-ad09821ecaf8	chr5	5307126	5936457	4	3	1
c453dc5a-3f40-57a4-953d-ad09821ecaf8	chr5	5936555	45731490	4	2	2
c453dc5a-3f40-57a4-953d-ad09821ecaf8	chr5	45734981	68907182	4	4	0
c453dc5a-3f40-57a4-953d-ad09821ecaf8	chr5	68907725	130765715	3	2	1
c453dc5a-3f40-57a4-953d-ad09821ecaf8	chr5	130770986	131619588	3	3	0
c453dc5a-3f40-57a4-953d-ad09821ecaf8	chr5	131619669	181363319	3	2	1
c453dc5a-3f40-57a4-953d-ad09821ecaf8	chr6	149661	16671653	7	5	2
c453dc5a-3f40-57a4-953d-ad09821ecaf8	chr6	16672529	23193530	8	8	0
c453dc5a-3f40-57a4-953d-ad09821ecaf8	chr6	23195507	39270014	8	6	2
c453dc5a-3f40-57a4-953d-ad09821ecaf8	chr6	39270502	39305650	12	8	4
c453dc5a-3f40-57a4-953d-ad09821ecaf8	chr6	39305831	41796124	9	7	2
c453dc5a-3f40-57a4-953d-ad09821ecaf8	chr6	41798776	42722776	7	5	2
c453dc5a-3f40-57a4-953d-ad09821ecaf8	chr6	42723539	44675995	9	7	2
c453dc5a-3f40-57a4-953d-ad09821ecaf8	chr6	44677999	60358041	9	9	0
c453dc5a-3f40-57a4-953d-ad09821ecaf8	chr6	60358475	103286954	6	6	0
c453dc5a-3f40-57a4-953d-ad09821ecaf8	chr6	103290101	103320921	0	0	0
c453dc5a-3f40-57a4-953d-ad09821ecaf8	chr6	103322942	104678092	6	6	0
c453dc5a-3f40-57a4-953d-ad09821ecaf8	chr6	104678242	143788395	5	5	0
c453dc5a-3f40-57a4-953d-ad09821ecaf8	chr6	143789805	146658453	5	3	2
c453dc5a-3f40-57a4-953d-ad09821ecaf8	chr6	146660111	146678992	7	5	2
c453dc5a-3f40-57a4-953d-ad09821ecaf8	chr6	146679077	146881954	5	3	2
c453dc5a-3f40-57a4-953d-ad09821ecaf8	chr6	146882175	148258547	6	3	3
c453dc5a-3f40-57a4-953d-ad09821ecaf8	chr6	148258650	158585972	5	5	0
c453dc5a-3f40-57a4-953d-ad09821ecaf8	chr6	158587319	161745481	5	3	2
c453dc5a-3f40-57a4-953d-ad09821ecaf8	chr6	161747474	161751059	11	6	5
c453dc5a-3f40-57a4-953d-ad09821ecaf8	chr6	161753486	165334659	6	3	3
c453dc5a-3f40-57a4-953d-ad09821ecaf8	chr6	165335931	166617132	5	5	0
c453dc5a-3f40-57a4-953d-ad09821ecaf8	chr6	166617803	170394284	5	3	2
c453dc5a-3f40-57a4-953d-ad09821ecaf8	chr6	170394358	170741917	6	5	1
c453dc5a-3f40-57a4-953d-ad09821ecaf8	chr7	43259	46811326	5	4	1
c453dc5a-3f40-57a4-953d-ad09821ecaf8	chr7	46811434	46842602	8	6	2
c453dc5a-3f40-57a4-953d-ad09821ecaf8	chr7	46845015	64830753	5	4	1
c453dc5a-3f40-57a4-953d-ad09821ecaf8	chr7	64830889	79255934	3	3	0
c453dc5a-3f40-57a4-953d-ad09821ecaf8	chr7	79256036	83904041	4	4	0
c453dc5a-3f40-57a4-953d-ad09821ecaf8	chr7	83904160	106224771	3	3	0
c453dc5a-3f40-57a4-953d-ad09821ecaf8	chr7	106225161	106238140	1	1	0
c453dc5a-3f40-57a4-953d-ad09821ecaf8	chr7	106238615	125270309	3	3	0
c453dc5a-3f40-57a4-953d-ad09821ecaf8	chr7	125277987	159334314	4	3	1
c453dc5a-3f40-57a4-953d-ad09821ecaf8	chr8	81254	284005	8	7	1
c453dc5a-3f40-57a4-953d-ad09821ecaf8	chr8	284757	2193931	7	4	3
c453dc5a-3f40-57a4-953d-ad09821ecaf8	chr8	2194580	5690464	4	4	0
c453dc5a-3f40-57a4-953d-ad09821ecaf8	chr8	5690707	32087270	3	3	0
c453dc5a-3f40-57a4-953d-ad09821ecaf8	chr8	32088402	39651984	4	4	0
c453dc5a-3f40-57a4-953d-ad09821ecaf8	chr8	39652872	51419121	7	4	3
c453dc5a-3f40-57a4-953d-ad09821ecaf8	chr8	51422729	52011566	7	6	1
c453dc5a-3f40-57a4-953d-ad09821ecaf8	chr8	52013921	88340085	7	4	3
c453dc5a-3f40-57a4-953d-ad09821ecaf8	chr8	88340182	99965548	6	3	3
c453dc5a-3f40-57a4-953d-ad09821ecaf8	chr8	99966624	101664014	5	4	1
c453dc5a-3f40-57a4-953d-ad09821ecaf8	chr8	101665577	103422701	5	3	2
c453dc5a-3f40-57a4-953d-ad09821ecaf8	chr8	103423309	105069626	6	4	2
c453dc5a-3f40-57a4-953d-ad09821ecaf8	chr8	105081781	105105855	1	1	0
c453dc5a-3f40-57a4-953d-ad09821ecaf8	chr8	105106036	105122123	3	3	0
c453dc5a-3f40-57a4-953d-ad09821ecaf8	chr8	105123239	106283108	7	5	2
c453dc5a-3f40-57a4-953d-ad09821ecaf8	chr8	106284650	114528281	8	4	4
c453dc5a-3f40-57a4-953d-ad09821ecaf8	chr8	114529210	114565470	12	6	6
c453dc5a-3f40-57a4-953d-ad09821ecaf8	chr8	114566078	133670699	8	4	4
c453dc5a-3f40-57a4-953d-ad09821ecaf8	chr8	133674916	134200511	7	5	2
c453dc5a-3f40-57a4-953d-ad09821ecaf8	chr8	134201641	138723274	8	4	4
c453dc5a-3f40-57a4-953d-ad09821ecaf8	chr8	138725054	139140929	7	5	2
c453dc5a-3f40-57a4-953d-ad09821ecaf8	chr8	139141104	140048624	7	4	3
c453dc5a-3f40-57a4-953d-ad09821ecaf8	chr8	140049317	145072769	6	3	3
c453dc5a-3f40-57a4-953d-ad09821ecaf8	chr9	46587	7379273	3	3	0
c453dc5a-3f40-57a4-953d-ad09821ecaf8	chr9	7379571	27258066	4	4	0
c453dc5a-3f40-57a4-953d-ad09821ecaf8	chr9	27258187	27264217	1	1	0
c453dc5a-3f40-57a4-953d-ad09821ecaf8	chr9	27264360	41741113	4	4	0
c453dc5a-3f40-57a4-953d-ad09821ecaf8	chr9	60863881	138200944	3	3	0
c453dc5a-3f40-57a4-953d-ad09821ecaf8	chr10	45792	767486	1	1	0
c453dc5a-3f40-57a4-953d-ad09821ecaf8	chr10	767771	27424928	4	2	2
c453dc5a-3f40-57a4-953d-ad09821ecaf8	chr10	27425319	28097196	4	3	1
c453dc5a-3f40-57a4-953d-ad09821ecaf8	chr10	28099367	61830678	4	2	2
c453dc5a-3f40-57a4-953d-ad09821ecaf8	chr10	61831032	61846559	7	4	3
c453dc5a-3f40-57a4-953d-ad09821ecaf8	chr10	61846733	76975035	4	2	2
c453dc5a-3f40-57a4-953d-ad09821ecaf8	chr10	76975230	77244380	5	4	1
c453dc5a-3f40-57a4-953d-ad09821ecaf8	chr10	77245229	104181044	4	2	2
c453dc5a-3f40-57a4-953d-ad09821ecaf8	chr10	104181286	104790969	4	3	1
c453dc5a-3f40-57a4-953d-ad09821ecaf8	chr10	104792882	117930972	4	2	2
c453dc5a-3f40-57a4-953d-ad09821ecaf8	chr10	117931521	118272440	4	3	1
c453dc5a-3f40-57a4-953d-ad09821ecaf8	chr10	118272904	133654968	4	2	2
c453dc5a-3f40-57a4-953d-ad09821ecaf8	chr11	198510	4949013	3	3	0
c453dc5a-3f40-57a4-953d-ad09821ecaf8	chr11	4949047	4955042	0	0	0
c453dc5a-3f40-57a4-953d-ad09821ecaf8	chr11	4955781	5232681	3	3	0
c453dc5a-3f40-57a4-953d-ad09821ecaf8	chr11	5234048	20934389	4	4	0
c453dc5a-3f40-57a4-953d-ad09821ecaf8	chr11	20935719	21318881	0	0	0
c453dc5a-3f40-57a4-953d-ad09821ecaf8	chr11	21321205	30073401	4	4	0
c453dc5a-3f40-57a4-953d-ad09821ecaf8	chr11	30073622	35877607	3	3	0
c453dc5a-3f40-57a4-953d-ad09821ecaf8	chr11	35878772	35907211	1	1	0
c453dc5a-3f40-57a4-953d-ad09821ecaf8	chr11	35907229	55662497	4	4	0
c453dc5a-3f40-57a4-953d-ad09821ecaf8	chr11	55663588	55674842	0	0	0
c453dc5a-3f40-57a4-953d-ad09821ecaf8	chr11	55676735	135074876	3	3	0
c453dc5a-3f40-57a4-953d-ad09821ecaf8	chr12	51460	6702591	2	2	0
c453dc5a-3f40-57a4-953d-ad09821ecaf8	chr12	6703904	34174999	3	2	1
c453dc5a-3f40-57a4-953d-ad09821ecaf8	chr12	34175632	38342001	5	3	2
c453dc5a-3f40-57a4-953d-ad09821ecaf8	chr12	38342923	89505925	4	2	2
c453dc5a-3f40-57a4-953d-ad09821ecaf8	chr12	89506075	114731674	3	2	1
c453dc5a-3f40-57a4-953d-ad09821ecaf8	chr12	114732222	115813431	4	2	2
c453dc5a-3f40-57a4-953d-ad09821ecaf8	chr12	115813838	132206323	3	2	1
c453dc5a-3f40-57a4-953d-ad09821ecaf8	chr12	132208942	133201603	2	2	0
c453dc5a-3f40-57a4-953d-ad09821ecaf8	chr13	18452809	26888886	5	3	2
c453dc5a-3f40-57a4-953d-ad09821ecaf8	chr13	26891941	32296306	5	5	0
c453dc5a-3f40-57a4-953d-ad09821ecaf8	chr13	32299016	55009516	5	3	2
c453dc5a-3f40-57a4-953d-ad09821ecaf8	chr13	55010088	57390019	5	4	1
c453dc5a-3f40-57a4-953d-ad09821ecaf8	chr13	57390146	91482941	5	3	2
c453dc5a-3f40-57a4-953d-ad09821ecaf8	chr13	91483091	108441380	5	5	0
c453dc5a-3f40-57a4-953d-ad09821ecaf8	chr13	108445025	113558839	4	2	2
c453dc5a-3f40-57a4-953d-ad09821ecaf8	chr13	113559293	114342922	4	4	0
c453dc5a-3f40-57a4-953d-ad09821ecaf8	chr14	18239283	23495935	5	3	2
c453dc5a-3f40-57a4-953d-ad09821ecaf8	chr14	23496308	89357063	7	5	2
c453dc5a-3f40-57a4-953d-ad09821ecaf8	chr14	89357848	96032194	6	4	2
c453dc5a-3f40-57a4-953d-ad09821ecaf8	chr14	96033125	99555787	7	5	2
c453dc5a-3f40-57a4-953d-ad09821ecaf8	chr14	99555861	102658722	6	3	3
c453dc5a-3f40-57a4-953d-ad09821ecaf8	chr14	102658742	105758187	4	4	0
c453dc5a-3f40-57a4-953d-ad09821ecaf8	chr14	105779965	106370181	12	12	0
c453dc5a-3f40-57a4-953d-ad09821ecaf8	chr14	106370708	106877229	5	5	0
c453dc5a-3f40-57a4-953d-ad09821ecaf8	chr15	19811075	79374639	3	3	0
c453dc5a-3f40-57a4-953d-ad09821ecaf8	chr15	79376001	79436132	7	7	0
c453dc5a-3f40-57a4-953d-ad09821ecaf8	chr15	79436545	80208114	3	3	0
c453dc5a-3f40-57a4-953d-ad09821ecaf8	chr15	80208693	99501428	7	7	0
c453dc5a-3f40-57a4-953d-ad09821ecaf8	chr15	99505647	101928837	3	3	0
c453dc5a-3f40-57a4-953d-ad09821ecaf8	chr16	10777	5494443	3	3	0
c453dc5a-3f40-57a4-953d-ad09821ecaf8	chr16	5494521	8470364	5	4	1
c453dc5a-3f40-57a4-953d-ad09821ecaf8	chr16	8470577	31710964	4	3	1
c453dc5a-3f40-57a4-953d-ad09821ecaf8	chr16	31711093	31848396	1	1	0
c453dc5a-3f40-57a4-953d-ad09821ecaf8	chr16	31849078	56029939	5	4	1
c453dc5a-3f40-57a4-953d-ad09821ecaf8	chr16	56030805	58249198	4	3	1
c453dc5a-3f40-57a4-953d-ad09821ecaf8	chr16	58249377	77442891	5	4	1
c453dc5a-3f40-57a4-953d-ad09821ecaf8	chr16	77444585	78373556	9	8	1
c453dc5a-3f40-57a4-953d-ad09821ecaf8	chr16	78373670	83854111	5	4	1
c453dc5a-3f40-57a4-953d-ad09821ecaf8	chr16	83854632	83862794	1	1	0
c453dc5a-3f40-57a4-953d-ad09821ecaf8	chr16	83863669	88096795	4	3	1
c453dc5a-3f40-57a4-953d-ad09821ecaf8	chr16	88099062	89937925	3	3	0
c453dc5a-3f40-57a4-953d-ad09821ecaf8	chr16	89942654	90096867	1	1	0
c453dc5a-3f40-57a4-953d-ad09821ecaf8	chr17	150733	775251	4	4	0
c453dc5a-3f40-57a4-953d-ad09821ecaf8	chr17	779861	3884181	4	2	2
c453dc5a-3f40-57a4-953d-ad09821ecaf8	chr17	3886723	7298362	5	3	2
c453dc5a-3f40-57a4-953d-ad09821ecaf8	chr17	7298434	7658002	2	2	0
c453dc5a-3f40-57a4-953d-ad09821ecaf8	chr17	7671297	7937361	1	1	0
c453dc5a-3f40-57a4-953d-ad09821ecaf8	chr17	7937477	13942220	5	3	2
c453dc5a-3f40-57a4-953d-ad09821ecaf8	chr17	13942432	27226847	4	2	2
c453dc5a-3f40-57a4-953d-ad09821ecaf8	chr17	27229752	31801942	3	2	1
c453dc5a-3f40-57a4-953d-ad09821ecaf8	chr17	31805596	32270224	3	3	0
c453dc5a-3f40-57a4-953d-ad09821ecaf8	chr17	32271124	37053574	3	2	1
c453dc5a-3f40-57a4-953d-ad09821ecaf8	chr17	37058697	37640534	3	3	0
c453dc5a-3f40-57a4-953d-ad09821ecaf8	chr17	37640578	49134198	3	2	1
c453dc5a-3f40-57a4-953d-ad09821ecaf8	chr17	49134296	54577649	6	4	2
c453dc5a-3f40-57a4-953d-ad09821ecaf8	chr17	54577985	57482841	7	5	2
c453dc5a-3f40-57a4-953d-ad09821ecaf8	chr17	57483169	57637131	4	3	1
c453dc5a-3f40-57a4-953d-ad09821ecaf8	chr17	57637352	72225106	7	5	2
c453dc5a-3f40-57a4-953d-ad09821ecaf8	chr17	72225590	75380600	6	4	2
c453dc5a-3f40-57a4-953d-ad09821ecaf8	chr17	75382694	78025314	6	5	1
c453dc5a-3f40-57a4-953d-ad09821ecaf8	chr17	78025366	82903330	5	3	2
c453dc5a-3f40-57a4-953d-ad09821ecaf8	chr17	82905981	83091923	2	1	1
c453dc5a-3f40-57a4-953d-ad09821ecaf8	chr18	48133	5711347	3	2	1
c453dc5a-3f40-57a4-953d-ad09821ecaf8	chr18	5711989	23915297	4	2	2
c453dc5a-3f40-57a4-953d-ad09821ecaf8	chr18	23915519	24497165	5	4	1
c453dc5a-3f40-57a4-953d-ad09821ecaf8	chr18	24500418	25434737	7	4	3
c453dc5a-3f40-57a4-953d-ad09821ecaf8	chr18	25435408	37618910	7	5	2
c453dc5a-3f40-57a4-953d-ad09821ecaf8	chr18	37618953	42471713	3	2	1
c453dc5a-3f40-57a4-953d-ad09821ecaf8	chr18	42476604	42477802	0	0	0
c453dc5a-3f40-57a4-953d-ad09821ecaf8	chr18	42478430	61826101	3	2	1
c453dc5a-3f40-57a4-953d-ad09821ecaf8	chr18	61826836	76580329	3	3	0
c453dc5a-3f40-57a4-953d-ad09821ecaf8	chr18	76580564	80257174	3	2	1
c453dc5a-3f40-57a4-953d-ad09821ecaf8	chr19	90910	19720119	3	3	0
c453dc5a-3f40-57a4-953d-ad09821ecaf8	chr19	19720735	27858663	4	4	0
c453dc5a-3f40-57a4-953d-ad09821ecaf8	chr19	27858748	58586487	3	3	0
c453dc5a-3f40-57a4-953d-ad09821ecaf8	chr20	80664	30305953	4	3	1
c453dc5a-3f40-57a4-953d-ad09821ecaf8	chr20	30317535	33155516	7	6	1
c453dc5a-3f40-57a4-953d-ad09821ecaf8	chr20	33156664	48348412	9	8	1
c453dc5a-3f40-57a4-953d-ad09821ecaf8	chr20	48348558	64324800	5	4	1
c453dc5a-3f40-57a4-953d-ad09821ecaf8	chr21	12973348	15408817	3	3	0
c453dc5a-3f40-57a4-953d-ad09821ecaf8	chr21	15417775	32050012	4	4	0
c453dc5a-3f40-57a4-953d-ad09821ecaf8	chr21	32050728	46677045	3	3	0
c453dc5a-3f40-57a4-953d-ad09821ecaf8	chr22	16392123	25803882	4	2	2
c453dc5a-3f40-57a4-953d-ad09821ecaf8	chr22	25805205	35059921	5	4	1
c453dc5a-3f40-57a4-953d-ad09821ecaf8	chr22	35060310	50796027	5	3	2
c453dc5a-3f40-57a4-953d-ad09821ecaf8	chrX	251810	2649506	5	3	2
c453dc5a-3f40-57a4-953d-ad09821ecaf8	chrX	2649606	2785914	4	2	2
c453dc5a-3f40-57a4-953d-ad09821ecaf8	chrX	2788903	155618417	0	0	0
c453dc5a-3f40-57a4-953d-ad09821ecaf8	chrX	155619573	156004181	1	1	0
c453dc5a-3f40-57a4-953d-ad09821ecaf8	chrY	2782397	6795040	7	6	1
c453dc5a-3f40-57a4-953d-ad09821ecaf8	chrY	6799283	9367540	6	6	0
c453dc5a-3f40-57a4-953d-ad09821ecaf8	chrY	9468877	26653788	1	1	0
c453dc5a-3f40-57a4-953d-ad09821ecaf8	chrY	56872112	56872112	8	8	0
