GDC_Aliquot	Chromosome	Start	End	Copy_Number	Major_Copy_Number	Minor_Copy_Number
09458d50-bcff-5763-8c45-248173385f91	chr1	62920	70154974	4	2	2
09458d50-bcff-5763-8c45-248173385f91	chr1	70159920	70392085	2	1	1
09458d50-bcff-5763-8c45-248173385f91	chr1	70398053	96648175	4	2	2
09458d50-bcff-5763-8c45-248173385f91	chr1	96648359	96775048	1	1	0
09458d50-bcff-5763-8c45-248173385f91	chr1	96777357	162278234	4	2	2
09458d50-bcff-5763-8c45-248173385f91	chr1	162278288	162289901	7	4	3
09458d50-bcff-5763-8c45-248173385f91	chr1	162290683	243583491	4	2	2
09458d50-bcff-5763-8c45-248173385f91	chr1	243586433	248930189	2	2	0
09458d50-bcff-5763-8c45-248173385f91	chr2	12784	4158097	2	2	0
09458d50-bcff-5763-8c45-248173385f91	chr2	4166274	4175577	0	0	0
09458d50-bcff-5763-8c45-248173385f91	chr2	4175922	53021192	2	2	0
09458d50-bcff-5763-8c45-248173385f91	chr2	53023097	53112902	3	3	0
09458d50-bcff-5763-8c45-248173385f91	chr2	53114168	64488273	2	2	0
09458d50-bcff-5763-8c45-248173385f91	chr2	64488490	88831554	4	2	2
09458d50-bcff-5763-8c45-248173385f91	chr2	88833611	89118119	12	12	0
09458d50-bcff-5763-8c45-248173385f91	chr2	89119438	132417191	4	2	2
09458d50-bcff-5763-8c45-248173385f91	chr2	132418299	132432925	6	3	3
09458d50-bcff-5763-8c45-248173385f91	chr2	132433384	242147305	4	2	2
09458d50-bcff-5763-8c45-248173385f91	chr3	20930	77937545	2	2	0
09458d50-bcff-5763-8c45-248173385f91	chr3	77937901	77970507	1	1	0
09458d50-bcff-5763-8c45-248173385f91	chr3	77970597	90368798	2	2	0
09458d50-bcff-5763-8c45-248173385f91	chr3	90369509	116918089	4	2	2
09458d50-bcff-5763-8c45-248173385f91	chr3	116918120	162795304	6	4	2
09458d50-bcff-5763-8c45-248173385f91	chr3	162795361	162908207	1	1	0
09458d50-bcff-5763-8c45-248173385f91	chr3	162908784	198169247	6	4	2
09458d50-bcff-5763-8c45-248173385f91	chr4	68929	15503359	2	2	0
09458d50-bcff-5763-8c45-248173385f91	chr4	15506035	16497335	3	2	1
09458d50-bcff-5763-8c45-248173385f91	chr4	16497575	17986793	2	2	0
09458d50-bcff-5763-8c45-248173385f91	chr4	17993110	18127047	3	2	1
09458d50-bcff-5763-8c45-248173385f91	chr4	18128100	19593692	2	2	0
09458d50-bcff-5763-8c45-248173385f91	chr4	19595156	20498494	3	2	1
09458d50-bcff-5763-8c45-248173385f91	chr4	20499792	21034705	5	3	2
09458d50-bcff-5763-8c45-248173385f91	chr4	21040251	22463474	3	2	1
09458d50-bcff-5763-8c45-248173385f91	chr4	22464368	24024575	5	3	2
09458d50-bcff-5763-8c45-248173385f91	chr4	24024733	27083999	3	2	1
09458d50-bcff-5763-8c45-248173385f91	chr4	27085555	27736755	8	6	2
09458d50-bcff-5763-8c45-248173385f91	chr4	27737342	28386596	6	3	3
09458d50-bcff-5763-8c45-248173385f91	chr4	28398497	28620940	3	2	1
09458d50-bcff-5763-8c45-248173385f91	chr4	28624783	35484112	2	2	0
09458d50-bcff-5763-8c45-248173385f91	chr4	35484333	36020671	4	2	2
09458d50-bcff-5763-8c45-248173385f91	chr4	36020738	36663667	5	3	2
09458d50-bcff-5763-8c45-248173385f91	chr4	36666808	37647670	3	2	1
09458d50-bcff-5763-8c45-248173385f91	chr4	37647711	39988834	5	3	2
09458d50-bcff-5763-8c45-248173385f91	chr4	39993535	40404675	6	4	2
09458d50-bcff-5763-8c45-248173385f91	chr4	40406447	40946757	5	3	2
09458d50-bcff-5763-8c45-248173385f91	chr4	40950344	42271325	3	2	1
09458d50-bcff-5763-8c45-248173385f91	chr4	42274566	45611652	4	2	2
09458d50-bcff-5763-8c45-248173385f91	chr4	45612015	47135459	3	2	1
09458d50-bcff-5763-8c45-248173385f91	chr4	47135658	49083136	4	2	2
09458d50-bcff-5763-8c45-248173385f91	chr4	49086623	60901835	3	2	1
09458d50-bcff-5763-8c45-248173385f91	chr4	60902228	64145435	4	2	2
09458d50-bcff-5763-8c45-248173385f91	chr4	64148175	153821103	3	2	1
09458d50-bcff-5763-8c45-248173385f91	chr4	153822039	153825454	2	1	1
09458d50-bcff-5763-8c45-248173385f91	chr4	153825654	184014682	3	2	1
09458d50-bcff-5763-8c45-248173385f91	chr4	184014983	184034322	2	1	1
09458d50-bcff-5763-8c45-248173385f91	chr4	184034700	188611346	3	2	1
09458d50-bcff-5763-8c45-248173385f91	chr4	188611458	190106768	2	2	0
09458d50-bcff-5763-8c45-248173385f91	chr5	15532	46389171	4	2	2
09458d50-bcff-5763-8c45-248173385f91	chr5	50146124	156888651	2	2	0
09458d50-bcff-5763-8c45-248173385f91	chr5	156889785	181363319	4	2	2
09458d50-bcff-5763-8c45-248173385f91	chr6	149661	18815777	4	2	2
09458d50-bcff-5763-8c45-248173385f91	chr6	18815796	18830992	6	3	3
09458d50-bcff-5763-8c45-248173385f91	chr6	18831207	24005142	5	3	2
09458d50-bcff-5763-8c45-248173385f91	chr6	24009031	103286954	4	2	2
09458d50-bcff-5763-8c45-248173385f91	chr6	103290101	103314186	10	10	0
09458d50-bcff-5763-8c45-248173385f91	chr6	103317795	157565304	4	2	2
09458d50-bcff-5763-8c45-248173385f91	chr6	157565486	157620251	6	3	3
09458d50-bcff-5763-8c45-248173385f91	chr6	157620479	162121052	4	2	2
09458d50-bcff-5763-8c45-248173385f91	chr6	162121447	162384230	1	1	0
09458d50-bcff-5763-8c45-248173385f91	chr6	162384723	170741917	4	2	2
09458d50-bcff-5763-8c45-248173385f91	chr7	43259	10515654	4	2	2
09458d50-bcff-5763-8c45-248173385f91	chr7	10516737	10538070	3	2	1
09458d50-bcff-5763-8c45-248173385f91	chr7	10539800	65891976	4	2	2
09458d50-bcff-5763-8c45-248173385f91	chr7	65896711	66303070	3	2	1
09458d50-bcff-5763-8c45-248173385f91	chr7	66303542	67607546	6	4	2
09458d50-bcff-5763-8c45-248173385f91	chr7	67611866	68162586	4	2	2
09458d50-bcff-5763-8c45-248173385f91	chr7	68163128	68477082	5	3	2
09458d50-bcff-5763-8c45-248173385f91	chr7	68481537	69827169	4	2	2
09458d50-bcff-5763-8c45-248173385f91	chr7	69827914	70692896	6	4	2
09458d50-bcff-5763-8c45-248173385f91	chr7	70697928	76193621	4	2	2
09458d50-bcff-5763-8c45-248173385f91	chr7	76198934	78196305	8	6	2
09458d50-bcff-5763-8c45-248173385f91	chr7	78196335	79030968	6	4	2
09458d50-bcff-5763-8c45-248173385f91	chr7	79036192	81874727	4	2	2
09458d50-bcff-5763-8c45-248173385f91	chr7	81885176	82346219	2	2	0
09458d50-bcff-5763-8c45-248173385f91	chr7	82346285	86249926	3	2	1
09458d50-bcff-5763-8c45-248173385f91	chr7	86250187	159334314	2	2	0
09458d50-bcff-5763-8c45-248173385f91	chr8	81254	14586141	2	1	1
09458d50-bcff-5763-8c45-248173385f91	chr8	14587192	15252075	1	1	0
09458d50-bcff-5763-8c45-248173385f91	chr8	15252270	15261119	2	2	0
09458d50-bcff-5763-8c45-248173385f91	chr8	15262041	17383822	1	1	0
09458d50-bcff-5763-8c45-248173385f91	chr8	17384000	20233852	2	2	0
09458d50-bcff-5763-8c45-248173385f91	chr8	20235632	21222641	1	1	0
09458d50-bcff-5763-8c45-248173385f91	chr8	21227692	22503977	2	2	0
09458d50-bcff-5763-8c45-248173385f91	chr8	22506149	22895285	1	1	0
09458d50-bcff-5763-8c45-248173385f91	chr8	22899594	23242670	3	3	0
09458d50-bcff-5763-8c45-248173385f91	chr8	23246360	23855937	5	5	0
09458d50-bcff-5763-8c45-248173385f91	chr8	23858399	24456529	7	7	0
09458d50-bcff-5763-8c45-248173385f91	chr8	24459583	25669131	1	1	0
09458d50-bcff-5763-8c45-248173385f91	chr8	25669820	26110930	3	3	0
09458d50-bcff-5763-8c45-248173385f91	chr8	26111161	26456220	2	2	0
09458d50-bcff-5763-8c45-248173385f91	chr8	26456316	27617976	1	1	0
09458d50-bcff-5763-8c45-248173385f91	chr8	27619298	28591771	2	2	0
09458d50-bcff-5763-8c45-248173385f91	chr8	28594915	29178842	3	3	0
09458d50-bcff-5763-8c45-248173385f91	chr8	29188773	29767752	2	2	0
09458d50-bcff-5763-8c45-248173385f91	chr8	29768587	30415587	1	1	0
09458d50-bcff-5763-8c45-248173385f91	chr8	30417621	33743848	2	2	0
09458d50-bcff-5763-8c45-248173385f91	chr8	33744081	35480169	1	1	0
09458d50-bcff-5763-8c45-248173385f91	chr8	35481589	35492188	2	2	0
09458d50-bcff-5763-8c45-248173385f91	chr8	35497402	36476117	5	4	1
09458d50-bcff-5763-8c45-248173385f91	chr8	36476648	37093283	8	4	4
09458d50-bcff-5763-8c45-248173385f91	chr8	37094396	37834582	6	4	2
09458d50-bcff-5763-8c45-248173385f91	chr8	37844412	40510774	4	2	2
09458d50-bcff-5763-8c45-248173385f91	chr8	40511286	40988389	2	2	0
09458d50-bcff-5763-8c45-248173385f91	chr8	40988643	41172906	3	3	0
09458d50-bcff-5763-8c45-248173385f91	chr8	41173429	42491712	2	2	0
09458d50-bcff-5763-8c45-248173385f91	chr8	42496200	46015465	3	3	0
09458d50-bcff-5763-8c45-248173385f91	chr8	46019151	68506911	4	2	2
09458d50-bcff-5763-8c45-248173385f91	chr8	68506929	68861227	5	3	2
09458d50-bcff-5763-8c45-248173385f91	chr8	68864485	70961484	4	2	2
09458d50-bcff-5763-8c45-248173385f91	chr8	70962946	72047300	5	3	2
09458d50-bcff-5763-8c45-248173385f91	chr8	72048287	77612325	4	2	2
09458d50-bcff-5763-8c45-248173385f91	chr8	77619135	145072769	5	3	2
09458d50-bcff-5763-8c45-248173385f91	chr9	46587	3125664	5	3	2
09458d50-bcff-5763-8c45-248173385f91	chr9	3125843	3139301	3	2	1
09458d50-bcff-5763-8c45-248173385f91	chr9	3139596	32886066	5	3	2
09458d50-bcff-5763-8c45-248173385f91	chr9	32886641	32898594	3	2	1
09458d50-bcff-5763-8c45-248173385f91	chr9	32898765	41741113	5	3	2
09458d50-bcff-5763-8c45-248173385f91	chr9	60863881	128614886	3	2	1
09458d50-bcff-5763-8c45-248173385f91	chr9	128615378	138200944	2	1	1
09458d50-bcff-5763-8c45-248173385f91	chr10	45792	51842430	4	2	2
09458d50-bcff-5763-8c45-248173385f91	chr10	51845637	52150761	3	2	1
09458d50-bcff-5763-8c45-248173385f91	chr10	52150868	133654968	4	2	2
09458d50-bcff-5763-8c45-248173385f91	chr11	198510	112731217	3	2	1
09458d50-bcff-5763-8c45-248173385f91	chr11	112732201	112809410	4	3	1
09458d50-bcff-5763-8c45-248173385f91	chr11	112813933	135074876	3	2	1
09458d50-bcff-5763-8c45-248173385f91	chr12	51460	9477960	3	2	1
09458d50-bcff-5763-8c45-248173385f91	chr12	9481274	9582374	0	0	0
09458d50-bcff-5763-8c45-248173385f91	chr12	9583090	133201603	3	2	1
09458d50-bcff-5763-8c45-248173385f91	chr13	18452809	21581642	3	2	1
09458d50-bcff-5763-8c45-248173385f91	chr13	21581764	21968919	4	2	2
09458d50-bcff-5763-8c45-248173385f91	chr13	21973739	21992012	3	2	1
09458d50-bcff-5763-8c45-248173385f91	chr13	21996019	23424611	2	2	0
09458d50-bcff-5763-8c45-248173385f91	chr13	23424997	23654875	9	7	2
09458d50-bcff-5763-8c45-248173385f91	chr13	23655019	33122684	2	2	0
09458d50-bcff-5763-8c45-248173385f91	chr13	33124871	33142864	4	3	1
09458d50-bcff-5763-8c45-248173385f91	chr13	33144952	35363665	2	2	0
09458d50-bcff-5763-8c45-248173385f91	chr13	35364119	35651027	3	2	1
09458d50-bcff-5763-8c45-248173385f91	chr13	35653631	35863607	2	2	0
09458d50-bcff-5763-8c45-248173385f91	chr13	35865912	36609761	4	2	2
09458d50-bcff-5763-8c45-248173385f91	chr13	36610927	37785315	3	2	1
09458d50-bcff-5763-8c45-248173385f91	chr13	37786591	38272500	2	2	0
09458d50-bcff-5763-8c45-248173385f91	chr13	38273881	38755635	4	2	2
09458d50-bcff-5763-8c45-248173385f91	chr13	38761844	40349251	6	4	2
09458d50-bcff-5763-8c45-248173385f91	chr13	40350391	41219619	4	2	2
09458d50-bcff-5763-8c45-248173385f91	chr13	41219696	42888481	2	2	0
09458d50-bcff-5763-8c45-248173385f91	chr13	42889163	45264728	3	3	0
09458d50-bcff-5763-8c45-248173385f91	chr13	45267422	46120399	2	2	0
09458d50-bcff-5763-8c45-248173385f91	chr13	46121215	46135254	4	4	0
09458d50-bcff-5763-8c45-248173385f91	chr13	46136065	47441200	1	1	0
09458d50-bcff-5763-8c45-248173385f91	chr13	47443597	47711812	2	2	0
09458d50-bcff-5763-8c45-248173385f91	chr13	47718710	49978915	1	1	0
09458d50-bcff-5763-8c45-248173385f91	chr13	49982139	50670147	2	2	0
09458d50-bcff-5763-8c45-248173385f91	chr13	50671240	50760877	3	3	0
09458d50-bcff-5763-8c45-248173385f91	chr13	50761288	53305951	2	2	0
09458d50-bcff-5763-8c45-248173385f91	chr13	53306653	53463111	4	2	2
09458d50-bcff-5763-8c45-248173385f91	chr13	53468404	53761828	6	4	2
09458d50-bcff-5763-8c45-248173385f91	chr13	53761898	54196130	2	2	0
09458d50-bcff-5763-8c45-248173385f91	chr13	54200448	54220270	1	1	0
09458d50-bcff-5763-8c45-248173385f91	chr13	54229996	54243637	2	2	0
09458d50-bcff-5763-8c45-248173385f91	chr13	54243652	54625522	1	1	0
09458d50-bcff-5763-8c45-248173385f91	chr13	54625782	54650767	3	2	1
09458d50-bcff-5763-8c45-248173385f91	chr13	54651784	57174890	1	1	0
09458d50-bcff-5763-8c45-248173385f91	chr13	57175038	57277679	3	2	1
09458d50-bcff-5763-8c45-248173385f91	chr13	57282913	58770894	1	1	0
09458d50-bcff-5763-8c45-248173385f91	chr13	58771297	58799936	3	2	1
09458d50-bcff-5763-8c45-248173385f91	chr13	58806646	59997112	1	1	0
09458d50-bcff-5763-8c45-248173385f91	chr13	59997856	71120089	2	2	0
09458d50-bcff-5763-8c45-248173385f91	chr13	71129917	73143008	8	6	2
09458d50-bcff-5763-8c45-248173385f91	chr13	73149376	74098571	6	4	2
09458d50-bcff-5763-8c45-248173385f91	chr13	74098651	75401730	7	5	2
09458d50-bcff-5763-8c45-248173385f91	chr13	75402989	76807294	6	4	2
09458d50-bcff-5763-8c45-248173385f91	chr13	76807523	78077328	7	5	2
09458d50-bcff-5763-8c45-248173385f91	chr13	78077425	79188412	5	3	2
09458d50-bcff-5763-8c45-248173385f91	chr13	79188510	81578445	6	4	2
09458d50-bcff-5763-8c45-248173385f91	chr13	81585555	81893897	5	3	2
09458d50-bcff-5763-8c45-248173385f91	chr13	81894758	85554231	6	4	2
09458d50-bcff-5763-8c45-248173385f91	chr13	85562235	103885101	5	3	2
09458d50-bcff-5763-8c45-248173385f91	chr13	103889351	106514346	7	5	2
09458d50-bcff-5763-8c45-248173385f91	chr13	106516301	114342922	6	4	2
09458d50-bcff-5763-8c45-248173385f91	chr14	18239283	20095681	3	2	1
09458d50-bcff-5763-8c45-248173385f91	chr14	20100541	21195223	9	7	2
09458d50-bcff-5763-8c45-248173385f91	chr14	21197343	22053638	12	10	2
09458d50-bcff-5763-8c45-248173385f91	chr14	22059302	22345088	3	2	1
09458d50-bcff-5763-8c45-248173385f91	chr14	22345751	24096960	17	16	1
09458d50-bcff-5763-8c45-248173385f91	chr14	24099130	24317746	8	6	2
09458d50-bcff-5763-8c45-248173385f91	chr14	24317770	29749213	6	4	2
09458d50-bcff-5763-8c45-248173385f91	chr14	29750293	29878271	3	2	1
09458d50-bcff-5763-8c45-248173385f91	chr14	29879468	34397353	5	3	2
09458d50-bcff-5763-8c45-248173385f91	chr14	34398098	37707041	3	2	1
09458d50-bcff-5763-8c45-248173385f91	chr14	37709574	38471304	6	4	2
09458d50-bcff-5763-8c45-248173385f91	chr14	38474162	39351949	5	3	2
09458d50-bcff-5763-8c45-248173385f91	chr14	39352981	96273537	3	2	1
09458d50-bcff-5763-8c45-248173385f91	chr14	96273745	106877229	4	2	2
09458d50-bcff-5763-8c45-248173385f91	chr15	19811075	26350499	2	1	1
09458d50-bcff-5763-8c45-248173385f91	chr15	26350860	26484789	3	2	1
09458d50-bcff-5763-8c45-248173385f91	chr15	26485370	29418086	2	1	1
09458d50-bcff-5763-8c45-248173385f91	chr15	29422543	31464630	3	2	1
09458d50-bcff-5763-8c45-248173385f91	chr15	31465617	31933181	4	3	1
09458d50-bcff-5763-8c45-248173385f91	chr15	31933274	33096943	3	2	1
09458d50-bcff-5763-8c45-248173385f91	chr15	33097989	35386682	2	1	1
09458d50-bcff-5763-8c45-248173385f91	chr15	35394689	39717342	3	2	1
09458d50-bcff-5763-8c45-248173385f91	chr15	39717538	64753092	2	1	1
09458d50-bcff-5763-8c45-248173385f91	chr15	64762983	73761040	3	2	1
09458d50-bcff-5763-8c45-248173385f91	chr15	73761398	74039044	4	2	2
09458d50-bcff-5763-8c45-248173385f91	chr15	74039318	75317986	5	3	2
09458d50-bcff-5763-8c45-248173385f91	chr15	75337058	82840421	3	2	1
09458d50-bcff-5763-8c45-248173385f91	chr15	82840855	85773339	5	3	2
09458d50-bcff-5763-8c45-248173385f91	chr15	85773629	101928837	3	2	1
09458d50-bcff-5763-8c45-248173385f91	chr16	10777	6438115	3	2	1
09458d50-bcff-5763-8c45-248173385f91	chr16	6439158	7051388	1	1	0
09458d50-bcff-5763-8c45-248173385f91	chr16	7057355	14794738	3	2	1
09458d50-bcff-5763-8c45-248173385f91	chr16	14802340	16498856	4	3	1
09458d50-bcff-5763-8c45-248173385f91	chr16	16534205	36048855	3	2	1
09458d50-bcff-5763-8c45-248173385f91	chr16	46441986	52106130	2	2	0
09458d50-bcff-5763-8c45-248173385f91	chr16	52107029	52139172	1	1	0
09458d50-bcff-5763-8c45-248173385f91	chr16	52140753	53735381	2	2	0
09458d50-bcff-5763-8c45-248173385f91	chr16	53736007	54086472	4	2	2
09458d50-bcff-5763-8c45-248173385f91	chr16	54087471	54211477	2	2	0
09458d50-bcff-5763-8c45-248173385f91	chr16	54214736	55390215	3	2	1
09458d50-bcff-5763-8c45-248173385f91	chr16	55391471	65819089	2	2	0
09458d50-bcff-5763-8c45-248173385f91	chr16	65819735	66147623	3	2	1
09458d50-bcff-5763-8c45-248173385f91	chr16	66148733	66986594	4	2	2
09458d50-bcff-5763-8c45-248173385f91	chr16	66990843	71434048	2	2	0
09458d50-bcff-5763-8c45-248173385f91	chr16	71438801	72708874	3	2	1
09458d50-bcff-5763-8c45-248173385f91	chr16	72718020	73384970	2	2	0
09458d50-bcff-5763-8c45-248173385f91	chr16	73387102	73396557	4	4	0
09458d50-bcff-5763-8c45-248173385f91	chr16	73396561	83854111	2	2	0
09458d50-bcff-5763-8c45-248173385f91	chr16	83854632	83862794	1	1	0
09458d50-bcff-5763-8c45-248173385f91	chr16	83863669	90096867	2	2	0
09458d50-bcff-5763-8c45-248173385f91	chr17	150733	17522695	2	2	0
09458d50-bcff-5763-8c45-248173385f91	chr17	17522887	17928402	4	2	2
09458d50-bcff-5763-8c45-248173385f91	chr17	17929146	18125004	7	5	2
09458d50-bcff-5763-8c45-248173385f91	chr17	18129759	19100750	2	2	0
09458d50-bcff-5763-8c45-248173385f91	chr17	19126843	19545487	3	2	1
09458d50-bcff-5763-8c45-248173385f91	chr17	19550443	21168717	5	3	2
09458d50-bcff-5763-8c45-248173385f91	chr17	21168918	21661661	8	6	2
09458d50-bcff-5763-8c45-248173385f91	chr17	22167265	74665438	4	2	2
09458d50-bcff-5763-8c45-248173385f91	chr17	74666058	83091923	3	2	1
09458d50-bcff-5763-8c45-248173385f91	chr18	48133	4710695	4	2	2
09458d50-bcff-5763-8c45-248173385f91	chr18	4710778	65326200	3	2	1
09458d50-bcff-5763-8c45-248173385f91	chr18	65327682	65363402	5	3	2
09458d50-bcff-5763-8c45-248173385f91	chr18	65363908	80257174	3	2	1
09458d50-bcff-5763-8c45-248173385f91	chr19	90910	1423673	2	2	0
09458d50-bcff-5763-8c45-248173385f91	chr19	1425809	2299390	3	2	1
09458d50-bcff-5763-8c45-248173385f91	chr19	2311781	4211184	7	5	2
09458d50-bcff-5763-8c45-248173385f91	chr19	4212607	6811634	5	3	2
09458d50-bcff-5763-8c45-248173385f91	chr19	6818803	7342337	22	21	1
09458d50-bcff-5763-8c45-248173385f91	chr19	7346095	7663980	7	5	2
09458d50-bcff-5763-8c45-248173385f91	chr19	7665242	8803416	6	4	2
09458d50-bcff-5763-8c45-248173385f91	chr19	8804153	10950750	8	6	2
09458d50-bcff-5763-8c45-248173385f91	chr19	10954492	12557003	5	3	2
09458d50-bcff-5763-8c45-248173385f91	chr19	12557409	13348266	18	16	2
09458d50-bcff-5763-8c45-248173385f91	chr19	13356627	13450682	5	5	0
09458d50-bcff-5763-8c45-248173385f91	chr19	13451636	13460007	13	12	1
09458d50-bcff-5763-8c45-248173385f91	chr19	13460033	13907740	11	10	1
09458d50-bcff-5763-8c45-248173385f91	chr19	13908695	14784303	7	5	2
09458d50-bcff-5763-8c45-248173385f91	chr19	14785405	15057469	12	10	2
09458d50-bcff-5763-8c45-248173385f91	chr19	15059025	15603506	9	7	2
09458d50-bcff-5763-8c45-248173385f91	chr19	15609874	16038370	7	5	2
09458d50-bcff-5763-8c45-248173385f91	chr19	16042006	16699278	6	4	2
09458d50-bcff-5763-8c45-248173385f91	chr19	16702014	17666699	4	2	2
09458d50-bcff-5763-8c45-248173385f91	chr19	17672042	18690989	2	2	0
09458d50-bcff-5763-8c45-248173385f91	chr19	18696613	19008694	4	3	1
09458d50-bcff-5763-8c45-248173385f91	chr19	19011450	27524872	2	2	0
09458d50-bcff-5763-8c45-248173385f91	chr19	27525281	28005941	15	14	1
09458d50-bcff-5763-8c45-248173385f91	chr19	28006184	29870928	4	2	2
09458d50-bcff-5763-8c45-248173385f91	chr19	29875186	31003955	5	3	2
09458d50-bcff-5763-8c45-248173385f91	chr19	31006147	31390751	8	6	2
09458d50-bcff-5763-8c45-248173385f91	chr19	31390962	31651295	6	3	3
09458d50-bcff-5763-8c45-248173385f91	chr19	31653054	33266685	3	2	1
09458d50-bcff-5763-8c45-248173385f91	chr19	33271351	34329416	6	4	2
09458d50-bcff-5763-8c45-248173385f91	chr19	34334139	34909343	8	6	2
09458d50-bcff-5763-8c45-248173385f91	chr19	34910306	35003930	4	2	2
09458d50-bcff-5763-8c45-248173385f91	chr19	35006722	35410458	6	4	2
09458d50-bcff-5763-8c45-248173385f91	chr19	35412804	36139662	9	7	2
09458d50-bcff-5763-8c45-248173385f91	chr19	36144670	58586487	2	2	0
09458d50-bcff-5763-8c45-248173385f91	chr20	80664	20694472	4	2	2
09458d50-bcff-5763-8c45-248173385f91	chr20	20694510	21925805	2	2	0
09458d50-bcff-5763-8c45-248173385f91	chr20	21925857	22000795	6	4	2
09458d50-bcff-5763-8c45-248173385f91	chr20	22003790	22413674	5	3	2
09458d50-bcff-5763-8c45-248173385f91	chr20	22414439	22449933	5	4	1
09458d50-bcff-5763-8c45-248173385f91	chr20	22452749	24486614	2	2	0
09458d50-bcff-5763-8c45-248173385f91	chr20	24487516	24704786	7	5	2
09458d50-bcff-5763-8c45-248173385f91	chr20	24704953	25433137	2	2	0
09458d50-bcff-5763-8c45-248173385f91	chr20	25433783	26324943	2	1	1
09458d50-bcff-5763-8c45-248173385f91	chr20	30185676	42577638	4	2	2
09458d50-bcff-5763-8c45-248173385f91	chr20	42578217	42622167	2	1	1
09458d50-bcff-5763-8c45-248173385f91	chr20	42622724	64324800	4	2	2
09458d50-bcff-5763-8c45-248173385f91	chr21	12973348	16258892	4	2	2
09458d50-bcff-5763-8c45-248173385f91	chr21	16260845	38157150	5	3	2
09458d50-bcff-5763-8c45-248173385f91	chr21	38157843	38732027	4	2	2
09458d50-bcff-5763-8c45-248173385f91	chr21	38732522	46677045	5	3	2
09458d50-bcff-5763-8c45-248173385f91	chr22	16392123	43429433	3	2	1
09458d50-bcff-5763-8c45-248173385f91	chr22	43433976	43452506	5	4	1
09458d50-bcff-5763-8c45-248173385f91	chr22	43455585	50796027	3	2	1
09458d50-bcff-5763-8c45-248173385f91	chrX	251810	2719466	4	2	2
09458d50-bcff-5763-8c45-248173385f91	chrX	2720458	2759819	7	4	3
09458d50-bcff-5763-8c45-248173385f91	chrX	2761052	2785350	4	2	2
09458d50-bcff-5763-8c45-248173385f91	chrX	2785592	65685175	1	1	0
09458d50-bcff-5763-8c45-248173385f91	chrX	65689927	65887430	3	3	0
09458d50-bcff-5763-8c45-248173385f91	chrX	65887740	66022290	4	4	0
09458d50-bcff-5763-8c45-248173385f91	chrX	66022836	155681069	1	1	0
09458d50-bcff-5763-8c45-248173385f91	chrX	155683544	156004181	3	2	1
09458d50-bcff-5763-8c45-248173385f91	chrY	2782397	26653788	3	1	2
09458d50-bcff-5763-8c45-248173385f91	chrY	56872112	56872112	1	1	0
