GDC_Aliquot	Chromosome	Start	End	Copy_Number	Major_Copy_Number	Minor_Copy_Number
48e450a3-d303-5ed0-9c89-2f5d1640ab5d	chr1	62920	2551482	3	2	1
48e450a3-d303-5ed0-9c89-2f5d1640ab5d	chr1	2569899	2850406	2	1	1
48e450a3-d303-5ed0-9c89-2f5d1640ab5d	chr1	2853893	67877140	3	2	1
48e450a3-d303-5ed0-9c89-2f5d1640ab5d	chr1	67877834	84890745	4	2	2
48e450a3-d303-5ed0-9c89-2f5d1640ab5d	chr1	84890763	84933296	5	3	2
48e450a3-d303-5ed0-9c89-2f5d1640ab5d	chr1	84933545	101280478	3	2	1
48e450a3-d303-5ed0-9c89-2f5d1640ab5d	chr1	101280865	105558913	4	2	2
48e450a3-d303-5ed0-9c89-2f5d1640ab5d	chr1	105559327	105726548	1	1	0
48e450a3-d303-5ed0-9c89-2f5d1640ab5d	chr1	105730233	121705338	3	2	1
48e450a3-d303-5ed0-9c89-2f5d1640ab5d	chr1	143541857	147868183	4	3	1
48e450a3-d303-5ed0-9c89-2f5d1640ab5d	chr1	147868602	152583051	3	2	1
48e450a3-d303-5ed0-9c89-2f5d1640ab5d	chr1	152583230	152613762	0	0	0
48e450a3-d303-5ed0-9c89-2f5d1640ab5d	chr1	152613802	152984512	4	3	1
48e450a3-d303-5ed0-9c89-2f5d1640ab5d	chr1	152986629	192612201	2	1	1
48e450a3-d303-5ed0-9c89-2f5d1640ab5d	chr1	192614499	192620372	0	0	0
48e450a3-d303-5ed0-9c89-2f5d1640ab5d	chr1	192626359	199483916	2	1	1
48e450a3-d303-5ed0-9c89-2f5d1640ab5d	chr1	199484585	200176418	4	3	1
48e450a3-d303-5ed0-9c89-2f5d1640ab5d	chr1	200177245	200239589	5	4	1
48e450a3-d303-5ed0-9c89-2f5d1640ab5d	chr1	200240602	201821698	4	3	1
48e450a3-d303-5ed0-9c89-2f5d1640ab5d	chr1	201824312	206514025	2	1	1
48e450a3-d303-5ed0-9c89-2f5d1640ab5d	chr1	206521346	206647192	4	3	1
48e450a3-d303-5ed0-9c89-2f5d1640ab5d	chr1	206647602	209604938	2	1	1
48e450a3-d303-5ed0-9c89-2f5d1640ab5d	chr1	209606010	209625860	5	3	2
48e450a3-d303-5ed0-9c89-2f5d1640ab5d	chr1	209625908	220690081	2	1	1
48e450a3-d303-5ed0-9c89-2f5d1640ab5d	chr1	220692403	221346528	3	2	1
48e450a3-d303-5ed0-9c89-2f5d1640ab5d	chr1	221353110	237464998	2	1	1
48e450a3-d303-5ed0-9c89-2f5d1640ab5d	chr1	237465541	237483982	6	3	3
48e450a3-d303-5ed0-9c89-2f5d1640ab5d	chr1	237484843	242782336	2	1	1
48e450a3-d303-5ed0-9c89-2f5d1640ab5d	chr1	242782721	242796316	5	3	2
48e450a3-d303-5ed0-9c89-2f5d1640ab5d	chr1	242802393	245441504	4	3	1
48e450a3-d303-5ed0-9c89-2f5d1640ab5d	chr1	245445233	246142993	5	4	1
48e450a3-d303-5ed0-9c89-2f5d1640ab5d	chr1	246143278	247292417	4	3	1
48e450a3-d303-5ed0-9c89-2f5d1640ab5d	chr1	247293305	247301627	9	6	3
48e450a3-d303-5ed0-9c89-2f5d1640ab5d	chr1	247303393	248198703	4	3	1
48e450a3-d303-5ed0-9c89-2f5d1640ab5d	chr1	248202002	248930189	4	2	2
48e450a3-d303-5ed0-9c89-2f5d1640ab5d	chr2	12784	1827790	3	2	1
48e450a3-d303-5ed0-9c89-2f5d1640ab5d	chr2	1831913	1851795	4	4	0
48e450a3-d303-5ed0-9c89-2f5d1640ab5d	chr2	1851945	9634238	3	2	1
48e450a3-d303-5ed0-9c89-2f5d1640ab5d	chr2	9635465	9942693	4	3	1
48e450a3-d303-5ed0-9c89-2f5d1640ab5d	chr2	9945593	9983822	1	1	0
48e450a3-d303-5ed0-9c89-2f5d1640ab5d	chr2	9984528	19644155	3	2	1
48e450a3-d303-5ed0-9c89-2f5d1640ab5d	chr2	19644378	19755855	5	3	2
48e450a3-d303-5ed0-9c89-2f5d1640ab5d	chr2	19757155	20466438	3	2	1
48e450a3-d303-5ed0-9c89-2f5d1640ab5d	chr2	20471415	20678225	5	4	1
48e450a3-d303-5ed0-9c89-2f5d1640ab5d	chr2	20678290	29851200	3	2	1
48e450a3-d303-5ed0-9c89-2f5d1640ab5d	chr2	29852027	29860870	9	5	4
48e450a3-d303-5ed0-9c89-2f5d1640ab5d	chr2	29864203	52864553	3	2	1
48e450a3-d303-5ed0-9c89-2f5d1640ab5d	chr2	52865662	52881170	8	4	4
48e450a3-d303-5ed0-9c89-2f5d1640ab5d	chr2	52881550	84346935	3	2	1
48e450a3-d303-5ed0-9c89-2f5d1640ab5d	chr2	84347969	85283172	6	5	1
48e450a3-d303-5ed0-9c89-2f5d1640ab5d	chr2	85283229	85683010	3	2	1
48e450a3-d303-5ed0-9c89-2f5d1640ab5d	chr2	85684538	95705086	5	4	1
48e450a3-d303-5ed0-9c89-2f5d1640ab5d	chr2	95710616	127072553	4	2	2
48e450a3-d303-5ed0-9c89-2f5d1640ab5d	chr2	127072723	127101070	7	4	3
48e450a3-d303-5ed0-9c89-2f5d1640ab5d	chr2	127103254	128212282	3	2	1
48e450a3-d303-5ed0-9c89-2f5d1640ab5d	chr2	128212298	134461968	4	2	2
48e450a3-d303-5ed0-9c89-2f5d1640ab5d	chr2	134464856	134479622	7	4	3
48e450a3-d303-5ed0-9c89-2f5d1640ab5d	chr2	134482753	149311317	4	3	1
48e450a3-d303-5ed0-9c89-2f5d1640ab5d	chr2	149314445	150264934	2	1	1
48e450a3-d303-5ed0-9c89-2f5d1640ab5d	chr2	150267730	159074248	4	3	1
48e450a3-d303-5ed0-9c89-2f5d1640ab5d	chr2	159079489	159110620	6	3	3
48e450a3-d303-5ed0-9c89-2f5d1640ab5d	chr2	159111001	167586225	4	2	2
48e450a3-d303-5ed0-9c89-2f5d1640ab5d	chr2	167587109	167603202	6	4	2
48e450a3-d303-5ed0-9c89-2f5d1640ab5d	chr2	167605163	242147305	3	2	1
48e450a3-d303-5ed0-9c89-2f5d1640ab5d	chr3	20930	105132	4	3	1
48e450a3-d303-5ed0-9c89-2f5d1640ab5d	chr3	105382	137168	7	6	1
48e450a3-d303-5ed0-9c89-2f5d1640ab5d	chr3	137844	62068824	3	2	1
48e450a3-d303-5ed0-9c89-2f5d1640ab5d	chr3	62069385	64993116	4	2	2
48e450a3-d303-5ed0-9c89-2f5d1640ab5d	chr3	64993635	99008824	3	2	1
48e450a3-d303-5ed0-9c89-2f5d1640ab5d	chr3	99009449	99021555	7	5	2
48e450a3-d303-5ed0-9c89-2f5d1640ab5d	chr3	99021685	116529727	3	2	1
48e450a3-d303-5ed0-9c89-2f5d1640ab5d	chr3	116529902	116585137	1	1	0
48e450a3-d303-5ed0-9c89-2f5d1640ab5d	chr3	116594557	116693351	3	2	1
48e450a3-d303-5ed0-9c89-2f5d1640ab5d	chr3	116696625	117006233	2	2	0
48e450a3-d303-5ed0-9c89-2f5d1640ab5d	chr3	117006568	156616641	3	2	1
48e450a3-d303-5ed0-9c89-2f5d1640ab5d	chr3	156616668	156630796	6	3	3
48e450a3-d303-5ed0-9c89-2f5d1640ab5d	chr3	156631211	157938858	3	2	1
48e450a3-d303-5ed0-9c89-2f5d1640ab5d	chr3	157939841	158432182	5	3	2
48e450a3-d303-5ed0-9c89-2f5d1640ab5d	chr3	158436224	172208012	3	2	1
48e450a3-d303-5ed0-9c89-2f5d1640ab5d	chr3	172208524	172439082	4	2	2
48e450a3-d303-5ed0-9c89-2f5d1640ab5d	chr3	172442611	184078683	3	2	1
48e450a3-d303-5ed0-9c89-2f5d1640ab5d	chr3	184079667	195286010	4	2	2
48e450a3-d303-5ed0-9c89-2f5d1640ab5d	chr3	195286062	196938927	2	1	1
48e450a3-d303-5ed0-9c89-2f5d1640ab5d	chr3	196939188	198169247	3	2	1
48e450a3-d303-5ed0-9c89-2f5d1640ab5d	chr4	68929	3233253	2	1	1
48e450a3-d303-5ed0-9c89-2f5d1640ab5d	chr4	3233791	54479320	3	2	1
48e450a3-d303-5ed0-9c89-2f5d1640ab5d	chr4	54479806	55199135	4	2	2
48e450a3-d303-5ed0-9c89-2f5d1640ab5d	chr4	55204804	68509237	3	2	1
48e450a3-d303-5ed0-9c89-2f5d1640ab5d	chr4	68509442	68620122	0	0	0
48e450a3-d303-5ed0-9c89-2f5d1640ab5d	chr4	68620261	190106768	3	2	1
48e450a3-d303-5ed0-9c89-2f5d1640ab5d	chr5	15532	16732682	2	2	0
48e450a3-d303-5ed0-9c89-2f5d1640ab5d	chr5	16735370	16792788	1	1	0
48e450a3-d303-5ed0-9c89-2f5d1640ab5d	chr5	16793042	89478148	2	2	0
48e450a3-d303-5ed0-9c89-2f5d1640ab5d	chr5	89478431	89607147	3	3	0
48e450a3-d303-5ed0-9c89-2f5d1640ab5d	chr5	89607481	113610269	2	2	0
48e450a3-d303-5ed0-9c89-2f5d1640ab5d	chr5	113610295	113634029	1	1	0
48e450a3-d303-5ed0-9c89-2f5d1640ab5d	chr5	113634078	181363319	2	2	0
48e450a3-d303-5ed0-9c89-2f5d1640ab5d	chr6	149661	11719790	2	2	0
48e450a3-d303-5ed0-9c89-2f5d1640ab5d	chr6	11720896	12662931	5	3	2
48e450a3-d303-5ed0-9c89-2f5d1640ab5d	chr6	12663405	12719310	5	4	1
48e450a3-d303-5ed0-9c89-2f5d1640ab5d	chr6	12725609	17148990	2	2	0
48e450a3-d303-5ed0-9c89-2f5d1640ab5d	chr6	17155230	18191497	4	2	2
48e450a3-d303-5ed0-9c89-2f5d1640ab5d	chr6	18191996	25714511	5	3	2
48e450a3-d303-5ed0-9c89-2f5d1640ab5d	chr6	25715884	25779858	2	1	1
48e450a3-d303-5ed0-9c89-2f5d1640ab5d	chr6	25782086	28357586	2	2	0
48e450a3-d303-5ed0-9c89-2f5d1640ab5d	chr6	28357898	29778017	4	2	2
48e450a3-d303-5ed0-9c89-2f5d1640ab5d	chr6	29778107	30839281	3	2	1
48e450a3-d303-5ed0-9c89-2f5d1640ab5d	chr6	30842175	31131055	6	3	3
48e450a3-d303-5ed0-9c89-2f5d1640ab5d	chr6	31131180	39137604	4	2	2
48e450a3-d303-5ed0-9c89-2f5d1640ab5d	chr6	39137895	39513316	7	5	2
48e450a3-d303-5ed0-9c89-2f5d1640ab5d	chr6	39513705	41529909	5	3	2
48e450a3-d303-5ed0-9c89-2f5d1640ab5d	chr6	41530934	42186871	7	5	2
48e450a3-d303-5ed0-9c89-2f5d1640ab5d	chr6	42187763	42952774	5	3	2
48e450a3-d303-5ed0-9c89-2f5d1640ab5d	chr6	42955908	44300398	5	4	1
48e450a3-d303-5ed0-9c89-2f5d1640ab5d	chr6	44303199	45917324	5	3	2
48e450a3-d303-5ed0-9c89-2f5d1640ab5d	chr6	45917517	45921400	11	6	5
48e450a3-d303-5ed0-9c89-2f5d1640ab5d	chr6	45921601	46897523	4	2	2
48e450a3-d303-5ed0-9c89-2f5d1640ab5d	chr6	46898021	46917390	8	4	4
48e450a3-d303-5ed0-9c89-2f5d1640ab5d	chr6	46919215	54664303	4	2	2
48e450a3-d303-5ed0-9c89-2f5d1640ab5d	chr6	54664458	60626586	3	2	1
48e450a3-d303-5ed0-9c89-2f5d1640ab5d	chr6	60629632	72100283	2	1	1
48e450a3-d303-5ed0-9c89-2f5d1640ab5d	chr6	72104181	73744994	4	3	1
48e450a3-d303-5ed0-9c89-2f5d1640ab5d	chr6	73746095	75061898	2	1	1
48e450a3-d303-5ed0-9c89-2f5d1640ab5d	chr6	75063954	104124990	1	1	0
48e450a3-d303-5ed0-9c89-2f5d1640ab5d	chr6	104125782	106094552	3	2	1
48e450a3-d303-5ed0-9c89-2f5d1640ab5d	chr6	106096070	108072019	1	1	0
48e450a3-d303-5ed0-9c89-2f5d1640ab5d	chr6	108072204	163257857	2	1	1
48e450a3-d303-5ed0-9c89-2f5d1640ab5d	chr6	163262490	170741917	4	3	1
48e450a3-d303-5ed0-9c89-2f5d1640ab5d	chr7	43259	2418074	2	1	1
48e450a3-d303-5ed0-9c89-2f5d1640ab5d	chr7	2422450	3622727	3	2	1
48e450a3-d303-5ed0-9c89-2f5d1640ab5d	chr7	3623138	6392233	5	4	1
48e450a3-d303-5ed0-9c89-2f5d1640ab5d	chr7	6392302	8098251	3	2	1
48e450a3-d303-5ed0-9c89-2f5d1640ab5d	chr7	8101998	11667401	2	1	1
48e450a3-d303-5ed0-9c89-2f5d1640ab5d	chr7	11667865	12471411	3	2	1
48e450a3-d303-5ed0-9c89-2f5d1640ab5d	chr7	12477851	13551285	2	1	1
48e450a3-d303-5ed0-9c89-2f5d1640ab5d	chr7	13551572	13745539	3	2	1
48e450a3-d303-5ed0-9c89-2f5d1640ab5d	chr7	13747529	14981649	6	3	3
48e450a3-d303-5ed0-9c89-2f5d1640ab5d	chr7	14985707	17559685	4	2	2
48e450a3-d303-5ed0-9c89-2f5d1640ab5d	chr7	17561689	18875803	3	2	1
48e450a3-d303-5ed0-9c89-2f5d1640ab5d	chr7	18875936	20447935	2	1	1
48e450a3-d303-5ed0-9c89-2f5d1640ab5d	chr7	20450551	21000422	3	2	1
48e450a3-d303-5ed0-9c89-2f5d1640ab5d	chr7	21000630	21248594	4	2	2
48e450a3-d303-5ed0-9c89-2f5d1640ab5d	chr7	21248800	28509560	2	1	1
48e450a3-d303-5ed0-9c89-2f5d1640ab5d	chr7	28510776	30806712	3	2	1
48e450a3-d303-5ed0-9c89-2f5d1640ab5d	chr7	30807131	35534141	2	1	1
48e450a3-d303-5ed0-9c89-2f5d1640ab5d	chr7	35535593	35584872	3	2	1
48e450a3-d303-5ed0-9c89-2f5d1640ab5d	chr7	35586497	46984376	2	1	1
48e450a3-d303-5ed0-9c89-2f5d1640ab5d	chr7	46985505	47893417	3	2	1
48e450a3-d303-5ed0-9c89-2f5d1640ab5d	chr7	47896732	50482182	2	1	1
48e450a3-d303-5ed0-9c89-2f5d1640ab5d	chr7	50483182	50501717	5	3	2
48e450a3-d303-5ed0-9c89-2f5d1640ab5d	chr7	50503190	52491456	2	1	1
48e450a3-d303-5ed0-9c89-2f5d1640ab5d	chr7	52491521	53615141	3	2	1
48e450a3-d303-5ed0-9c89-2f5d1640ab5d	chr7	53615916	54472843	2	1	1
48e450a3-d303-5ed0-9c89-2f5d1640ab5d	chr7	54473272	56663233	3	2	1
48e450a3-d303-5ed0-9c89-2f5d1640ab5d	chr7	56664505	101184867	2	1	1
48e450a3-d303-5ed0-9c89-2f5d1640ab5d	chr7	101187138	106220091	3	2	1
48e450a3-d303-5ed0-9c89-2f5d1640ab5d	chr7	106220183	109179085	2	1	1
48e450a3-d303-5ed0-9c89-2f5d1640ab5d	chr7	109181588	109287614	5	3	2
48e450a3-d303-5ed0-9c89-2f5d1640ab5d	chr7	109287717	109759769	2	1	1
48e450a3-d303-5ed0-9c89-2f5d1640ab5d	chr7	109760078	118970504	4	3	1
48e450a3-d303-5ed0-9c89-2f5d1640ab5d	chr7	118970601	119245571	3	2	1
48e450a3-d303-5ed0-9c89-2f5d1640ab5d	chr7	119246400	125028369	4	3	1
48e450a3-d303-5ed0-9c89-2f5d1640ab5d	chr7	125032545	126928629	6	5	1
48e450a3-d303-5ed0-9c89-2f5d1640ab5d	chr7	126928778	129098859	5	4	1
48e450a3-d303-5ed0-9c89-2f5d1640ab5d	chr7	129101992	130408005	8	7	1
48e450a3-d303-5ed0-9c89-2f5d1640ab5d	chr7	130408322	135812476	3	2	1
48e450a3-d303-5ed0-9c89-2f5d1640ab5d	chr7	135812579	140779158	4	3	1
48e450a3-d303-5ed0-9c89-2f5d1640ab5d	chr7	140782314	144959379	3	2	1
48e450a3-d303-5ed0-9c89-2f5d1640ab5d	chr7	144959839	145755348	1	1	0
48e450a3-d303-5ed0-9c89-2f5d1640ab5d	chr7	145757122	147405400	3	2	1
48e450a3-d303-5ed0-9c89-2f5d1640ab5d	chr7	147408069	149022589	4	3	1
48e450a3-d303-5ed0-9c89-2f5d1640ab5d	chr7	149023613	152502774	2	1	1
48e450a3-d303-5ed0-9c89-2f5d1640ab5d	chr7	152502813	155159187	3	2	1
48e450a3-d303-5ed0-9c89-2f5d1640ab5d	chr7	155159337	155862833	2	1	1
48e450a3-d303-5ed0-9c89-2f5d1640ab5d	chr7	155864399	157502244	3	2	1
48e450a3-d303-5ed0-9c89-2f5d1640ab5d	chr7	157502931	157963108	4	3	1
48e450a3-d303-5ed0-9c89-2f5d1640ab5d	chr7	157963123	159334314	5	3	2
48e450a3-d303-5ed0-9c89-2f5d1640ab5d	chr8	81254	4632242	4	2	2
48e450a3-d303-5ed0-9c89-2f5d1640ab5d	chr8	4632537	15106652	3	2	1
48e450a3-d303-5ed0-9c89-2f5d1640ab5d	chr8	15109823	15606517	4	2	2
48e450a3-d303-5ed0-9c89-2f5d1640ab5d	chr8	15607166	23554285	3	2	1
48e450a3-d303-5ed0-9c89-2f5d1640ab5d	chr8	23558142	23584240	5	4	1
48e450a3-d303-5ed0-9c89-2f5d1640ab5d	chr8	23586874	27451822	3	2	1
48e450a3-d303-5ed0-9c89-2f5d1640ab5d	chr8	27452263	27467674	7	4	3
48e450a3-d303-5ed0-9c89-2f5d1640ab5d	chr8	27468423	32714837	3	2	1
48e450a3-d303-5ed0-9c89-2f5d1640ab5d	chr8	32715355	39780618	4	2	2
48e450a3-d303-5ed0-9c89-2f5d1640ab5d	chr8	39789593	43912083	3	2	1
48e450a3-d303-5ed0-9c89-2f5d1640ab5d	chr8	43923771	46852220	4	2	2
48e450a3-d303-5ed0-9c89-2f5d1640ab5d	chr8	46853844	60857512	3	2	1
48e450a3-d303-5ed0-9c89-2f5d1640ab5d	chr8	60857594	64216120	4	2	2
48e450a3-d303-5ed0-9c89-2f5d1640ab5d	chr8	64216201	67947060	3	2	1
48e450a3-d303-5ed0-9c89-2f5d1640ab5d	chr8	67948015	77362515	5	3	2
48e450a3-d303-5ed0-9c89-2f5d1640ab5d	chr8	77363462	78722903	3	2	1
48e450a3-d303-5ed0-9c89-2f5d1640ab5d	chr8	78723421	78946890	5	3	2
48e450a3-d303-5ed0-9c89-2f5d1640ab5d	chr8	78947108	84813709	3	2	1
48e450a3-d303-5ed0-9c89-2f5d1640ab5d	chr8	84814975	85192519	5	3	2
48e450a3-d303-5ed0-9c89-2f5d1640ab5d	chr8	85192633	85638789	3	2	1
48e450a3-d303-5ed0-9c89-2f5d1640ab5d	chr8	85640913	86202432	7	6	1
48e450a3-d303-5ed0-9c89-2f5d1640ab5d	chr8	86204371	90505907	3	2	1
48e450a3-d303-5ed0-9c89-2f5d1640ab5d	chr8	90513981	90532144	6	3	3
48e450a3-d303-5ed0-9c89-2f5d1640ab5d	chr8	90535192	92346182	7	6	1
48e450a3-d303-5ed0-9c89-2f5d1640ab5d	chr8	92347516	95956543	3	2	1
48e450a3-d303-5ed0-9c89-2f5d1640ab5d	chr8	95960715	97324318	11	10	1
48e450a3-d303-5ed0-9c89-2f5d1640ab5d	chr8	97325122	97360534	4	2	2
48e450a3-d303-5ed0-9c89-2f5d1640ab5d	chr8	97363344	97836138	3	2	1
48e450a3-d303-5ed0-9c89-2f5d1640ab5d	chr8	97836681	98432894	4	2	2
48e450a3-d303-5ed0-9c89-2f5d1640ab5d	chr8	98433463	99528395	9	6	3
48e450a3-d303-5ed0-9c89-2f5d1640ab5d	chr8	99531567	100755304	8	6	2
48e450a3-d303-5ed0-9c89-2f5d1640ab5d	chr8	100756332	103142737	7	6	1
48e450a3-d303-5ed0-9c89-2f5d1640ab5d	chr8	103143624	105286798	9	8	1
48e450a3-d303-5ed0-9c89-2f5d1640ab5d	chr8	105288999	113420196	7	6	1
48e450a3-d303-5ed0-9c89-2f5d1640ab5d	chr8	113421781	115669892	8	7	1
48e450a3-d303-5ed0-9c89-2f5d1640ab5d	chr8	115670852	117975923	6	5	1
48e450a3-d303-5ed0-9c89-2f5d1640ab5d	chr8	117976303	120598891	8	7	1
48e450a3-d303-5ed0-9c89-2f5d1640ab5d	chr8	120599223	122449347	13	12	1
48e450a3-d303-5ed0-9c89-2f5d1640ab5d	chr8	122449827	124956960	8	7	1
48e450a3-d303-5ed0-9c89-2f5d1640ab5d	chr8	124957201	126320968	7	6	1
48e450a3-d303-5ed0-9c89-2f5d1640ab5d	chr8	126321801	126929605	9	8	1
48e450a3-d303-5ed0-9c89-2f5d1640ab5d	chr8	126930016	127276377	7	6	1
48e450a3-d303-5ed0-9c89-2f5d1640ab5d	chr8	127277346	128162534	8	7	1
48e450a3-d303-5ed0-9c89-2f5d1640ab5d	chr8	128166635	131083974	10	9	1
48e450a3-d303-5ed0-9c89-2f5d1640ab5d	chr8	131084837	131942906	8	7	1
48e450a3-d303-5ed0-9c89-2f5d1640ab5d	chr8	131945542	132317143	5	4	1
48e450a3-d303-5ed0-9c89-2f5d1640ab5d	chr8	132317891	133567795	10	9	1
48e450a3-d303-5ed0-9c89-2f5d1640ab5d	chr8	133569037	134159056	7	6	1
48e450a3-d303-5ed0-9c89-2f5d1640ab5d	chr8	134159139	135912831	3	2	1
48e450a3-d303-5ed0-9c89-2f5d1640ab5d	chr8	135914067	136553630	5	4	1
48e450a3-d303-5ed0-9c89-2f5d1640ab5d	chr8	136553899	138219362	3	2	1
48e450a3-d303-5ed0-9c89-2f5d1640ab5d	chr8	138220128	138967582	5	4	1
48e450a3-d303-5ed0-9c89-2f5d1640ab5d	chr8	138968891	140030283	3	2	1
48e450a3-d303-5ed0-9c89-2f5d1640ab5d	chr8	140032710	144575804	4	3	1
48e450a3-d303-5ed0-9c89-2f5d1640ab5d	chr8	144577063	145072769	7	6	1
48e450a3-d303-5ed0-9c89-2f5d1640ab5d	chr9	46587	2380734	3	2	1
48e450a3-d303-5ed0-9c89-2f5d1640ab5d	chr9	2381015	3323052	4	3	1
48e450a3-d303-5ed0-9c89-2f5d1640ab5d	chr9	3323318	4930897	3	2	1
48e450a3-d303-5ed0-9c89-2f5d1640ab5d	chr9	4932612	5711053	4	3	1
48e450a3-d303-5ed0-9c89-2f5d1640ab5d	chr9	5712626	7000438	2	1	1
48e450a3-d303-5ed0-9c89-2f5d1640ab5d	chr9	7002389	25171944	3	2	1
48e450a3-d303-5ed0-9c89-2f5d1640ab5d	chr9	25174280	25830765	8	7	1
48e450a3-d303-5ed0-9c89-2f5d1640ab5d	chr9	25840060	41741113	3	2	1
48e450a3-d303-5ed0-9c89-2f5d1640ab5d	chr9	60863881	108919864	4	2	2
48e450a3-d303-5ed0-9c89-2f5d1640ab5d	chr9	108920767	113957849	3	2	1
48e450a3-d303-5ed0-9c89-2f5d1640ab5d	chr9	113958232	127988522	4	2	2
48e450a3-d303-5ed0-9c89-2f5d1640ab5d	chr9	127988610	128014618	1	1	0
48e450a3-d303-5ed0-9c89-2f5d1640ab5d	chr9	128016235	134914937	3	2	1
48e450a3-d303-5ed0-9c89-2f5d1640ab5d	chr9	134915956	135814998	4	2	2
48e450a3-d303-5ed0-9c89-2f5d1640ab5d	chr9	135815881	138200944	3	2	1
48e450a3-d303-5ed0-9c89-2f5d1640ab5d	chr10	45792	8724979	2	2	0
48e450a3-d303-5ed0-9c89-2f5d1640ab5d	chr10	8725471	36077733	1	1	0
48e450a3-d303-5ed0-9c89-2f5d1640ab5d	chr10	36078723	46204128	2	2	0
48e450a3-d303-5ed0-9c89-2f5d1640ab5d	chr10	46215430	50242548	2	1	1
48e450a3-d303-5ed0-9c89-2f5d1640ab5d	chr10	50243092	60756484	2	2	0
48e450a3-d303-5ed0-9c89-2f5d1640ab5d	chr10	60756787	60775059	4	2	2
48e450a3-d303-5ed0-9c89-2f5d1640ab5d	chr10	60777553	69533176	2	2	0
48e450a3-d303-5ed0-9c89-2f5d1640ab5d	chr10	69533433	69907488	2	1	1
48e450a3-d303-5ed0-9c89-2f5d1640ab5d	chr10	69910197	130377612	2	2	0
48e450a3-d303-5ed0-9c89-2f5d1640ab5d	chr10	130379137	130418877	4	4	0
48e450a3-d303-5ed0-9c89-2f5d1640ab5d	chr10	130420453	133654968	2	2	0
48e450a3-d303-5ed0-9c89-2f5d1640ab5d	chr11	198510	929550	2	1	1
48e450a3-d303-5ed0-9c89-2f5d1640ab5d	chr11	930401	1006813	1	1	0
48e450a3-d303-5ed0-9c89-2f5d1640ab5d	chr11	1007226	7245985	2	1	1
48e450a3-d303-5ed0-9c89-2f5d1640ab5d	chr11	7247000	70532867	3	2	1
48e450a3-d303-5ed0-9c89-2f5d1640ab5d	chr11	70533026	70550933	6	4	2
48e450a3-d303-5ed0-9c89-2f5d1640ab5d	chr11	70550964	80091273	3	2	1
48e450a3-d303-5ed0-9c89-2f5d1640ab5d	chr11	80093801	80101869	4	4	0
48e450a3-d303-5ed0-9c89-2f5d1640ab5d	chr11	80102316	82098205	7	5	2
48e450a3-d303-5ed0-9c89-2f5d1640ab5d	chr11	82098269	82115821	6	3	3
48e450a3-d303-5ed0-9c89-2f5d1640ab5d	chr11	82116984	82851778	3	2	1
48e450a3-d303-5ed0-9c89-2f5d1640ab5d	chr11	82852115	86264851	6	4	2
48e450a3-d303-5ed0-9c89-2f5d1640ab5d	chr11	86265234	88224269	3	2	1
48e450a3-d303-5ed0-9c89-2f5d1640ab5d	chr11	88224653	88257410	6	3	3
48e450a3-d303-5ed0-9c89-2f5d1640ab5d	chr11	88257594	89966336	3	2	1
48e450a3-d303-5ed0-9c89-2f5d1640ab5d	chr11	90043678	90239909	7	4	3
48e450a3-d303-5ed0-9c89-2f5d1640ab5d	chr11	90241931	97802909	3	2	1
48e450a3-d303-5ed0-9c89-2f5d1640ab5d	chr11	97804602	101821940	7	5	2
48e450a3-d303-5ed0-9c89-2f5d1640ab5d	chr11	101831021	101905283	13	9	4
48e450a3-d303-5ed0-9c89-2f5d1640ab5d	chr11	101907625	101950713	9	6	3
48e450a3-d303-5ed0-9c89-2f5d1640ab5d	chr11	101951946	104688070	12	9	3
48e450a3-d303-5ed0-9c89-2f5d1640ab5d	chr11	104688274	104712819	6	5	1
48e450a3-d303-5ed0-9c89-2f5d1640ab5d	chr11	104714105	104714105	15	15	0
48e450a3-d303-5ed0-9c89-2f5d1640ab5d	chr11	104714751	105649525	7	5	2
48e450a3-d303-5ed0-9c89-2f5d1640ab5d	chr11	105649707	106586904	3	2	1
48e450a3-d303-5ed0-9c89-2f5d1640ab5d	chr11	106588839	108859944	6	4	2
48e450a3-d303-5ed0-9c89-2f5d1640ab5d	chr11	108863919	109377399	3	2	1
48e450a3-d303-5ed0-9c89-2f5d1640ab5d	chr11	109377461	117441955	6	4	2
48e450a3-d303-5ed0-9c89-2f5d1640ab5d	chr11	117445531	118176606	5	3	2
48e450a3-d303-5ed0-9c89-2f5d1640ab5d	chr11	118178004	118427568	2	1	1
48e450a3-d303-5ed0-9c89-2f5d1640ab5d	chr11	118429525	126129636	6	4	2
48e450a3-d303-5ed0-9c89-2f5d1640ab5d	chr11	126129836	126574756	3	2	1
48e450a3-d303-5ed0-9c89-2f5d1640ab5d	chr11	126574827	127021496	7	5	2
48e450a3-d303-5ed0-9c89-2f5d1640ab5d	chr11	127022318	128953548	6	4	2
48e450a3-d303-5ed0-9c89-2f5d1640ab5d	chr11	128953871	135074876	3	2	1
48e450a3-d303-5ed0-9c89-2f5d1640ab5d	chr12	51460	2413321	2	2	0
48e450a3-d303-5ed0-9c89-2f5d1640ab5d	chr12	2414090	8842122	3	2	1
48e450a3-d303-5ed0-9c89-2f5d1640ab5d	chr12	8842191	24166598	2	2	0
48e450a3-d303-5ed0-9c89-2f5d1640ab5d	chr12	24167824	26172010	3	2	1
48e450a3-d303-5ed0-9c89-2f5d1640ab5d	chr12	26172446	26566908	2	2	0
48e450a3-d303-5ed0-9c89-2f5d1640ab5d	chr12	26568249	26613060	2	1	1
48e450a3-d303-5ed0-9c89-2f5d1640ab5d	chr12	26613536	29578538	4	2	2
48e450a3-d303-5ed0-9c89-2f5d1640ab5d	chr12	29578794	31104761	2	2	0
48e450a3-d303-5ed0-9c89-2f5d1640ab5d	chr12	31108764	32913771	1	1	0
48e450a3-d303-5ed0-9c89-2f5d1640ab5d	chr12	32913916	43004478	3	2	1
48e450a3-d303-5ed0-9c89-2f5d1640ab5d	chr12	43005325	45088166	4	2	2
48e450a3-d303-5ed0-9c89-2f5d1640ab5d	chr12	45090406	45181939	2	2	0
48e450a3-d303-5ed0-9c89-2f5d1640ab5d	chr12	45183854	45266615	4	4	0
48e450a3-d303-5ed0-9c89-2f5d1640ab5d	chr12	45269320	46085297	2	2	0
48e450a3-d303-5ed0-9c89-2f5d1640ab5d	chr12	46086859	53642347	3	2	1
48e450a3-d303-5ed0-9c89-2f5d1640ab5d	chr12	53643709	53696482	1	1	0
48e450a3-d303-5ed0-9c89-2f5d1640ab5d	chr12	53698023	93037500	3	2	1
48e450a3-d303-5ed0-9c89-2f5d1640ab5d	chr12	93038310	93279615	2	1	1
48e450a3-d303-5ed0-9c89-2f5d1640ab5d	chr12	93279723	93299739	1	1	0
48e450a3-d303-5ed0-9c89-2f5d1640ab5d	chr12	93303013	120233891	3	2	1
48e450a3-d303-5ed0-9c89-2f5d1640ab5d	chr12	120236242	125377091	2	1	1
48e450a3-d303-5ed0-9c89-2f5d1640ab5d	chr12	125377296	129063666	3	2	1
48e450a3-d303-5ed0-9c89-2f5d1640ab5d	chr12	129066007	131693167	2	1	1
48e450a3-d303-5ed0-9c89-2f5d1640ab5d	chr12	131694505	133201603	1	1	0
48e450a3-d303-5ed0-9c89-2f5d1640ab5d	chr13	18452809	55514322	2	2	0
48e450a3-d303-5ed0-9c89-2f5d1640ab5d	chr13	55515371	88278786	4	2	2
48e450a3-d303-5ed0-9c89-2f5d1640ab5d	chr13	88281814	92270484	3	2	1
48e450a3-d303-5ed0-9c89-2f5d1640ab5d	chr13	92270504	93583384	4	2	2
48e450a3-d303-5ed0-9c89-2f5d1640ab5d	chr13	93584410	114342922	3	2	1
48e450a3-d303-5ed0-9c89-2f5d1640ab5d	chr14	18239283	65719056	3	2	1
48e450a3-d303-5ed0-9c89-2f5d1640ab5d	chr14	65721491	65971122	4	2	2
48e450a3-d303-5ed0-9c89-2f5d1640ab5d	chr14	65971574	73898592	3	2	1
48e450a3-d303-5ed0-9c89-2f5d1640ab5d	chr14	73899508	73974981	2	1	1
48e450a3-d303-5ed0-9c89-2f5d1640ab5d	chr14	73976154	101004236	3	2	1
48e450a3-d303-5ed0-9c89-2f5d1640ab5d	chr14	101004515	101186129	4	2	2
48e450a3-d303-5ed0-9c89-2f5d1640ab5d	chr14	101187744	106877229	3	2	1
48e450a3-d303-5ed0-9c89-2f5d1640ab5d	chr15	19811075	25042124	3	2	1
48e450a3-d303-5ed0-9c89-2f5d1640ab5d	chr15	25046184	25261432	5	3	2
48e450a3-d303-5ed0-9c89-2f5d1640ab5d	chr15	25264609	29592703	3	2	1
48e450a3-d303-5ed0-9c89-2f5d1640ab5d	chr15	29593228	29602873	6	3	3
48e450a3-d303-5ed0-9c89-2f5d1640ab5d	chr15	29602965	55061314	3	2	1
48e450a3-d303-5ed0-9c89-2f5d1640ab5d	chr15	55061603	56145576	1	1	0
48e450a3-d303-5ed0-9c89-2f5d1640ab5d	chr15	56149142	59291989	2	1	1
48e450a3-d303-5ed0-9c89-2f5d1640ab5d	chr15	59294515	59774413	1	1	0
48e450a3-d303-5ed0-9c89-2f5d1640ab5d	chr15	59774922	77027251	3	2	1
48e450a3-d303-5ed0-9c89-2f5d1640ab5d	chr15	77030688	78439862	2	2	0
48e450a3-d303-5ed0-9c89-2f5d1640ab5d	chr15	78441389	79003830	3	2	1
48e450a3-d303-5ed0-9c89-2f5d1640ab5d	chr15	79004306	80986912	2	2	0
48e450a3-d303-5ed0-9c89-2f5d1640ab5d	chr15	80987015	81755153	3	2	1
48e450a3-d303-5ed0-9c89-2f5d1640ab5d	chr15	81755988	83204044	2	2	0
48e450a3-d303-5ed0-9c89-2f5d1640ab5d	chr15	83205288	85179948	4	3	1
48e450a3-d303-5ed0-9c89-2f5d1640ab5d	chr15	85179980	87948887	3	3	0
48e450a3-d303-5ed0-9c89-2f5d1640ab5d	chr15	87950231	89505641	4	3	1
48e450a3-d303-5ed0-9c89-2f5d1640ab5d	chr15	89509824	90178163	3	3	0
48e450a3-d303-5ed0-9c89-2f5d1640ab5d	chr15	90179359	93128353	4	3	1
48e450a3-d303-5ed0-9c89-2f5d1640ab5d	chr15	93128779	93632829	3	3	0
48e450a3-d303-5ed0-9c89-2f5d1640ab5d	chr15	93633382	95272123	4	3	1
48e450a3-d303-5ed0-9c89-2f5d1640ab5d	chr15	95272259	97060645	3	3	0
48e450a3-d303-5ed0-9c89-2f5d1640ab5d	chr15	97062163	98897502	4	4	0
48e450a3-d303-5ed0-9c89-2f5d1640ab5d	chr15	98898207	101928837	3	3	0
48e450a3-d303-5ed0-9c89-2f5d1640ab5d	chr16	10777	5223193	1	1	0
48e450a3-d303-5ed0-9c89-2f5d1640ab5d	chr16	5223715	12541641	2	2	0
48e450a3-d303-5ed0-9c89-2f5d1640ab5d	chr16	12541756	12552366	4	4	0
48e450a3-d303-5ed0-9c89-2f5d1640ab5d	chr16	12553324	36048855	2	2	0
48e450a3-d303-5ed0-9c89-2f5d1640ab5d	chr16	46441986	50402612	2	1	1
48e450a3-d303-5ed0-9c89-2f5d1640ab5d	chr16	50403479	55284193	2	2	0
48e450a3-d303-5ed0-9c89-2f5d1640ab5d	chr16	55284300	60343587	3	2	1
48e450a3-d303-5ed0-9c89-2f5d1640ab5d	chr16	60344404	61138402	2	2	0
48e450a3-d303-5ed0-9c89-2f5d1640ab5d	chr16	61139865	66067416	3	2	1
48e450a3-d303-5ed0-9c89-2f5d1640ab5d	chr16	66067496	66373835	2	2	0
48e450a3-d303-5ed0-9c89-2f5d1640ab5d	chr16	66373878	73336465	3	2	1
48e450a3-d303-5ed0-9c89-2f5d1640ab5d	chr16	73336681	73603688	4	2	2
48e450a3-d303-5ed0-9c89-2f5d1640ab5d	chr16	73603732	75080260	3	2	1
48e450a3-d303-5ed0-9c89-2f5d1640ab5d	chr16	75082368	76572910	5	3	2
48e450a3-d303-5ed0-9c89-2f5d1640ab5d	chr16	76573970	78767252	3	2	1
48e450a3-d303-5ed0-9c89-2f5d1640ab5d	chr16	78768219	80300263	5	3	2
48e450a3-d303-5ed0-9c89-2f5d1640ab5d	chr16	80300310	81289066	3	2	1
48e450a3-d303-5ed0-9c89-2f5d1640ab5d	chr16	81290240	90096867	2	2	0
48e450a3-d303-5ed0-9c89-2f5d1640ab5d	chr17	150733	8195865	2	2	0
48e450a3-d303-5ed0-9c89-2f5d1640ab5d	chr17	8196053	18233593	3	2	1
48e450a3-d303-5ed0-9c89-2f5d1640ab5d	chr17	18239355	19424258	4	3	1
48e450a3-d303-5ed0-9c89-2f5d1640ab5d	chr17	19424773	38679862	4	2	2
48e450a3-d303-5ed0-9c89-2f5d1640ab5d	chr17	38680972	40998411	3	2	1
48e450a3-d303-5ed0-9c89-2f5d1640ab5d	chr17	40998458	41751967	5	3	2
48e450a3-d303-5ed0-9c89-2f5d1640ab5d	chr17	41752518	57758262	3	2	1
48e450a3-d303-5ed0-9c89-2f5d1640ab5d	chr17	57760549	57770523	5	3	2
48e450a3-d303-5ed0-9c89-2f5d1640ab5d	chr17	57770605	80119658	3	2	1
48e450a3-d303-5ed0-9c89-2f5d1640ab5d	chr17	80120023	83091923	2	1	1
48e450a3-d303-5ed0-9c89-2f5d1640ab5d	chr18	48133	2457843	3	2	1
48e450a3-d303-5ed0-9c89-2f5d1640ab5d	chr18	2460333	3850263	2	1	1
48e450a3-d303-5ed0-9c89-2f5d1640ab5d	chr18	3854905	40680506	3	2	1
48e450a3-d303-5ed0-9c89-2f5d1640ab5d	chr18	40680516	40685425	0	0	0
48e450a3-d303-5ed0-9c89-2f5d1640ab5d	chr18	40688060	68280446	3	2	1
48e450a3-d303-5ed0-9c89-2f5d1640ab5d	chr18	68280764	68281772	8	6	2
48e450a3-d303-5ed0-9c89-2f5d1640ab5d	chr18	68284041	80257174	3	2	1
48e450a3-d303-5ed0-9c89-2f5d1640ab5d	chr19	90910	8615429	3	2	1
48e450a3-d303-5ed0-9c89-2f5d1640ab5d	chr19	8630575	10655143	4	2	2
48e450a3-d303-5ed0-9c89-2f5d1640ab5d	chr19	10657114	12369223	3	2	1
48e450a3-d303-5ed0-9c89-2f5d1640ab5d	chr19	12370255	13975701	5	3	2
48e450a3-d303-5ed0-9c89-2f5d1640ab5d	chr19	13982786	15572918	3	2	1
48e450a3-d303-5ed0-9c89-2f5d1640ab5d	chr19	15573976	15621735	4	3	1
48e450a3-d303-5ed0-9c89-2f5d1640ab5d	chr19	15622678	22611869	3	2	1
48e450a3-d303-5ed0-9c89-2f5d1640ab5d	chr19	22612513	27659768	5	3	2
48e450a3-d303-5ed0-9c89-2f5d1640ab5d	chr19	27662310	29734075	3	2	1
48e450a3-d303-5ed0-9c89-2f5d1640ab5d	chr19	29735382	31000390	4	2	2
48e450a3-d303-5ed0-9c89-2f5d1640ab5d	chr19	31001173	31211853	2	2	0
48e450a3-d303-5ed0-9c89-2f5d1640ab5d	chr19	31212814	32263234	4	2	2
48e450a3-d303-5ed0-9c89-2f5d1640ab5d	chr19	32264884	36711451	3	2	1
48e450a3-d303-5ed0-9c89-2f5d1640ab5d	chr19	36712347	38588311	5	3	2
48e450a3-d303-5ed0-9c89-2f5d1640ab5d	chr19	38592259	41684843	7	5	2
48e450a3-d303-5ed0-9c89-2f5d1640ab5d	chr19	41686928	43692737	5	3	2
48e450a3-d303-5ed0-9c89-2f5d1640ab5d	chr19	43694374	49700328	2	2	0
48e450a3-d303-5ed0-9c89-2f5d1640ab5d	chr19	49700427	53640157	3	2	1
48e450a3-d303-5ed0-9c89-2f5d1640ab5d	chr19	53640874	53849342	5	3	2
48e450a3-d303-5ed0-9c89-2f5d1640ab5d	chr19	53853169	56040720	3	2	1
48e450a3-d303-5ed0-9c89-2f5d1640ab5d	chr19	56044588	57643587	6	4	2
48e450a3-d303-5ed0-9c89-2f5d1640ab5d	chr19	57647522	58586487	4	2	2
48e450a3-d303-5ed0-9c89-2f5d1640ab5d	chr20	80664	1407932	6	3	3
48e450a3-d303-5ed0-9c89-2f5d1640ab5d	chr20	1409477	5869267	5	3	2
48e450a3-d303-5ed0-9c89-2f5d1640ab5d	chr20	5869381	6325935	3	2	1
48e450a3-d303-5ed0-9c89-2f5d1640ab5d	chr20	6331321	7284353	6	5	1
48e450a3-d303-5ed0-9c89-2f5d1640ab5d	chr20	7284391	8056576	2	1	1
48e450a3-d303-5ed0-9c89-2f5d1640ab5d	chr20	8056898	9300773	3	2	1
48e450a3-d303-5ed0-9c89-2f5d1640ab5d	chr20	9301325	10156286	2	1	1
48e450a3-d303-5ed0-9c89-2f5d1640ab5d	chr20	10166938	11673688	3	2	1
48e450a3-d303-5ed0-9c89-2f5d1640ab5d	chr20	11676109	16583715	2	1	1
48e450a3-d303-5ed0-9c89-2f5d1640ab5d	chr20	16583778	16684587	3	2	1
48e450a3-d303-5ed0-9c89-2f5d1640ab5d	chr20	16685245	19119198	4	2	2
48e450a3-d303-5ed0-9c89-2f5d1640ab5d	chr20	19119504	23654723	3	2	1
48e450a3-d303-5ed0-9c89-2f5d1640ab5d	chr20	23655159	31287179	4	2	2
48e450a3-d303-5ed0-9c89-2f5d1640ab5d	chr20	31287363	52422899	3	2	1
48e450a3-d303-5ed0-9c89-2f5d1640ab5d	chr20	52427108	52996188	7	5	2
48e450a3-d303-5ed0-9c89-2f5d1640ab5d	chr20	52996736	53994120	5	3	2
48e450a3-d303-5ed0-9c89-2f5d1640ab5d	chr20	53994434	55579635	4	2	2
48e450a3-d303-5ed0-9c89-2f5d1640ab5d	chr20	55581123	55854717	5	3	2
48e450a3-d303-5ed0-9c89-2f5d1640ab5d	chr20	55855089	55875326	9	5	4
48e450a3-d303-5ed0-9c89-2f5d1640ab5d	chr20	55876382	56592016	4	2	2
48e450a3-d303-5ed0-9c89-2f5d1640ab5d	chr20	56592329	58546039	5	3	2
48e450a3-d303-5ed0-9c89-2f5d1640ab5d	chr20	58546079	62028619	3	2	1
48e450a3-d303-5ed0-9c89-2f5d1640ab5d	chr20	62028810	64324800	2	1	1
48e450a3-d303-5ed0-9c89-2f5d1640ab5d	chr21	12973348	16418755	4	2	2
48e450a3-d303-5ed0-9c89-2f5d1640ab5d	chr21	16419431	16442717	8	5	3
48e450a3-d303-5ed0-9c89-2f5d1640ab5d	chr21	16443984	24227141	4	2	2
48e450a3-d303-5ed0-9c89-2f5d1640ab5d	chr21	24227305	26130125	3	2	1
48e450a3-d303-5ed0-9c89-2f5d1640ab5d	chr21	26130151	29148391	4	2	2
48e450a3-d303-5ed0-9c89-2f5d1640ab5d	chr21	29148586	46677045	3	2	1
48e450a3-d303-5ed0-9c89-2f5d1640ab5d	chr22	16392123	22061134	4	2	2
48e450a3-d303-5ed0-9c89-2f5d1640ab5d	chr22	22061399	28224596	5	3	2
48e450a3-d303-5ed0-9c89-2f5d1640ab5d	chr22	28224919	34652064	3	2	1
48e450a3-d303-5ed0-9c89-2f5d1640ab5d	chr22	34652151	35164413	2	2	0
48e450a3-d303-5ed0-9c89-2f5d1640ab5d	chr22	35164897	37555444	3	2	1
48e450a3-d303-5ed0-9c89-2f5d1640ab5d	chr22	37555987	43134226	1	1	0
48e450a3-d303-5ed0-9c89-2f5d1640ab5d	chr22	43134976	50796027	2	2	0
48e450a3-d303-5ed0-9c89-2f5d1640ab5d	chrX	251810	1507378	3	2	1
48e450a3-d303-5ed0-9c89-2f5d1640ab5d	chrX	1520566	1882751	4	2	2
48e450a3-d303-5ed0-9c89-2f5d1640ab5d	chrX	1892047	2353258	1	1	0
48e450a3-d303-5ed0-9c89-2f5d1640ab5d	chrX	2353541	2665720	2	1	1
48e450a3-d303-5ed0-9c89-2f5d1640ab5d	chrX	2667074	2717448	1	1	0
48e450a3-d303-5ed0-9c89-2f5d1640ab5d	chrX	2719189	3076669	2	1	1
48e450a3-d303-5ed0-9c89-2f5d1640ab5d	chrX	3079142	3527832	5	5	0
48e450a3-d303-5ed0-9c89-2f5d1640ab5d	chrX	3529721	5152343	2	2	0
48e450a3-d303-5ed0-9c89-2f5d1640ab5d	chrX	5155310	6754782	5	5	0
48e450a3-d303-5ed0-9c89-2f5d1640ab5d	chrX	6756036	7408426	2	2	0
48e450a3-d303-5ed0-9c89-2f5d1640ab5d	chrX	7409743	13278683	0	0	0
48e450a3-d303-5ed0-9c89-2f5d1640ab5d	chrX	13278840	15379783	1	1	0
48e450a3-d303-5ed0-9c89-2f5d1640ab5d	chrX	15380954	16351557	0	0	0
48e450a3-d303-5ed0-9c89-2f5d1640ab5d	chrX	16354157	20769204	1	1	0
48e450a3-d303-5ed0-9c89-2f5d1640ab5d	chrX	20769930	21133188	4	4	0
48e450a3-d303-5ed0-9c89-2f5d1640ab5d	chrX	21135794	30260912	1	1	0
48e450a3-d303-5ed0-9c89-2f5d1640ab5d	chrX	30261007	30351635	4	3	1
48e450a3-d303-5ed0-9c89-2f5d1640ab5d	chrX	30354626	36496244	1	1	0
48e450a3-d303-5ed0-9c89-2f5d1640ab5d	chrX	36499121	37322112	0	0	0
48e450a3-d303-5ed0-9c89-2f5d1640ab5d	chrX	37326929	48190190	1	1	0
48e450a3-d303-5ed0-9c89-2f5d1640ab5d	chrX	48190857	51954098	2	2	0
48e450a3-d303-5ed0-9c89-2f5d1640ab5d	chrX	51954313	103924147	1	1	0
48e450a3-d303-5ed0-9c89-2f5d1640ab5d	chrX	103924589	104015626	4	2	2
48e450a3-d303-5ed0-9c89-2f5d1640ab5d	chrX	104015914	144198649	1	1	0
48e450a3-d303-5ed0-9c89-2f5d1640ab5d	chrX	144203770	144258596	0	0	0
48e450a3-d303-5ed0-9c89-2f5d1640ab5d	chrX	144260927	156004181	1	1	0
48e450a3-d303-5ed0-9c89-2f5d1640ab5d	chrY	2782397	7308254	2	1	1
48e450a3-d303-5ed0-9c89-2f5d1640ab5d	chrY	7310612	7884185	1	1	0
48e450a3-d303-5ed0-9c89-2f5d1640ab5d	chrY	7889486	13467335	2	1	1
48e450a3-d303-5ed0-9c89-2f5d1640ab5d	chrY	13467830	13750030	0	0	0
48e450a3-d303-5ed0-9c89-2f5d1640ab5d	chrY	13755037	26653788	3	2	1
48e450a3-d303-5ed0-9c89-2f5d1640ab5d	chrY	56872112	56872112	3	3	0
