GDC_Aliquot	Chromosome	Start	End	Copy_Number	Major_Copy_Number	Minor_Copy_Number
52ff6ae2-3d4b-5575-b2bc-9762ded1a324	chr1	62920	16569132	2	2	0
52ff6ae2-3d4b-5575-b2bc-9762ded1a324	chr1	16570326	36159955	4	2	2
52ff6ae2-3d4b-5575-b2bc-9762ded1a324	chr1	36161590	39117842	6	4	2
52ff6ae2-3d4b-5575-b2bc-9762ded1a324	chr1	39120667	40333724	4	2	2
52ff6ae2-3d4b-5575-b2bc-9762ded1a324	chr1	40333755	44182878	2	2	0
52ff6ae2-3d4b-5575-b2bc-9762ded1a324	chr1	44198209	61196347	4	2	2
52ff6ae2-3d4b-5575-b2bc-9762ded1a324	chr1	61196816	61976346	2	2	0
52ff6ae2-3d4b-5575-b2bc-9762ded1a324	chr1	61976706	61981263	3	3	0
52ff6ae2-3d4b-5575-b2bc-9762ded1a324	chr1	61981285	61992040	2	1	1
52ff6ae2-3d4b-5575-b2bc-9762ded1a324	chr1	62000561	67834989	4	2	2
52ff6ae2-3d4b-5575-b2bc-9762ded1a324	chr1	67835134	67852021	3	2	1
52ff6ae2-3d4b-5575-b2bc-9762ded1a324	chr1	67854040	74018816	5	3	2
52ff6ae2-3d4b-5575-b2bc-9762ded1a324	chr1	74020311	75748823	2	2	0
52ff6ae2-3d4b-5575-b2bc-9762ded1a324	chr1	75754116	76855222	4	2	2
52ff6ae2-3d4b-5575-b2bc-9762ded1a324	chr1	76857439	78157045	2	2	0
52ff6ae2-3d4b-5575-b2bc-9762ded1a324	chr1	78157207	101204372	4	2	2
52ff6ae2-3d4b-5575-b2bc-9762ded1a324	chr1	101204429	104247629	2	2	0
52ff6ae2-3d4b-5575-b2bc-9762ded1a324	chr1	104248185	104999757	4	2	2
52ff6ae2-3d4b-5575-b2bc-9762ded1a324	chr1	105000996	109472445	2	2	0
52ff6ae2-3d4b-5575-b2bc-9762ded1a324	chr1	109481386	154424784	4	2	2
52ff6ae2-3d4b-5575-b2bc-9762ded1a324	chr1	154425354	168694160	2	2	0
52ff6ae2-3d4b-5575-b2bc-9762ded1a324	chr1	168696108	170864958	4	2	2
52ff6ae2-3d4b-5575-b2bc-9762ded1a324	chr1	170865050	171644974	2	2	0
52ff6ae2-3d4b-5575-b2bc-9762ded1a324	chr1	171645543	175711488	4	2	2
52ff6ae2-3d4b-5575-b2bc-9762ded1a324	chr1	175717494	176205958	2	2	0
52ff6ae2-3d4b-5575-b2bc-9762ded1a324	chr1	176210649	176449432	4	3	1
52ff6ae2-3d4b-5575-b2bc-9762ded1a324	chr1	176454086	177304407	2	2	0
52ff6ae2-3d4b-5575-b2bc-9762ded1a324	chr1	177304882	178756094	4	2	2
52ff6ae2-3d4b-5575-b2bc-9762ded1a324	chr1	178761953	186144965	2	2	0
52ff6ae2-3d4b-5575-b2bc-9762ded1a324	chr1	186145193	188088779	5	3	2
52ff6ae2-3d4b-5575-b2bc-9762ded1a324	chr1	188089453	190242947	7	5	2
52ff6ae2-3d4b-5575-b2bc-9762ded1a324	chr1	190246004	190432250	5	3	2
52ff6ae2-3d4b-5575-b2bc-9762ded1a324	chr1	190437201	248930189	2	2	0
52ff6ae2-3d4b-5575-b2bc-9762ded1a324	chr2	12784	31022647	4	2	2
52ff6ae2-3d4b-5575-b2bc-9762ded1a324	chr2	31022784	31027855	3	2	1
52ff6ae2-3d4b-5575-b2bc-9762ded1a324	chr2	31029795	52503189	4	2	2
52ff6ae2-3d4b-5575-b2bc-9762ded1a324	chr2	52503394	52591665	0	0	0
52ff6ae2-3d4b-5575-b2bc-9762ded1a324	chr2	52595363	105426501	4	2	2
52ff6ae2-3d4b-5575-b2bc-9762ded1a324	chr2	105427634	105443567	7	4	3
52ff6ae2-3d4b-5575-b2bc-9762ded1a324	chr2	105444622	105543169	4	2	2
52ff6ae2-3d4b-5575-b2bc-9762ded1a324	chr2	105543877	105555544	6	3	3
52ff6ae2-3d4b-5575-b2bc-9762ded1a324	chr2	105555991	146104517	4	2	2
52ff6ae2-3d4b-5575-b2bc-9762ded1a324	chr2	146106836	146109366	0	0	0
52ff6ae2-3d4b-5575-b2bc-9762ded1a324	chr2	146120238	233985674	4	2	2
52ff6ae2-3d4b-5575-b2bc-9762ded1a324	chr2	233989074	242147305	3	2	1
52ff6ae2-3d4b-5575-b2bc-9762ded1a324	chr3	20930	23102027	2	2	0
52ff6ae2-3d4b-5575-b2bc-9762ded1a324	chr3	23103200	23110178	1	1	0
52ff6ae2-3d4b-5575-b2bc-9762ded1a324	chr3	23113637	80412097	2	2	0
52ff6ae2-3d4b-5575-b2bc-9762ded1a324	chr3	80412274	80421930	0	0	0
52ff6ae2-3d4b-5575-b2bc-9762ded1a324	chr3	80422150	99185055	2	2	0
52ff6ae2-3d4b-5575-b2bc-9762ded1a324	chr3	99186860	100121766	0	0	0
52ff6ae2-3d4b-5575-b2bc-9762ded1a324	chr3	100124747	102313955	2	2	0
52ff6ae2-3d4b-5575-b2bc-9762ded1a324	chr3	102314816	102413763	5	4	1
52ff6ae2-3d4b-5575-b2bc-9762ded1a324	chr3	102413985	103153751	2	2	0
52ff6ae2-3d4b-5575-b2bc-9762ded1a324	chr3	103154983	103421905	4	3	1
52ff6ae2-3d4b-5575-b2bc-9762ded1a324	chr3	103422074	104910559	2	2	0
52ff6ae2-3d4b-5575-b2bc-9762ded1a324	chr3	104912622	107797981	3	2	1
52ff6ae2-3d4b-5575-b2bc-9762ded1a324	chr3	107798000	107969871	5	3	2
52ff6ae2-3d4b-5575-b2bc-9762ded1a324	chr3	107971953	108207279	3	2	1
52ff6ae2-3d4b-5575-b2bc-9762ded1a324	chr3	108207411	108469908	5	3	2
52ff6ae2-3d4b-5575-b2bc-9762ded1a324	chr3	108475198	109785125	15	13	2
52ff6ae2-3d4b-5575-b2bc-9762ded1a324	chr3	109786882	111315788	22	20	2
52ff6ae2-3d4b-5575-b2bc-9762ded1a324	chr3	111317512	112285654	28	27	1
52ff6ae2-3d4b-5575-b2bc-9762ded1a324	chr3	112287325	114092841	21	20	1
52ff6ae2-3d4b-5575-b2bc-9762ded1a324	chr3	114096261	114600199	19	17	2
52ff6ae2-3d4b-5575-b2bc-9762ded1a324	chr3	114606817	114879490	8	6	2
52ff6ae2-3d4b-5575-b2bc-9762ded1a324	chr3	114879682	115537507	16	14	2
52ff6ae2-3d4b-5575-b2bc-9762ded1a324	chr3	115540205	115743924	8	6	2
52ff6ae2-3d4b-5575-b2bc-9762ded1a324	chr3	115744018	116517333	5	3	2
52ff6ae2-3d4b-5575-b2bc-9762ded1a324	chr3	116517492	117070052	2	2	0
52ff6ae2-3d4b-5575-b2bc-9762ded1a324	chr3	117070604	117831397	4	2	2
52ff6ae2-3d4b-5575-b2bc-9762ded1a324	chr3	117831584	118173104	2	2	0
52ff6ae2-3d4b-5575-b2bc-9762ded1a324	chr3	118174982	119082677	3	2	1
52ff6ae2-3d4b-5575-b2bc-9762ded1a324	chr3	119083007	124320458	2	2	0
52ff6ae2-3d4b-5575-b2bc-9762ded1a324	chr3	124320531	125135164	5	3	2
52ff6ae2-3d4b-5575-b2bc-9762ded1a324	chr3	125135314	126651055	3	2	1
52ff6ae2-3d4b-5575-b2bc-9762ded1a324	chr3	126653600	127251814	2	2	0
52ff6ae2-3d4b-5575-b2bc-9762ded1a324	chr3	127252905	127610923	3	2	1
52ff6ae2-3d4b-5575-b2bc-9762ded1a324	chr3	127610942	136251079	2	2	0
52ff6ae2-3d4b-5575-b2bc-9762ded1a324	chr3	136255892	137245217	3	2	1
52ff6ae2-3d4b-5575-b2bc-9762ded1a324	chr3	137246204	147659401	2	2	0
52ff6ae2-3d4b-5575-b2bc-9762ded1a324	chr3	147661845	198169247	4	2	2
52ff6ae2-3d4b-5575-b2bc-9762ded1a324	chr4	68929	26116330	2	2	0
52ff6ae2-3d4b-5575-b2bc-9762ded1a324	chr4	26116960	26194954	4	3	1
52ff6ae2-3d4b-5575-b2bc-9762ded1a324	chr4	26194991	30339341	2	2	0
52ff6ae2-3d4b-5575-b2bc-9762ded1a324	chr4	30340732	31985573	5	3	2
52ff6ae2-3d4b-5575-b2bc-9762ded1a324	chr4	31986034	54145602	4	2	2
52ff6ae2-3d4b-5575-b2bc-9762ded1a324	chr4	54149930	58509416	5	3	2
52ff6ae2-3d4b-5575-b2bc-9762ded1a324	chr4	58509430	58522514	3	2	1
52ff6ae2-3d4b-5575-b2bc-9762ded1a324	chr4	58522594	68418873	4	2	2
52ff6ae2-3d4b-5575-b2bc-9762ded1a324	chr4	68422420	68736221	0	0	0
52ff6ae2-3d4b-5575-b2bc-9762ded1a324	chr4	68736405	102343914	4	2	2
52ff6ae2-3d4b-5575-b2bc-9762ded1a324	chr4	102347842	108425212	3	2	1
52ff6ae2-3d4b-5575-b2bc-9762ded1a324	chr4	108428308	110376475	4	2	2
52ff6ae2-3d4b-5575-b2bc-9762ded1a324	chr4	110376532	114853300	3	2	1
52ff6ae2-3d4b-5575-b2bc-9762ded1a324	chr4	114857355	115317585	5	3	2
52ff6ae2-3d4b-5575-b2bc-9762ded1a324	chr4	115319752	126343172	3	2	1
52ff6ae2-3d4b-5575-b2bc-9762ded1a324	chr4	126343481	127851603	4	3	1
52ff6ae2-3d4b-5575-b2bc-9762ded1a324	chr4	127854219	129113085	3	2	1
52ff6ae2-3d4b-5575-b2bc-9762ded1a324	chr4	129114600	129120294	2	1	1
52ff6ae2-3d4b-5575-b2bc-9762ded1a324	chr4	129120377	134063011	3	2	1
52ff6ae2-3d4b-5575-b2bc-9762ded1a324	chr4	134064250	138280450	2	1	1
52ff6ae2-3d4b-5575-b2bc-9762ded1a324	chr4	138281066	138426302	1	1	0
52ff6ae2-3d4b-5575-b2bc-9762ded1a324	chr4	138428016	138467675	0	0	0
52ff6ae2-3d4b-5575-b2bc-9762ded1a324	chr4	138470046	140868441	1	1	0
52ff6ae2-3d4b-5575-b2bc-9762ded1a324	chr4	140874371	145666284	2	2	0
52ff6ae2-3d4b-5575-b2bc-9762ded1a324	chr4	145666388	154123612	3	3	0
52ff6ae2-3d4b-5575-b2bc-9762ded1a324	chr4	154123832	154676864	2	2	0
52ff6ae2-3d4b-5575-b2bc-9762ded1a324	chr4	154680588	190106768	3	3	0
52ff6ae2-3d4b-5575-b2bc-9762ded1a324	chr5	15532	18158509	4	2	2
52ff6ae2-3d4b-5575-b2bc-9762ded1a324	chr5	18162341	19935328	3	2	1
52ff6ae2-3d4b-5575-b2bc-9762ded1a324	chr5	19940024	178425581	4	2	2
52ff6ae2-3d4b-5575-b2bc-9762ded1a324	chr5	178426531	178465346	3	2	1
52ff6ae2-3d4b-5575-b2bc-9762ded1a324	chr5	178465929	181363319	4	2	2
52ff6ae2-3d4b-5575-b2bc-9762ded1a324	chr6	149661	32463515	2	2	0
52ff6ae2-3d4b-5575-b2bc-9762ded1a324	chr6	32463775	32626664	7	6	1
52ff6ae2-3d4b-5575-b2bc-9762ded1a324	chr6	32627306	40473904	2	2	0
52ff6ae2-3d4b-5575-b2bc-9762ded1a324	chr6	40474133	63812754	4	2	2
52ff6ae2-3d4b-5575-b2bc-9762ded1a324	chr6	63816550	64565691	2	2	0
52ff6ae2-3d4b-5575-b2bc-9762ded1a324	chr6	64565982	66890156	1	1	0
52ff6ae2-3d4b-5575-b2bc-9762ded1a324	chr6	66890630	69330257	3	2	1
52ff6ae2-3d4b-5575-b2bc-9762ded1a324	chr6	69336799	103477462	1	1	0
52ff6ae2-3d4b-5575-b2bc-9762ded1a324	chr6	103510929	103561545	3	2	1
52ff6ae2-3d4b-5575-b2bc-9762ded1a324	chr6	103561571	121179004	1	1	0
52ff6ae2-3d4b-5575-b2bc-9762ded1a324	chr6	121191092	121361763	0	0	0
52ff6ae2-3d4b-5575-b2bc-9762ded1a324	chr6	121364724	162433351	2	2	0
52ff6ae2-3d4b-5575-b2bc-9762ded1a324	chr6	162435772	162449915	7	5	2
52ff6ae2-3d4b-5575-b2bc-9762ded1a324	chr6	162454302	164459863	2	2	0
52ff6ae2-3d4b-5575-b2bc-9762ded1a324	chr6	164464315	164595970	0	0	0
52ff6ae2-3d4b-5575-b2bc-9762ded1a324	chr6	164599236	170741917	2	2	0
52ff6ae2-3d4b-5575-b2bc-9762ded1a324	chr7	43259	11033375	4	2	2
52ff6ae2-3d4b-5575-b2bc-9762ded1a324	chr7	11034013	12353969	2	2	0
52ff6ae2-3d4b-5575-b2bc-9762ded1a324	chr7	12362938	12490865	4	3	1
52ff6ae2-3d4b-5575-b2bc-9762ded1a324	chr7	12491252	36095024	2	2	0
52ff6ae2-3d4b-5575-b2bc-9762ded1a324	chr7	36095148	37207131	1	1	0
52ff6ae2-3d4b-5575-b2bc-9762ded1a324	chr7	37213413	44203447	3	3	0
52ff6ae2-3d4b-5575-b2bc-9762ded1a324	chr7	44208165	75415352	2	2	0
52ff6ae2-3d4b-5575-b2bc-9762ded1a324	chr7	75415813	76308275	3	3	0
52ff6ae2-3d4b-5575-b2bc-9762ded1a324	chr7	76320300	94409720	2	2	0
52ff6ae2-3d4b-5575-b2bc-9762ded1a324	chr7	94409875	94429986	1	1	0
52ff6ae2-3d4b-5575-b2bc-9762ded1a324	chr7	94430005	99928487	2	2	0
52ff6ae2-3d4b-5575-b2bc-9762ded1a324	chr7	99928693	102380095	3	3	0
52ff6ae2-3d4b-5575-b2bc-9762ded1a324	chr7	102383740	122463932	2	2	0
52ff6ae2-3d4b-5575-b2bc-9762ded1a324	chr7	122464813	125422850	3	3	0
52ff6ae2-3d4b-5575-b2bc-9762ded1a324	chr7	125424242	133670159	2	2	0
52ff6ae2-3d4b-5575-b2bc-9762ded1a324	chr7	133677614	134008396	4	3	1
52ff6ae2-3d4b-5575-b2bc-9762ded1a324	chr7	134013519	143295839	2	2	0
52ff6ae2-3d4b-5575-b2bc-9762ded1a324	chr7	143296890	145552546	3	3	0
52ff6ae2-3d4b-5575-b2bc-9762ded1a324	chr7	145552638	147786964	2	2	0
52ff6ae2-3d4b-5575-b2bc-9762ded1a324	chr7	147798274	158322732	3	3	0
52ff6ae2-3d4b-5575-b2bc-9762ded1a324	chr7	158323170	159334314	4	4	0
52ff6ae2-3d4b-5575-b2bc-9762ded1a324	chr8	81254	3974416	4	2	2
52ff6ae2-3d4b-5575-b2bc-9762ded1a324	chr8	3975417	4071554	3	2	1
52ff6ae2-3d4b-5575-b2bc-9762ded1a324	chr8	4071646	71695007	4	2	2
52ff6ae2-3d4b-5575-b2bc-9762ded1a324	chr8	71695373	93347766	3	2	1
52ff6ae2-3d4b-5575-b2bc-9762ded1a324	chr8	93351143	93550015	8	6	2
52ff6ae2-3d4b-5575-b2bc-9762ded1a324	chr8	93554190	108665645	3	2	1
52ff6ae2-3d4b-5575-b2bc-9762ded1a324	chr8	108670189	108775627	6	5	1
52ff6ae2-3d4b-5575-b2bc-9762ded1a324	chr8	108778427	109571945	3	2	1
52ff6ae2-3d4b-5575-b2bc-9762ded1a324	chr8	109573059	109748780	6	5	1
52ff6ae2-3d4b-5575-b2bc-9762ded1a324	chr8	109756524	111431928	3	2	1
52ff6ae2-3d4b-5575-b2bc-9762ded1a324	chr8	111432952	113146988	1	1	0
52ff6ae2-3d4b-5575-b2bc-9762ded1a324	chr8	113149041	113191009	5	5	0
52ff6ae2-3d4b-5575-b2bc-9762ded1a324	chr8	113193414	113948681	1	1	0
52ff6ae2-3d4b-5575-b2bc-9762ded1a324	chr8	113948764	114650552	6	5	1
52ff6ae2-3d4b-5575-b2bc-9762ded1a324	chr8	114653157	116400939	11	10	1
52ff6ae2-3d4b-5575-b2bc-9762ded1a324	chr8	116401593	117474750	9	8	1
52ff6ae2-3d4b-5575-b2bc-9762ded1a324	chr8	117476910	120875870	6	5	1
52ff6ae2-3d4b-5575-b2bc-9762ded1a324	chr8	120879464	121471408	3	2	1
52ff6ae2-3d4b-5575-b2bc-9762ded1a324	chr8	121473691	140562068	6	5	1
52ff6ae2-3d4b-5575-b2bc-9762ded1a324	chr8	140562461	145072769	5	4	1
52ff6ae2-3d4b-5575-b2bc-9762ded1a324	chr9	46587	2626654	5	3	2
52ff6ae2-3d4b-5575-b2bc-9762ded1a324	chr9	2626851	14334787	4	2	2
52ff6ae2-3d4b-5575-b2bc-9762ded1a324	chr9	14335061	14404293	2	2	0
52ff6ae2-3d4b-5575-b2bc-9762ded1a324	chr9	14405159	14673833	7	5	2
52ff6ae2-3d4b-5575-b2bc-9762ded1a324	chr9	14678732	17015869	5	5	0
52ff6ae2-3d4b-5575-b2bc-9762ded1a324	chr9	17016505	17072416	3	3	0
52ff6ae2-3d4b-5575-b2bc-9762ded1a324	chr9	17074893	17379997	0	0	0
52ff6ae2-3d4b-5575-b2bc-9762ded1a324	chr9	17380030	17988084	2	2	0
52ff6ae2-3d4b-5575-b2bc-9762ded1a324	chr9	17990253	18140317	4	4	0
52ff6ae2-3d4b-5575-b2bc-9762ded1a324	chr9	18140771	18530257	2	2	0
52ff6ae2-3d4b-5575-b2bc-9762ded1a324	chr9	18530869	18830446	4	4	0
52ff6ae2-3d4b-5575-b2bc-9762ded1a324	chr9	18830592	18901912	2	2	0
52ff6ae2-3d4b-5575-b2bc-9762ded1a324	chr9	18903492	19858975	4	4	0
52ff6ae2-3d4b-5575-b2bc-9762ded1a324	chr9	19859841	20046683	2	2	0
52ff6ae2-3d4b-5575-b2bc-9762ded1a324	chr9	20047929	20282835	4	4	0
52ff6ae2-3d4b-5575-b2bc-9762ded1a324	chr9	20283267	20553090	0	0	0
52ff6ae2-3d4b-5575-b2bc-9762ded1a324	chr9	20560608	20924604	2	2	0
52ff6ae2-3d4b-5575-b2bc-9762ded1a324	chr9	20925864	22558882	0	0	0
52ff6ae2-3d4b-5575-b2bc-9762ded1a324	chr9	22565073	22628657	3	2	1
52ff6ae2-3d4b-5575-b2bc-9762ded1a324	chr9	22628932	24503818	5	3	2
52ff6ae2-3d4b-5575-b2bc-9762ded1a324	chr9	24504127	38058668	2	2	0
52ff6ae2-3d4b-5575-b2bc-9762ded1a324	chr9	38060971	41741113	3	2	1
52ff6ae2-3d4b-5575-b2bc-9762ded1a324	chr9	60863881	73445000	2	2	0
52ff6ae2-3d4b-5575-b2bc-9762ded1a324	chr9	73445040	73515079	0	0	0
52ff6ae2-3d4b-5575-b2bc-9762ded1a324	chr9	73515351	138200944	2	2	0
52ff6ae2-3d4b-5575-b2bc-9762ded1a324	chr10	45792	15866979	2	2	0
52ff6ae2-3d4b-5575-b2bc-9762ded1a324	chr10	15870959	17672391	4	2	2
52ff6ae2-3d4b-5575-b2bc-9762ded1a324	chr10	17678770	17951676	2	1	1
52ff6ae2-3d4b-5575-b2bc-9762ded1a324	chr10	17952237	17963282	4	2	2
52ff6ae2-3d4b-5575-b2bc-9762ded1a324	chr10	17964422	45093043	2	2	0
52ff6ae2-3d4b-5575-b2bc-9762ded1a324	chr10	45093762	47680298	4	2	2
52ff6ae2-3d4b-5575-b2bc-9762ded1a324	chr10	47680348	78226882	2	2	0
52ff6ae2-3d4b-5575-b2bc-9762ded1a324	chr10	78228323	89342822	4	2	2
52ff6ae2-3d4b-5575-b2bc-9762ded1a324	chr10	89342935	90025657	4	3	1
52ff6ae2-3d4b-5575-b2bc-9762ded1a324	chr10	90025942	108807115	4	2	2
52ff6ae2-3d4b-5575-b2bc-9762ded1a324	chr10	108813402	109296880	6	4	2
52ff6ae2-3d4b-5575-b2bc-9762ded1a324	chr10	109300040	110313903	4	2	2
52ff6ae2-3d4b-5575-b2bc-9762ded1a324	chr10	110314319	110440753	3	2	1
52ff6ae2-3d4b-5575-b2bc-9762ded1a324	chr10	110443135	110820150	4	2	2
52ff6ae2-3d4b-5575-b2bc-9762ded1a324	chr10	110821629	110924757	6	4	2
52ff6ae2-3d4b-5575-b2bc-9762ded1a324	chr10	110926280	117063439	4	2	2
52ff6ae2-3d4b-5575-b2bc-9762ded1a324	chr10	117070154	117170301	1	1	0
52ff6ae2-3d4b-5575-b2bc-9762ded1a324	chr10	117174388	117550135	4	2	2
52ff6ae2-3d4b-5575-b2bc-9762ded1a324	chr10	117556314	117607909	3	2	1
52ff6ae2-3d4b-5575-b2bc-9762ded1a324	chr10	117612330	129726785	4	2	2
52ff6ae2-3d4b-5575-b2bc-9762ded1a324	chr10	129728771	131176048	2	2	0
52ff6ae2-3d4b-5575-b2bc-9762ded1a324	chr10	131177333	131440793	0	0	0
52ff6ae2-3d4b-5575-b2bc-9762ded1a324	chr10	131448229	133654968	2	2	0
52ff6ae2-3d4b-5575-b2bc-9762ded1a324	chr11	198510	50614055	2	2	0
52ff6ae2-3d4b-5575-b2bc-9762ded1a324	chr11	50630048	58385132	4	2	2
52ff6ae2-3d4b-5575-b2bc-9762ded1a324	chr11	58386843	58649861	3	2	1
52ff6ae2-3d4b-5575-b2bc-9762ded1a324	chr11	58650488	112393282	4	2	2
52ff6ae2-3d4b-5575-b2bc-9762ded1a324	chr11	112393568	112394981	3	2	1
52ff6ae2-3d4b-5575-b2bc-9762ded1a324	chr11	112398305	118657714	4	2	2
52ff6ae2-3d4b-5575-b2bc-9762ded1a324	chr11	118657756	118736289	3	2	1
52ff6ae2-3d4b-5575-b2bc-9762ded1a324	chr11	118736969	135074876	4	2	2
52ff6ae2-3d4b-5575-b2bc-9762ded1a324	chr12	51460	18229439	4	2	2
52ff6ae2-3d4b-5575-b2bc-9762ded1a324	chr12	18229494	23631786	5	3	2
52ff6ae2-3d4b-5575-b2bc-9762ded1a324	chr12	23634650	112420080	4	2	2
52ff6ae2-3d4b-5575-b2bc-9762ded1a324	chr12	112420278	133201603	2	2	0
52ff6ae2-3d4b-5575-b2bc-9762ded1a324	chr13	18452809	19044164	2	2	0
52ff6ae2-3d4b-5575-b2bc-9762ded1a324	chr13	19048003	19370012	4	4	0
52ff6ae2-3d4b-5575-b2bc-9762ded1a324	chr13	19373431	22124366	2	2	0
52ff6ae2-3d4b-5575-b2bc-9762ded1a324	chr13	22129391	22237055	4	2	2
52ff6ae2-3d4b-5575-b2bc-9762ded1a324	chr13	22237801	26865823	2	2	0
52ff6ae2-3d4b-5575-b2bc-9762ded1a324	chr13	26866070	26907460	4	3	1
52ff6ae2-3d4b-5575-b2bc-9762ded1a324	chr13	26907762	26960546	2	2	0
52ff6ae2-3d4b-5575-b2bc-9762ded1a324	chr13	26960567	30652044	4	2	2
52ff6ae2-3d4b-5575-b2bc-9762ded1a324	chr13	30653200	38959453	2	2	0
52ff6ae2-3d4b-5575-b2bc-9762ded1a324	chr13	38959524	38962460	4	4	0
52ff6ae2-3d4b-5575-b2bc-9762ded1a324	chr13	38962513	99374502	2	2	0
52ff6ae2-3d4b-5575-b2bc-9762ded1a324	chr13	99375558	99380807	1	1	0
52ff6ae2-3d4b-5575-b2bc-9762ded1a324	chr13	99381398	114342922	2	2	0
52ff6ae2-3d4b-5575-b2bc-9762ded1a324	chr14	18239283	19957701	5	4	1
52ff6ae2-3d4b-5575-b2bc-9762ded1a324	chr14	19957752	28115224	3	3	0
52ff6ae2-3d4b-5575-b2bc-9762ded1a324	chr14	28117118	29242253	5	5	0
52ff6ae2-3d4b-5575-b2bc-9762ded1a324	chr14	29242599	43023605	3	3	0
52ff6ae2-3d4b-5575-b2bc-9762ded1a324	chr14	43027585	44001818	5	5	0
52ff6ae2-3d4b-5575-b2bc-9762ded1a324	chr14	44005460	47450978	3	3	0
52ff6ae2-3d4b-5575-b2bc-9762ded1a324	chr14	47452702	49448430	4	4	0
52ff6ae2-3d4b-5575-b2bc-9762ded1a324	chr14	49448827	55759244	3	3	0
52ff6ae2-3d4b-5575-b2bc-9762ded1a324	chr14	55759461	56491322	4	4	0
52ff6ae2-3d4b-5575-b2bc-9762ded1a324	chr14	56491397	87340858	3	3	0
52ff6ae2-3d4b-5575-b2bc-9762ded1a324	chr14	87341274	87346663	2	2	0
52ff6ae2-3d4b-5575-b2bc-9762ded1a324	chr14	87346968	105757523	3	3	0
52ff6ae2-3d4b-5575-b2bc-9762ded1a324	chr14	105758017	106321086	7	7	0
52ff6ae2-3d4b-5575-b2bc-9762ded1a324	chr14	106340102	106877229	3	3	0
52ff6ae2-3d4b-5575-b2bc-9762ded1a324	chr15	19811075	54522666	2	2	0
52ff6ae2-3d4b-5575-b2bc-9762ded1a324	chr15	54528151	54659879	9	7	2
52ff6ae2-3d4b-5575-b2bc-9762ded1a324	chr15	54661059	54706997	2	2	0
52ff6ae2-3d4b-5575-b2bc-9762ded1a324	chr15	54708716	54969005	3	2	1
52ff6ae2-3d4b-5575-b2bc-9762ded1a324	chr15	54969414	56567372	2	2	0
52ff6ae2-3d4b-5575-b2bc-9762ded1a324	chr15	56567611	56674826	5	3	2
52ff6ae2-3d4b-5575-b2bc-9762ded1a324	chr15	56675923	56821683	2	1	1
52ff6ae2-3d4b-5575-b2bc-9762ded1a324	chr15	56821725	57126454	4	2	2
52ff6ae2-3d4b-5575-b2bc-9762ded1a324	chr15	57126561	57304152	3	2	1
52ff6ae2-3d4b-5575-b2bc-9762ded1a324	chr15	57305082	57393962	2	2	0
52ff6ae2-3d4b-5575-b2bc-9762ded1a324	chr15	57395334	57410521	5	3	2
52ff6ae2-3d4b-5575-b2bc-9762ded1a324	chr15	57416085	57493595	2	2	0
52ff6ae2-3d4b-5575-b2bc-9762ded1a324	chr15	57493808	59067809	4	2	2
52ff6ae2-3d4b-5575-b2bc-9762ded1a324	chr15	59070891	59738463	2	2	0
52ff6ae2-3d4b-5575-b2bc-9762ded1a324	chr15	59738705	59913573	9	7	2
52ff6ae2-3d4b-5575-b2bc-9762ded1a324	chr15	59914103	61954171	2	2	0
52ff6ae2-3d4b-5575-b2bc-9762ded1a324	chr15	61958231	62205245	8	6	2
52ff6ae2-3d4b-5575-b2bc-9762ded1a324	chr15	62206117	65349103	2	2	0
52ff6ae2-3d4b-5575-b2bc-9762ded1a324	chr15	65354312	66669096	3	2	1
52ff6ae2-3d4b-5575-b2bc-9762ded1a324	chr15	66669147	67242513	4	2	2
52ff6ae2-3d4b-5575-b2bc-9762ded1a324	chr15	67244080	89087245	2	2	0
52ff6ae2-3d4b-5575-b2bc-9762ded1a324	chr15	89087474	89599056	7	5	2
52ff6ae2-3d4b-5575-b2bc-9762ded1a324	chr15	89599391	90873375	11	9	2
52ff6ae2-3d4b-5575-b2bc-9762ded1a324	chr15	90875067	94179566	2	2	0
52ff6ae2-3d4b-5575-b2bc-9762ded1a324	chr15	94180038	94790867	5	3	2
52ff6ae2-3d4b-5575-b2bc-9762ded1a324	chr15	94803164	94902535	14	13	1
52ff6ae2-3d4b-5575-b2bc-9762ded1a324	chr15	94906902	95252726	2	2	0
52ff6ae2-3d4b-5575-b2bc-9762ded1a324	chr15	95257829	98337281	7	5	2
52ff6ae2-3d4b-5575-b2bc-9762ded1a324	chr15	98337337	98588759	4	2	2
52ff6ae2-3d4b-5575-b2bc-9762ded1a324	chr15	98589061	99752197	6	4	2
52ff6ae2-3d4b-5575-b2bc-9762ded1a324	chr15	99753238	100005663	4	2	2
52ff6ae2-3d4b-5575-b2bc-9762ded1a324	chr15	100005884	100172237	6	4	2
52ff6ae2-3d4b-5575-b2bc-9762ded1a324	chr15	100176119	101928837	2	2	0
52ff6ae2-3d4b-5575-b2bc-9762ded1a324	chr16	10777	25817556	2	2	0
52ff6ae2-3d4b-5575-b2bc-9762ded1a324	chr16	25817586	28271979	4	2	2
52ff6ae2-3d4b-5575-b2bc-9762ded1a324	chr16	28271994	29642431	2	2	0
52ff6ae2-3d4b-5575-b2bc-9762ded1a324	chr16	29643281	31849091	4	2	2
52ff6ae2-3d4b-5575-b2bc-9762ded1a324	chr16	31849183	36048855	3	2	1
52ff6ae2-3d4b-5575-b2bc-9762ded1a324	chr16	46441986	46476005	2	2	0
52ff6ae2-3d4b-5575-b2bc-9762ded1a324	chr16	46481615	46967714	5	4	1
52ff6ae2-3d4b-5575-b2bc-9762ded1a324	chr16	46968728	62252518	2	2	0
52ff6ae2-3d4b-5575-b2bc-9762ded1a324	chr16	62255324	76298030	4	2	2
52ff6ae2-3d4b-5575-b2bc-9762ded1a324	chr16	76300324	90096867	2	2	0
52ff6ae2-3d4b-5575-b2bc-9762ded1a324	chr17	150733	15414789	2	2	0
52ff6ae2-3d4b-5575-b2bc-9762ded1a324	chr17	15415538	26955079	4	2	2
52ff6ae2-3d4b-5575-b2bc-9762ded1a324	chr17	26960035	31912002	2	2	0
52ff6ae2-3d4b-5575-b2bc-9762ded1a324	chr17	31916564	32901611	4	2	2
52ff6ae2-3d4b-5575-b2bc-9762ded1a324	chr17	32907109	55216958	2	2	0
52ff6ae2-3d4b-5575-b2bc-9762ded1a324	chr17	55218212	55995531	4	2	2
52ff6ae2-3d4b-5575-b2bc-9762ded1a324	chr17	55996470	69299918	2	2	0
52ff6ae2-3d4b-5575-b2bc-9762ded1a324	chr17	69312055	69373160	4	3	1
52ff6ae2-3d4b-5575-b2bc-9762ded1a324	chr17	69373714	73113730	7	5	2
52ff6ae2-3d4b-5575-b2bc-9762ded1a324	chr17	73114211	83091923	6	4	2
52ff6ae2-3d4b-5575-b2bc-9762ded1a324	chr18	48133	80257174	3	2	1
52ff6ae2-3d4b-5575-b2bc-9762ded1a324	chr19	90910	6950682	4	2	2
52ff6ae2-3d4b-5575-b2bc-9762ded1a324	chr19	6951423	57383388	3	2	1
52ff6ae2-3d4b-5575-b2bc-9762ded1a324	chr19	57385366	57647522	5	4	1
52ff6ae2-3d4b-5575-b2bc-9762ded1a324	chr19	57656083	58586487	1	1	0
52ff6ae2-3d4b-5575-b2bc-9762ded1a324	chr20	80664	7635756	2	2	0
52ff6ae2-3d4b-5575-b2bc-9762ded1a324	chr20	7636574	8157702	0	0	0
52ff6ae2-3d4b-5575-b2bc-9762ded1a324	chr20	8163488	55875326	2	2	0
52ff6ae2-3d4b-5575-b2bc-9762ded1a324	chr20	55876382	55924029	1	1	0
52ff6ae2-3d4b-5575-b2bc-9762ded1a324	chr20	55924082	64324800	2	2	0
52ff6ae2-3d4b-5575-b2bc-9762ded1a324	chr21	12973348	14075661	2	2	0
52ff6ae2-3d4b-5575-b2bc-9762ded1a324	chr21	14076059	18638163	3	3	0
52ff6ae2-3d4b-5575-b2bc-9762ded1a324	chr21	18638359	41568817	2	2	0
52ff6ae2-3d4b-5575-b2bc-9762ded1a324	chr21	41569210	43034042	4	2	2
52ff6ae2-3d4b-5575-b2bc-9762ded1a324	chr21	43034905	43354838	4	3	1
52ff6ae2-3d4b-5575-b2bc-9762ded1a324	chr21	43354864	43879837	2	2	0
52ff6ae2-3d4b-5575-b2bc-9762ded1a324	chr21	43881552	44785769	4	2	2
52ff6ae2-3d4b-5575-b2bc-9762ded1a324	chr21	44795693	45428584	2	2	0
52ff6ae2-3d4b-5575-b2bc-9762ded1a324	chr21	45428674	45903608	5	3	2
52ff6ae2-3d4b-5575-b2bc-9762ded1a324	chr21	45903828	46677045	8	6	2
52ff6ae2-3d4b-5575-b2bc-9762ded1a324	chr22	16392123	19102391	2	2	0
52ff6ae2-3d4b-5575-b2bc-9762ded1a324	chr22	19102964	27043620	3	3	0
52ff6ae2-3d4b-5575-b2bc-9762ded1a324	chr22	27044304	27056834	4	4	0
52ff6ae2-3d4b-5575-b2bc-9762ded1a324	chr22	27057418	29633824	3	3	0
52ff6ae2-3d4b-5575-b2bc-9762ded1a324	chr22	29640697	29672077	0	0	0
52ff6ae2-3d4b-5575-b2bc-9762ded1a324	chr22	29680731	44508117	3	3	0
52ff6ae2-3d4b-5575-b2bc-9762ded1a324	chr22	44508812	45111591	6	6	0
52ff6ae2-3d4b-5575-b2bc-9762ded1a324	chr22	45117287	45158316	7	6	1
52ff6ae2-3d4b-5575-b2bc-9762ded1a324	chr22	45171699	46945349	6	6	0
52ff6ae2-3d4b-5575-b2bc-9762ded1a324	chr22	46947401	50796027	3	3	0
52ff6ae2-3d4b-5575-b2bc-9762ded1a324	chrX	251810	38531403	2	2	0
52ff6ae2-3d4b-5575-b2bc-9762ded1a324	chrX	38531520	38538064	4	4	0
52ff6ae2-3d4b-5575-b2bc-9762ded1a324	chrX	38539778	75223053	2	2	0
52ff6ae2-3d4b-5575-b2bc-9762ded1a324	chrX	75224526	78084917	5	5	0
52ff6ae2-3d4b-5575-b2bc-9762ded1a324	chrX	78084943	78748379	2	2	0
52ff6ae2-3d4b-5575-b2bc-9762ded1a324	chrX	78749337	78988098	11	9	2
52ff6ae2-3d4b-5575-b2bc-9762ded1a324	chrX	78990669	79194387	8	6	2
52ff6ae2-3d4b-5575-b2bc-9762ded1a324	chrX	79195567	79415811	4	2	2
52ff6ae2-3d4b-5575-b2bc-9762ded1a324	chrX	79416225	117058650	2	2	0
52ff6ae2-3d4b-5575-b2bc-9762ded1a324	chrX	117058787	117062011	4	4	0
52ff6ae2-3d4b-5575-b2bc-9762ded1a324	chrX	117062493	143435074	2	2	0
52ff6ae2-3d4b-5575-b2bc-9762ded1a324	chrX	143435601	143586220	6	4	2
52ff6ae2-3d4b-5575-b2bc-9762ded1a324	chrX	143586564	153425752	2	2	0
52ff6ae2-3d4b-5575-b2bc-9762ded1a324	chrX	153433297	153601241	5	3	2
52ff6ae2-3d4b-5575-b2bc-9762ded1a324	chrX	153602963	156004181	2	2	0
52ff6ae2-3d4b-5575-b2bc-9762ded1a324	chrY	2782397	26653788	0	0	0
52ff6ae2-3d4b-5575-b2bc-9762ded1a324	chrY	56872112	56872112	2	2	0
