GDC_Aliquot	Chromosome	Start	End	Copy_Number	Major_Copy_Number	Minor_Copy_Number
06974a6a-0b86-5913-8595-9863ab28aed5	chr1	62920	19482572	5	3	2
06974a6a-0b86-5913-8595-9863ab28aed5	chr1	19483264	99732503	6	3	3
06974a6a-0b86-5913-8595-9863ab28aed5	chr1	99733243	99756922	4	2	2
06974a6a-0b86-5913-8595-9863ab28aed5	chr1	99757618	192609862	6	3	3
06974a6a-0b86-5913-8595-9863ab28aed5	chr1	192609876	192772039	5	3	2
06974a6a-0b86-5913-8595-9863ab28aed5	chr1	192772601	248930189	6	3	3
06974a6a-0b86-5913-8595-9863ab28aed5	chr2	12784	564079	12	9	3
06974a6a-0b86-5913-8595-9863ab28aed5	chr2	565623	637830	17	14	3
06974a6a-0b86-5913-8595-9863ab28aed5	chr2	638190	1052718	12	9	3
06974a6a-0b86-5913-8595-9863ab28aed5	chr2	1053857	1342189	18	15	3
06974a6a-0b86-5913-8595-9863ab28aed5	chr2	1348079	1912805	14	11	3
06974a6a-0b86-5913-8595-9863ab28aed5	chr2	1912858	4799488	8	4	4
06974a6a-0b86-5913-8595-9863ab28aed5	chr2	4799527	4885470	13	10	3
06974a6a-0b86-5913-8595-9863ab28aed5	chr2	4886230	5125708	7	4	3
06974a6a-0b86-5913-8595-9863ab28aed5	chr2	5125873	5335105	12	9	3
06974a6a-0b86-5913-8595-9863ab28aed5	chr2	5336199	6543007	8	4	4
06974a6a-0b86-5913-8595-9863ab28aed5	chr2	6546217	6728394	15	11	4
06974a6a-0b86-5913-8595-9863ab28aed5	chr2	6729887	7827797	6	3	3
06974a6a-0b86-5913-8595-9863ab28aed5	chr2	7828144	9906730	7	4	3
06974a6a-0b86-5913-8595-9863ab28aed5	chr2	9907367	11067175	5	3	2
06974a6a-0b86-5913-8595-9863ab28aed5	chr2	11067198	11780820	7	4	3
06974a6a-0b86-5913-8595-9863ab28aed5	chr2	11782729	12533999	14	11	3
06974a6a-0b86-5913-8595-9863ab28aed5	chr2	12534966	13020222	12	9	3
06974a6a-0b86-5913-8595-9863ab28aed5	chr2	13020370	13648283	10	7	3
06974a6a-0b86-5913-8595-9863ab28aed5	chr2	13649058	14095031	8	4	4
06974a6a-0b86-5913-8595-9863ab28aed5	chr2	14095127	14146803	16	11	5
06974a6a-0b86-5913-8595-9863ab28aed5	chr2	14146919	15863592	8	4	4
06974a6a-0b86-5913-8595-9863ab28aed5	chr2	15864752	27554140	5	3	2
06974a6a-0b86-5913-8595-9863ab28aed5	chr2	27556651	34227565	6	3	3
06974a6a-0b86-5913-8595-9863ab28aed5	chr2	34228228	34235474	9	5	4
06974a6a-0b86-5913-8595-9863ab28aed5	chr2	34236339	38139236	6	3	3
06974a6a-0b86-5913-8595-9863ab28aed5	chr2	38139941	53562009	3	3	0
06974a6a-0b86-5913-8595-9863ab28aed5	chr2	53562119	58195501	4	3	1
06974a6a-0b86-5913-8595-9863ab28aed5	chr2	58196177	79376195	3	3	0
06974a6a-0b86-5913-8595-9863ab28aed5	chr2	79377915	79777503	4	3	1
06974a6a-0b86-5913-8595-9863ab28aed5	chr2	79780069	79877827	3	3	0
06974a6a-0b86-5913-8595-9863ab28aed5	chr2	79878243	83809752	4	3	1
06974a6a-0b86-5913-8595-9863ab28aed5	chr2	83816636	84785198	8	5	3
06974a6a-0b86-5913-8595-9863ab28aed5	chr2	84787651	84842949	5	3	2
06974a6a-0b86-5913-8595-9863ab28aed5	chr2	84844851	94751017	4	3	1
06974a6a-0b86-5913-8595-9863ab28aed5	chr2	94751090	95483249	3	3	0
06974a6a-0b86-5913-8595-9863ab28aed5	chr2	95486051	96275307	6	4	2
06974a6a-0b86-5913-8595-9863ab28aed5	chr2	96278328	97049417	3	3	0
06974a6a-0b86-5913-8595-9863ab28aed5	chr2	97051535	97115744	6	6	0
06974a6a-0b86-5913-8595-9863ab28aed5	chr2	97118174	98353956	11	8	3
06974a6a-0b86-5913-8595-9863ab28aed5	chr2	98354428	99167908	5	3	2
06974a6a-0b86-5913-8595-9863ab28aed5	chr2	99168502	99382441	8	6	2
06974a6a-0b86-5913-8595-9863ab28aed5	chr2	99382634	99857648	3	3	0
06974a6a-0b86-5913-8595-9863ab28aed5	chr2	99859749	100726556	6	3	3
06974a6a-0b86-5913-8595-9863ab28aed5	chr2	100726925	102839799	8	4	4
06974a6a-0b86-5913-8595-9863ab28aed5	chr2	102845209	102969206	15	11	4
06974a6a-0b86-5913-8595-9863ab28aed5	chr2	102969429	103270931	8	4	4
06974a6a-0b86-5913-8595-9863ab28aed5	chr2	103273670	106529199	3	3	0
06974a6a-0b86-5913-8595-9863ab28aed5	chr2	106535197	106968961	7	4	3
06974a6a-0b86-5913-8595-9863ab28aed5	chr2	106970219	108155765	3	3	0
06974a6a-0b86-5913-8595-9863ab28aed5	chr2	108156111	108198717	6	4	2
06974a6a-0b86-5913-8595-9863ab28aed5	chr2	108199645	108440654	10	7	3
06974a6a-0b86-5913-8595-9863ab28aed5	chr2	108443825	109350935	4	3	1
06974a6a-0b86-5913-8595-9863ab28aed5	chr2	109352259	112312708	3	3	0
06974a6a-0b86-5913-8595-9863ab28aed5	chr2	112313312	113861743	10	7	3
06974a6a-0b86-5913-8595-9863ab28aed5	chr2	113862367	114010153	14	11	3
06974a6a-0b86-5913-8595-9863ab28aed5	chr2	114020774	115061445	7	4	3
06974a6a-0b86-5913-8595-9863ab28aed5	chr2	115063604	115781441	3	3	0
06974a6a-0b86-5913-8595-9863ab28aed5	chr2	115783778	115927065	8	5	3
06974a6a-0b86-5913-8595-9863ab28aed5	chr2	115933630	116143635	3	3	0
06974a6a-0b86-5913-8595-9863ab28aed5	chr2	116143843	116708153	10	7	3
06974a6a-0b86-5913-8595-9863ab28aed5	chr2	116712422	118566422	3	3	0
06974a6a-0b86-5913-8595-9863ab28aed5	chr2	118569575	118634944	9	6	3
06974a6a-0b86-5913-8595-9863ab28aed5	chr2	118639786	118918011	6	3	3
06974a6a-0b86-5913-8595-9863ab28aed5	chr2	118918453	119897913	8	5	3
06974a6a-0b86-5913-8595-9863ab28aed5	chr2	119903425	120049456	8	7	1
06974a6a-0b86-5913-8595-9863ab28aed5	chr2	120053170	120792302	3	3	0
06974a6a-0b86-5913-8595-9863ab28aed5	chr2	120794031	121556697	7	4	3
06974a6a-0b86-5913-8595-9863ab28aed5	chr2	121558470	121600415	6	5	1
06974a6a-0b86-5913-8595-9863ab28aed5	chr2	121613862	126168664	3	3	0
06974a6a-0b86-5913-8595-9863ab28aed5	chr2	126171361	127267220	7	4	3
06974a6a-0b86-5913-8595-9863ab28aed5	chr2	127271927	142552352	3	3	0
06974a6a-0b86-5913-8595-9863ab28aed5	chr2	142552650	142854846	2	2	0
06974a6a-0b86-5913-8595-9863ab28aed5	chr2	142855167	174756207	3	3	0
06974a6a-0b86-5913-8595-9863ab28aed5	chr2	174756754	174789658	4	4	0
06974a6a-0b86-5913-8595-9863ab28aed5	chr2	174790079	185165683	3	3	0
06974a6a-0b86-5913-8595-9863ab28aed5	chr2	185169475	185526775	7	4	3
06974a6a-0b86-5913-8595-9863ab28aed5	chr2	185529879	212425811	3	3	0
06974a6a-0b86-5913-8595-9863ab28aed5	chr2	212432139	212766297	6	6	0
06974a6a-0b86-5913-8595-9863ab28aed5	chr2	212768426	242147305	3	3	0
06974a6a-0b86-5913-8595-9863ab28aed5	chr3	20930	116864597	3	3	0
06974a6a-0b86-5913-8595-9863ab28aed5	chr3	116865149	116902509	1	1	0
06974a6a-0b86-5913-8595-9863ab28aed5	chr3	116906944	117147171	0	0	0
06974a6a-0b86-5913-8595-9863ab28aed5	chr3	117149316	196793657	3	3	0
06974a6a-0b86-5913-8595-9863ab28aed5	chr3	196803279	198169247	7	4	3
06974a6a-0b86-5913-8595-9863ab28aed5	chr4	68929	17080279	3	3	0
06974a6a-0b86-5913-8595-9863ab28aed5	chr4	17083812	24992889	5	5	0
06974a6a-0b86-5913-8595-9863ab28aed5	chr4	24993396	25805786	3	3	0
06974a6a-0b86-5913-8595-9863ab28aed5	chr4	25811448	41854054	5	5	0
06974a6a-0b86-5913-8595-9863ab28aed5	chr4	41859626	42255224	3	3	0
06974a6a-0b86-5913-8595-9863ab28aed5	chr4	42262345	43146936	5	5	0
06974a6a-0b86-5913-8595-9863ab28aed5	chr4	43147945	43333435	7	5	2
06974a6a-0b86-5913-8595-9863ab28aed5	chr4	43336864	43461103	4	4	0
06974a6a-0b86-5913-8595-9863ab28aed5	chr4	43461296	43939058	8	7	1
06974a6a-0b86-5913-8595-9863ab28aed5	chr4	43941957	44190233	8	6	2
06974a6a-0b86-5913-8595-9863ab28aed5	chr4	44191722	45177866	3	3	0
06974a6a-0b86-5913-8595-9863ab28aed5	chr4	45178705	47029476	5	4	1
06974a6a-0b86-5913-8595-9863ab28aed5	chr4	47031718	47223324	3	2	1
06974a6a-0b86-5913-8595-9863ab28aed5	chr4	47224187	48581948	5	4	1
06974a6a-0b86-5913-8595-9863ab28aed5	chr4	48586806	52317844	8	5	3
06974a6a-0b86-5913-8595-9863ab28aed5	chr4	52319922	68884032	6	3	3
06974a6a-0b86-5913-8595-9863ab28aed5	chr4	68884070	94523952	5	3	2
06974a6a-0b86-5913-8595-9863ab28aed5	chr4	94524640	95677651	6	3	3
06974a6a-0b86-5913-8595-9863ab28aed5	chr4	95677933	95689439	3	2	1
06974a6a-0b86-5913-8595-9863ab28aed5	chr4	95692683	116801364	5	3	2
06974a6a-0b86-5913-8595-9863ab28aed5	chr4	116806185	117424719	7	5	2
06974a6a-0b86-5913-8595-9863ab28aed5	chr4	117430037	118596030	5	3	2
06974a6a-0b86-5913-8595-9863ab28aed5	chr4	118606176	122339394	7	5	2
06974a6a-0b86-5913-8595-9863ab28aed5	chr4	122339964	123557716	5	3	2
06974a6a-0b86-5913-8595-9863ab28aed5	chr4	123557804	127256709	7	5	2
06974a6a-0b86-5913-8595-9863ab28aed5	chr4	127260287	131463948	5	3	2
06974a6a-0b86-5913-8595-9863ab28aed5	chr4	131464053	133549397	7	5	2
06974a6a-0b86-5913-8595-9863ab28aed5	chr4	133549793	134126200	5	3	2
06974a6a-0b86-5913-8595-9863ab28aed5	chr4	134136099	155236279	7	5	2
06974a6a-0b86-5913-8595-9863ab28aed5	chr4	155238259	157072867	8	6	2
06974a6a-0b86-5913-8595-9863ab28aed5	chr4	157072890	159970423	7	5	2
06974a6a-0b86-5913-8595-9863ab28aed5	chr4	159970915	160228955	9	7	2
06974a6a-0b86-5913-8595-9863ab28aed5	chr4	160229790	160952848	7	5	2
06974a6a-0b86-5913-8595-9863ab28aed5	chr4	160958866	160963756	0	0	0
06974a6a-0b86-5913-8595-9863ab28aed5	chr4	160963767	183602465	7	5	2
06974a6a-0b86-5913-8595-9863ab28aed5	chr4	183602812	185030816	9	5	4
06974a6a-0b86-5913-8595-9863ab28aed5	chr4	185032315	187186870	7	5	2
06974a6a-0b86-5913-8595-9863ab28aed5	chr4	187187342	190106768	8	6	2
06974a6a-0b86-5913-8595-9863ab28aed5	chr5	15532	41595002	5	3	2
06974a6a-0b86-5913-8595-9863ab28aed5	chr5	41599347	41644638	4	2	2
06974a6a-0b86-5913-8595-9863ab28aed5	chr5	41645449	165337502	5	3	2
06974a6a-0b86-5913-8595-9863ab28aed5	chr5	165341742	165549880	4	3	1
06974a6a-0b86-5913-8595-9863ab28aed5	chr5	165550671	166326249	0	0	0
06974a6a-0b86-5913-8595-9863ab28aed5	chr5	166327022	166491619	2	2	0
06974a6a-0b86-5913-8595-9863ab28aed5	chr5	166493051	181363319	5	3	2
06974a6a-0b86-5913-8595-9863ab28aed5	chr6	149661	31383258	6	3	3
06974a6a-0b86-5913-8595-9863ab28aed5	chr6	31383465	31517397	3	2	1
06974a6a-0b86-5913-8595-9863ab28aed5	chr6	31526111	58400901	6	3	3
06974a6a-0b86-5913-8595-9863ab28aed5	chr6	58401230	60910478	5	3	2
06974a6a-0b86-5913-8595-9863ab28aed5	chr6	60910849	64029523	3	2	1
06974a6a-0b86-5913-8595-9863ab28aed5	chr6	64034814	64506564	4	3	1
06974a6a-0b86-5913-8595-9863ab28aed5	chr6	64507111	65845237	3	2	1
06974a6a-0b86-5913-8595-9863ab28aed5	chr6	65845790	66337420	4	3	1
06974a6a-0b86-5913-8595-9863ab28aed5	chr6	66338664	85231443	3	2	1
06974a6a-0b86-5913-8595-9863ab28aed5	chr6	85233072	86147780	4	3	1
06974a6a-0b86-5913-8595-9863ab28aed5	chr6	86152123	87620224	3	2	1
06974a6a-0b86-5913-8595-9863ab28aed5	chr6	87621340	92130656	4	3	1
06974a6a-0b86-5913-8595-9863ab28aed5	chr6	92131124	159142516	3	2	1
06974a6a-0b86-5913-8595-9863ab28aed5	chr6	159146813	159159542	5	3	2
06974a6a-0b86-5913-8595-9863ab28aed5	chr6	159159969	163572312	3	2	1
06974a6a-0b86-5913-8595-9863ab28aed5	chr6	163574740	163868330	6	5	1
06974a6a-0b86-5913-8595-9863ab28aed5	chr6	163868381	164219140	3	2	1
06974a6a-0b86-5913-8595-9863ab28aed5	chr6	164219381	164254373	6	5	1
06974a6a-0b86-5913-8595-9863ab28aed5	chr6	164257306	164305876	3	2	1
06974a6a-0b86-5913-8595-9863ab28aed5	chr6	164306619	164381044	6	5	1
06974a6a-0b86-5913-8595-9863ab28aed5	chr6	164381960	165054306	3	2	1
06974a6a-0b86-5913-8595-9863ab28aed5	chr6	165059275	165108568	6	5	1
06974a6a-0b86-5913-8595-9863ab28aed5	chr6	165111649	165173013	3	2	1
06974a6a-0b86-5913-8595-9863ab28aed5	chr6	165173923	165501779	6	5	1
06974a6a-0b86-5913-8595-9863ab28aed5	chr6	165502433	165723949	9	9	0
06974a6a-0b86-5913-8595-9863ab28aed5	chr6	165724557	165823928	7	6	1
06974a6a-0b86-5913-8595-9863ab28aed5	chr6	165823973	166276112	9	8	1
06974a6a-0b86-5913-8595-9863ab28aed5	chr6	166276200	166705075	6	5	1
06974a6a-0b86-5913-8595-9863ab28aed5	chr6	166715514	166857920	9	8	1
06974a6a-0b86-5913-8595-9863ab28aed5	chr6	166857972	170741917	6	5	1
06974a6a-0b86-5913-8595-9863ab28aed5	chr7	43259	1111430	4	3	1
06974a6a-0b86-5913-8595-9863ab28aed5	chr7	1112077	2609252	11	9	2
06974a6a-0b86-5913-8595-9863ab28aed5	chr7	2609630	3808510	11	8	3
06974a6a-0b86-5913-8595-9863ab28aed5	chr7	3808747	5636823	15	12	3
06974a6a-0b86-5913-8595-9863ab28aed5	chr7	5642779	6610647	12	9	3
06974a6a-0b86-5913-8595-9863ab28aed5	chr7	6612046	8200973	10	7	3
06974a6a-0b86-5913-8595-9863ab28aed5	chr7	8201046	8274474	8	5	3
06974a6a-0b86-5913-8595-9863ab28aed5	chr7	8275486	10359662	6	3	3
06974a6a-0b86-5913-8595-9863ab28aed5	chr7	10362113	10450000	6	5	1
06974a6a-0b86-5913-8595-9863ab28aed5	chr7	10450450	16472678	13	10	3
06974a6a-0b86-5913-8595-9863ab28aed5	chr7	16473804	16587372	11	8	3
06974a6a-0b86-5913-8595-9863ab28aed5	chr7	16587390	16756412	6	3	3
06974a6a-0b86-5913-8595-9863ab28aed5	chr7	16760836	21772588	4	3	1
06974a6a-0b86-5913-8595-9863ab28aed5	chr7	21772887	21868341	8	5	3
06974a6a-0b86-5913-8595-9863ab28aed5	chr7	21868373	23056940	4	3	1
06974a6a-0b86-5913-8595-9863ab28aed5	chr7	23064094	23086586	15	11	4
06974a6a-0b86-5913-8595-9863ab28aed5	chr7	23088038	25664139	4	3	1
06974a6a-0b86-5913-8595-9863ab28aed5	chr7	25664745	26299638	9	6	3
06974a6a-0b86-5913-8595-9863ab28aed5	chr7	26301350	26895550	7	4	3
06974a6a-0b86-5913-8595-9863ab28aed5	chr7	26896920	27021761	9	6	3
06974a6a-0b86-5913-8595-9863ab28aed5	chr7	27026086	57769295	4	3	1
06974a6a-0b86-5913-8595-9863ab28aed5	chr7	57770694	147024418	6	3	3
06974a6a-0b86-5913-8595-9863ab28aed5	chr7	147030254	147317906	0	0	0
06974a6a-0b86-5913-8595-9863ab28aed5	chr7	147320331	147564992	2	2	0
06974a6a-0b86-5913-8595-9863ab28aed5	chr7	147567730	159334314	6	3	3
06974a6a-0b86-5913-8595-9863ab28aed5	chr8	81254	43649398	3	3	0
06974a6a-0b86-5913-8595-9863ab28aed5	chr8	43651435	43705882	4	3	1
06974a6a-0b86-5913-8595-9863ab28aed5	chr8	43710339	43766749	2	2	0
06974a6a-0b86-5913-8595-9863ab28aed5	chr8	43769752	47817299	5	4	1
06974a6a-0b86-5913-8595-9863ab28aed5	chr8	47817987	60742319	3	3	0
06974a6a-0b86-5913-8595-9863ab28aed5	chr8	60744246	68530378	8	5	3
06974a6a-0b86-5913-8595-9863ab28aed5	chr8	68530642	69169295	9	6	3
06974a6a-0b86-5913-8595-9863ab28aed5	chr8	69170553	103395865	8	5	3
06974a6a-0b86-5913-8595-9863ab28aed5	chr8	103406425	106496976	17	12	5
06974a6a-0b86-5913-8595-9863ab28aed5	chr8	106497409	106988868	24	19	5
06974a6a-0b86-5913-8595-9863ab28aed5	chr8	106991441	108230433	19	13	6
06974a6a-0b86-5913-8595-9863ab28aed5	chr8	108230574	109009813	24	19	5
06974a6a-0b86-5913-8595-9863ab28aed5	chr8	109011675	110968433	14	9	5
06974a6a-0b86-5913-8595-9863ab28aed5	chr8	110968728	114148881	24	19	5
06974a6a-0b86-5913-8595-9863ab28aed5	chr8	114150742	115361006	14	9	5
06974a6a-0b86-5913-8595-9863ab28aed5	chr8	115361050	117513196	23	18	5
06974a6a-0b86-5913-8595-9863ab28aed5	chr8	117514462	118771665	18	12	6
06974a6a-0b86-5913-8595-9863ab28aed5	chr8	118772214	119352487	22	17	5
06974a6a-0b86-5913-8595-9863ab28aed5	chr8	119352823	121274417	19	13	6
06974a6a-0b86-5913-8595-9863ab28aed5	chr8	121277524	122546127	23	18	5
06974a6a-0b86-5913-8595-9863ab28aed5	chr8	122548923	123603810	13	8	5
06974a6a-0b86-5913-8595-9863ab28aed5	chr8	123604556	141014137	19	14	5
06974a6a-0b86-5913-8595-9863ab28aed5	chr8	141015051	141708435	15	10	5
06974a6a-0b86-5913-8595-9863ab28aed5	chr8	141708506	141924350	21	16	5
06974a6a-0b86-5913-8595-9863ab28aed5	chr8	141924981	142762148	15	11	4
06974a6a-0b86-5913-8595-9863ab28aed5	chr8	142762919	143120437	19	15	4
06974a6a-0b86-5913-8595-9863ab28aed5	chr8	143121100	144224628	13	9	4
06974a6a-0b86-5913-8595-9863ab28aed5	chr8	144224999	145072769	8	5	3
06974a6a-0b86-5913-8595-9863ab28aed5	chr9	46587	273160	5	3	2
06974a6a-0b86-5913-8595-9863ab28aed5	chr9	273233	329462	3	3	0
06974a6a-0b86-5913-8595-9863ab28aed5	chr9	332404	364179	5	4	1
06974a6a-0b86-5913-8595-9863ab28aed5	chr9	366911	1993168	3	3	0
06974a6a-0b86-5913-8595-9863ab28aed5	chr9	1997332	2073292	6	4	2
06974a6a-0b86-5913-8595-9863ab28aed5	chr9	2075080	2829785	3	3	0
06974a6a-0b86-5913-8595-9863ab28aed5	chr9	2838911	4153694	6	3	3
06974a6a-0b86-5913-8595-9863ab28aed5	chr9	4154148	5876271	8	5	3
06974a6a-0b86-5913-8595-9863ab28aed5	chr9	5876558	5919150	2	2	0
06974a6a-0b86-5913-8595-9863ab28aed5	chr9	5925878	5973701	5	3	2
06974a6a-0b86-5913-8595-9863ab28aed5	chr9	5974573	6328254	8	5	3
06974a6a-0b86-5913-8595-9863ab28aed5	chr9	6328947	6654847	14	11	3
06974a6a-0b86-5913-8595-9863ab28aed5	chr9	6655056	8116186	8	5	3
06974a6a-0b86-5913-8595-9863ab28aed5	chr9	8116662	8310322	9	6	3
06974a6a-0b86-5913-8595-9863ab28aed5	chr9	8310704	8644117	13	10	3
06974a6a-0b86-5913-8595-9863ab28aed5	chr9	8644711	13535543	7	4	3
06974a6a-0b86-5913-8595-9863ab28aed5	chr9	13537359	13616432	6	4	2
06974a6a-0b86-5913-8595-9863ab28aed5	chr9	13617636	36300887	7	4	3
06974a6a-0b86-5913-8595-9863ab28aed5	chr9	36301929	38389603	6	3	3
06974a6a-0b86-5913-8595-9863ab28aed5	chr9	38390940	41741113	3	3	0
06974a6a-0b86-5913-8595-9863ab28aed5	chr9	60863881	132227287	6	3	3
06974a6a-0b86-5913-8595-9863ab28aed5	chr9	132227421	132469336	7	4	3
06974a6a-0b86-5913-8595-9863ab28aed5	chr9	132469773	138200944	6	3	3
06974a6a-0b86-5913-8595-9863ab28aed5	chr10	45792	7706490	7	4	3
06974a6a-0b86-5913-8595-9863ab28aed5	chr10	7708917	30613212	3	3	0
06974a6a-0b86-5913-8595-9863ab28aed5	chr10	30614992	30644881	4	3	1
06974a6a-0b86-5913-8595-9863ab28aed5	chr10	30652250	34943385	9	6	3
06974a6a-0b86-5913-8595-9863ab28aed5	chr10	34945804	35095937	15	11	4
06974a6a-0b86-5913-8595-9863ab28aed5	chr10	35098186	42433668	6	3	3
06974a6a-0b86-5913-8595-9863ab28aed5	chr10	42442670	66850251	5	3	2
06974a6a-0b86-5913-8595-9863ab28aed5	chr10	66853593	75223500	6	3	3
06974a6a-0b86-5913-8595-9863ab28aed5	chr10	75224194	75403530	3	2	1
06974a6a-0b86-5913-8595-9863ab28aed5	chr10	75408864	77283574	7	4	3
06974a6a-0b86-5913-8595-9863ab28aed5	chr10	77283606	93150939	6	3	3
06974a6a-0b86-5913-8595-9863ab28aed5	chr10	93151315	107598068	5	3	2
06974a6a-0b86-5913-8595-9863ab28aed5	chr10	107598338	107655150	8	5	3
06974a6a-0b86-5913-8595-9863ab28aed5	chr10	107655224	109718190	6	3	3
06974a6a-0b86-5913-8595-9863ab28aed5	chr10	109721583	133654968	5	3	2
06974a6a-0b86-5913-8595-9863ab28aed5	chr11	198510	55326816	5	3	2
06974a6a-0b86-5913-8595-9863ab28aed5	chr11	55327750	80817972	6	3	3
06974a6a-0b86-5913-8595-9863ab28aed5	chr11	80819358	80856382	3	2	1
06974a6a-0b86-5913-8595-9863ab28aed5	chr11	80859485	84261660	6	3	3
06974a6a-0b86-5913-8595-9863ab28aed5	chr11	84267999	84328516	3	2	1
06974a6a-0b86-5913-8595-9863ab28aed5	chr11	84329415	84427042	0	0	0
06974a6a-0b86-5913-8595-9863ab28aed5	chr11	84428894	85090714	3	3	0
06974a6a-0b86-5913-8595-9863ab28aed5	chr11	85095625	126600531	6	3	3
06974a6a-0b86-5913-8595-9863ab28aed5	chr11	126602925	128888434	9	6	3
06974a6a-0b86-5913-8595-9863ab28aed5	chr11	128888721	130074556	6	3	3
06974a6a-0b86-5913-8595-9863ab28aed5	chr11	130077207	130485111	3	3	0
06974a6a-0b86-5913-8595-9863ab28aed5	chr11	130488762	130938588	7	4	3
06974a6a-0b86-5913-8595-9863ab28aed5	chr11	130938695	134997954	10	7	3
06974a6a-0b86-5913-8595-9863ab28aed5	chr11	135000256	135074876	10	8	2
06974a6a-0b86-5913-8595-9863ab28aed5	chr12	51460	17851445	3	3	0
06974a6a-0b86-5913-8595-9863ab28aed5	chr12	17853215	18579643	6	3	3
06974a6a-0b86-5913-8595-9863ab28aed5	chr12	18584948	19276556	3	3	0
06974a6a-0b86-5913-8595-9863ab28aed5	chr12	19278791	19448983	5	4	1
06974a6a-0b86-5913-8595-9863ab28aed5	chr12	19455504	21080079	3	3	0
06974a6a-0b86-5913-8595-9863ab28aed5	chr12	21083544	21125258	5	4	1
06974a6a-0b86-5913-8595-9863ab28aed5	chr12	21125314	26521392	3	3	0
06974a6a-0b86-5913-8595-9863ab28aed5	chr12	26521934	29485306	6	3	3
06974a6a-0b86-5913-8595-9863ab28aed5	chr12	29489609	31730539	3	3	0
06974a6a-0b86-5913-8595-9863ab28aed5	chr12	31732769	31821017	2	2	0
06974a6a-0b86-5913-8595-9863ab28aed5	chr12	31821157	33422931	6	3	3
06974a6a-0b86-5913-8595-9863ab28aed5	chr12	33423771	33779830	8	5	3
06974a6a-0b86-5913-8595-9863ab28aed5	chr12	33784707	43894258	9	6	3
06974a6a-0b86-5913-8595-9863ab28aed5	chr12	43896742	61122496	6	3	3
06974a6a-0b86-5913-8595-9863ab28aed5	chr12	61126396	61498912	11	7	4
06974a6a-0b86-5913-8595-9863ab28aed5	chr12	61500281	62448332	10	7	3
06974a6a-0b86-5913-8595-9863ab28aed5	chr12	62448361	133201603	6	3	3
06974a6a-0b86-5913-8595-9863ab28aed5	chr13	18452809	21466868	5	3	2
06974a6a-0b86-5913-8595-9863ab28aed5	chr13	21466906	36090967	3	3	0
06974a6a-0b86-5913-8595-9863ab28aed5	chr13	36092842	38094408	7	4	3
06974a6a-0b86-5913-8595-9863ab28aed5	chr13	38094486	38222037	11	8	3
06974a6a-0b86-5913-8595-9863ab28aed5	chr13	38226742	38357159	2	2	0
06974a6a-0b86-5913-8595-9863ab28aed5	chr13	38362251	38667819	6	3	3
06974a6a-0b86-5913-8595-9863ab28aed5	chr13	38667888	44408024	3	3	0
06974a6a-0b86-5913-8595-9863ab28aed5	chr13	44410725	44636700	5	5	0
06974a6a-0b86-5913-8595-9863ab28aed5	chr13	44637070	51140921	3	3	0
06974a6a-0b86-5913-8595-9863ab28aed5	chr13	51146338	51813304	5	3	2
06974a6a-0b86-5913-8595-9863ab28aed5	chr13	51814629	52092100	3	3	0
06974a6a-0b86-5913-8595-9863ab28aed5	chr13	52095889	52654882	7	4	3
06974a6a-0b86-5913-8595-9863ab28aed5	chr13	52654896	54991979	9	6	3
06974a6a-0b86-5913-8595-9863ab28aed5	chr13	54992027	60227425	6	3	3
06974a6a-0b86-5913-8595-9863ab28aed5	chr13	60227528	60447035	9	6	3
06974a6a-0b86-5913-8595-9863ab28aed5	chr13	60447888	62837315	6	3	3
06974a6a-0b86-5913-8595-9863ab28aed5	chr13	62837380	63179722	7	6	1
06974a6a-0b86-5913-8595-9863ab28aed5	chr13	63180079	69493397	3	3	0
06974a6a-0b86-5913-8595-9863ab28aed5	chr13	69493797	69567703	6	4	2
06974a6a-0b86-5913-8595-9863ab28aed5	chr13	69567918	73917320	7	4	3
06974a6a-0b86-5913-8595-9863ab28aed5	chr13	73919072	74200682	3	3	0
06974a6a-0b86-5913-8595-9863ab28aed5	chr13	74201138	74226437	5	4	1
06974a6a-0b86-5913-8595-9863ab28aed5	chr13	74227135	88838160	3	3	0
06974a6a-0b86-5913-8595-9863ab28aed5	chr13	88849774	89994644	5	3	2
06974a6a-0b86-5913-8595-9863ab28aed5	chr13	89999850	93274587	7	4	3
06974a6a-0b86-5913-8595-9863ab28aed5	chr13	93275137	94134849	10	7	3
06974a6a-0b86-5913-8595-9863ab28aed5	chr13	94138418	95161654	6	3	3
06974a6a-0b86-5913-8595-9863ab28aed5	chr13	95162031	96231119	8	5	3
06974a6a-0b86-5913-8595-9863ab28aed5	chr13	96232746	96768120	14	10	4
06974a6a-0b86-5913-8595-9863ab28aed5	chr13	96768986	96945867	12	6	6
06974a6a-0b86-5913-8595-9863ab28aed5	chr13	96947075	99260251	16	10	6
06974a6a-0b86-5913-8595-9863ab28aed5	chr13	99260629	101808070	13	10	3
06974a6a-0b86-5913-8595-9863ab28aed5	chr13	101808098	102432457	17	10	7
06974a6a-0b86-5913-8595-9863ab28aed5	chr13	102432986	103017516	15	10	5
06974a6a-0b86-5913-8595-9863ab28aed5	chr13	103017588	103071807	12	9	3
06974a6a-0b86-5913-8595-9863ab28aed5	chr13	103076378	103972302	15	10	5
06974a6a-0b86-5913-8595-9863ab28aed5	chr13	103972680	106445562	10	10	0
06974a6a-0b86-5913-8595-9863ab28aed5	chr13	106445714	106502191	13	10	3
06974a6a-0b86-5913-8595-9863ab28aed5	chr13	106502396	106769638	17	10	7
06974a6a-0b86-5913-8595-9863ab28aed5	chr13	106769814	107324734	23	12	11
06974a6a-0b86-5913-8595-9863ab28aed5	chr13	107325503	112255237	15	10	5
06974a6a-0b86-5913-8595-9863ab28aed5	chr13	112260748	113664174	13	10	3
06974a6a-0b86-5913-8595-9863ab28aed5	chr13	113971527	114342922	9	9	0
06974a6a-0b86-5913-8595-9863ab28aed5	chr14	18239283	30211228	6	3	3
06974a6a-0b86-5913-8595-9863ab28aed5	chr14	30214374	33816988	8	5	3
06974a6a-0b86-5913-8595-9863ab28aed5	chr14	33820790	34741832	6	3	3
06974a6a-0b86-5913-8595-9863ab28aed5	chr14	34741980	38009376	8	5	3
06974a6a-0b86-5913-8595-9863ab28aed5	chr14	38009764	40046851	6	3	3
06974a6a-0b86-5913-8595-9863ab28aed5	chr14	40049637	99555861	8	5	3
06974a6a-0b86-5913-8595-9863ab28aed5	chr14	99556011	99560380	5	3	2
06974a6a-0b86-5913-8595-9863ab28aed5	chr14	99561643	105779965	8	5	3
06974a6a-0b86-5913-8595-9863ab28aed5	chr14	105780462	106458421	16	16	0
06974a6a-0b86-5913-8595-9863ab28aed5	chr14	106458677	106877229	8	5	3
06974a6a-0b86-5913-8595-9863ab28aed5	chr15	19811075	27707535	4	4	0
06974a6a-0b86-5913-8595-9863ab28aed5	chr15	27709241	34761724	3	3	0
06974a6a-0b86-5913-8595-9863ab28aed5	chr15	34761801	37160727	4	4	0
06974a6a-0b86-5913-8595-9863ab28aed5	chr15	37162379	52959135	3	3	0
06974a6a-0b86-5913-8595-9863ab28aed5	chr15	52959670	53081829	4	4	0
06974a6a-0b86-5913-8595-9863ab28aed5	chr15	53083004	61085481	3	3	0
06974a6a-0b86-5913-8595-9863ab28aed5	chr15	61085887	68547753	4	3	1
06974a6a-0b86-5913-8595-9863ab28aed5	chr15	68552896	68986991	10	7	3
06974a6a-0b86-5913-8595-9863ab28aed5	chr15	68987148	70562345	7	4	3
06974a6a-0b86-5913-8595-9863ab28aed5	chr15	70562841	75487916	3	3	0
06974a6a-0b86-5913-8595-9863ab28aed5	chr15	75496333	75744618	10	7	3
06974a6a-0b86-5913-8595-9863ab28aed5	chr15	75746836	77882464	3	3	0
06974a6a-0b86-5913-8595-9863ab28aed5	chr15	77882779	78461133	7	4	3
06974a6a-0b86-5913-8595-9863ab28aed5	chr15	78465060	80391133	3	3	0
06974a6a-0b86-5913-8595-9863ab28aed5	chr15	80391803	80410459	6	4	2
06974a6a-0b86-5913-8595-9863ab28aed5	chr15	80413620	80714559	14	11	3
06974a6a-0b86-5913-8595-9863ab28aed5	chr15	80714923	80776467	8	5	3
06974a6a-0b86-5913-8595-9863ab28aed5	chr15	80782891	81011791	4	3	1
06974a6a-0b86-5913-8595-9863ab28aed5	chr15	81014349	81265496	9	6	3
06974a6a-0b86-5913-8595-9863ab28aed5	chr15	81266983	82670412	7	4	3
06974a6a-0b86-5913-8595-9863ab28aed5	chr15	82673993	82945533	11	8	3
06974a6a-0b86-5913-8595-9863ab28aed5	chr15	82946202	86008010	7	4	3
06974a6a-0b86-5913-8595-9863ab28aed5	chr15	86008060	86320680	10	7	3
06974a6a-0b86-5913-8595-9863ab28aed5	chr15	86321404	86506022	14	11	3
06974a6a-0b86-5913-8595-9863ab28aed5	chr15	86507120	87948887	11	8	3
06974a6a-0b86-5913-8595-9863ab28aed5	chr15	87950231	88304983	12	10	2
06974a6a-0b86-5913-8595-9863ab28aed5	chr15	88310061	88878537	16	14	2
06974a6a-0b86-5913-8595-9863ab28aed5	chr15	88882408	89347185	11	8	3
06974a6a-0b86-5913-8595-9863ab28aed5	chr15	89347584	89997012	8	5	3
06974a6a-0b86-5913-8595-9863ab28aed5	chr15	90006722	90885725	15	12	3
06974a6a-0b86-5913-8595-9863ab28aed5	chr15	90885812	91529614	6	3	3
06974a6a-0b86-5913-8595-9863ab28aed5	chr15	91530027	91999840	10	7	3
06974a6a-0b86-5913-8595-9863ab28aed5	chr15	92000148	93882840	7	4	3
06974a6a-0b86-5913-8595-9863ab28aed5	chr15	93883968	95912349	3	3	0
06974a6a-0b86-5913-8595-9863ab28aed5	chr15	95912687	97409766	7	4	3
06974a6a-0b86-5913-8595-9863ab28aed5	chr15	97410884	97798374	12	9	3
06974a6a-0b86-5913-8595-9863ab28aed5	chr15	97799042	100665344	7	4	3
06974a6a-0b86-5913-8595-9863ab28aed5	chr15	100666553	100846767	11	8	3
06974a6a-0b86-5913-8595-9863ab28aed5	chr15	100846824	100995023	8	5	3
06974a6a-0b86-5913-8595-9863ab28aed5	chr15	100996211	101253387	10	7	3
06974a6a-0b86-5913-8595-9863ab28aed5	chr15	101253446	101618261	6	3	3
06974a6a-0b86-5913-8595-9863ab28aed5	chr15	101618578	101928837	7	5	2
06974a6a-0b86-5913-8595-9863ab28aed5	chr16	10777	25022394	3	3	0
06974a6a-0b86-5913-8595-9863ab28aed5	chr16	25025875	25275422	2	2	0
06974a6a-0b86-5913-8595-9863ab28aed5	chr16	25278339	36048855	6	3	3
06974a6a-0b86-5913-8595-9863ab28aed5	chr16	46441986	56227837	3	3	0
06974a6a-0b86-5913-8595-9863ab28aed5	chr16	56230730	57089081	6	3	3
06974a6a-0b86-5913-8595-9863ab28aed5	chr16	57089236	57672671	8	5	3
06974a6a-0b86-5913-8595-9863ab28aed5	chr16	57673198	58617522	3	3	0
06974a6a-0b86-5913-8595-9863ab28aed5	chr16	58627720	59087683	6	3	3
06974a6a-0b86-5913-8595-9863ab28aed5	chr16	59088644	63580273	3	3	0
06974a6a-0b86-5913-8595-9863ab28aed5	chr16	63582098	64102990	6	3	3
06974a6a-0b86-5913-8595-9863ab28aed5	chr16	64104551	64388453	4	3	1
06974a6a-0b86-5913-8595-9863ab28aed5	chr16	64388490	65909747	7	4	3
06974a6a-0b86-5913-8595-9863ab28aed5	chr16	65912565	72141483	6	3	3
06974a6a-0b86-5913-8595-9863ab28aed5	chr16	72144170	72766941	3	2	1
06974a6a-0b86-5913-8595-9863ab28aed5	chr16	72768616	73095011	6	3	3
06974a6a-0b86-5913-8595-9863ab28aed5	chr16	73098940	73263515	3	2	1
06974a6a-0b86-5913-8595-9863ab28aed5	chr16	73263706	75659066	6	3	3
06974a6a-0b86-5913-8595-9863ab28aed5	chr16	75659605	76930288	9	6	3
06974a6a-0b86-5913-8595-9863ab28aed5	chr16	76932466	78013920	20	17	3
06974a6a-0b86-5913-8595-9863ab28aed5	chr16	78014089	78959079	16	13	3
06974a6a-0b86-5913-8595-9863ab28aed5	chr16	78962953	79407034	28	25	3
06974a6a-0b86-5913-8595-9863ab28aed5	chr16	79407421	80411180	19	16	3
06974a6a-0b86-5913-8595-9863ab28aed5	chr16	80414392	81391548	9	6	3
06974a6a-0b86-5913-8595-9863ab28aed5	chr16	81392069	81870970	12	9	3
06974a6a-0b86-5913-8595-9863ab28aed5	chr16	81871106	83198422	3	3	0
06974a6a-0b86-5913-8595-9863ab28aed5	chr16	83198518	83209072	3	2	1
06974a6a-0b86-5913-8595-9863ab28aed5	chr16	83214183	84575953	6	3	3
06974a6a-0b86-5913-8595-9863ab28aed5	chr16	84577279	89245352	3	3	0
06974a6a-0b86-5913-8595-9863ab28aed5	chr16	89246307	89896521	5	3	2
06974a6a-0b86-5913-8595-9863ab28aed5	chr16	89899418	90096867	5	4	1
06974a6a-0b86-5913-8595-9863ab28aed5	chr17	150733	27139741	3	3	0
06974a6a-0b86-5913-8595-9863ab28aed5	chr17	27139975	27561645	4	3	1
06974a6a-0b86-5913-8595-9863ab28aed5	chr17	27561676	55530388	3	3	0
06974a6a-0b86-5913-8595-9863ab28aed5	chr17	55530837	55577243	2	2	0
06974a6a-0b86-5913-8595-9863ab28aed5	chr17	55578549	83091923	3	3	0
06974a6a-0b86-5913-8595-9863ab28aed5	chr18	48133	9282144	6	3	3
06974a6a-0b86-5913-8595-9863ab28aed5	chr18	9283950	9643198	5	3	2
06974a6a-0b86-5913-8595-9863ab28aed5	chr18	9646149	27409963	6	3	3
06974a6a-0b86-5913-8595-9863ab28aed5	chr18	27410973	27455366	8	4	4
06974a6a-0b86-5913-8595-9863ab28aed5	chr18	27455755	80257174	6	3	3
06974a6a-0b86-5913-8595-9863ab28aed5	chr19	90910	23910011	6	3	3
06974a6a-0b86-5913-8595-9863ab28aed5	chr19	23911232	27286478	6	5	1
06974a6a-0b86-5913-8595-9863ab28aed5	chr19	27290048	33262910	3	3	0
06974a6a-0b86-5913-8595-9863ab28aed5	chr19	33263736	33378368	4	4	0
06974a6a-0b86-5913-8595-9863ab28aed5	chr19	33379418	58153080	3	3	0
06974a6a-0b86-5913-8595-9863ab28aed5	chr19	58157021	58586487	6	3	3
06974a6a-0b86-5913-8595-9863ab28aed5	chr20	80664	583055	8	5	3
06974a6a-0b86-5913-8595-9863ab28aed5	chr20	583382	2174502	5	3	2
06974a6a-0b86-5913-8595-9863ab28aed5	chr20	2177288	2936134	3	3	0
06974a6a-0b86-5913-8595-9863ab28aed5	chr20	2943462	30332718	6	3	3
06974a6a-0b86-5913-8595-9863ab28aed5	chr20	30332778	32077442	8	5	3
06974a6a-0b86-5913-8595-9863ab28aed5	chr20	32081895	47247094	5	3	2
06974a6a-0b86-5913-8595-9863ab28aed5	chr20	47259550	54940711	9	6	3
06974a6a-0b86-5913-8595-9863ab28aed5	chr20	54941554	56103525	6	3	3
06974a6a-0b86-5913-8595-9863ab28aed5	chr20	56104309	57399976	3	3	0
06974a6a-0b86-5913-8595-9863ab28aed5	chr20	57400022	58221728	6	3	3
06974a6a-0b86-5913-8595-9863ab28aed5	chr20	58222961	59262711	8	5	3
06974a6a-0b86-5913-8595-9863ab28aed5	chr20	59262845	62668479	6	3	3
06974a6a-0b86-5913-8595-9863ab28aed5	chr20	62676078	63144948	3	3	0
06974a6a-0b86-5913-8595-9863ab28aed5	chr20	63148134	63751033	5	3	2
06974a6a-0b86-5913-8595-9863ab28aed5	chr20	63754093	64033234	3	2	1
06974a6a-0b86-5913-8595-9863ab28aed5	chr20	64033283	64324800	5	4	1
06974a6a-0b86-5913-8595-9863ab28aed5	chr21	12973348	15418697	6	3	3
06974a6a-0b86-5913-8595-9863ab28aed5	chr21	15419055	23435375	8	4	4
06974a6a-0b86-5913-8595-9863ab28aed5	chr21	23436070	25692161	7	4	3
06974a6a-0b86-5913-8595-9863ab28aed5	chr21	25694706	26286180	10	7	3
06974a6a-0b86-5913-8595-9863ab28aed5	chr21	26286586	28771759	8	4	4
06974a6a-0b86-5913-8595-9863ab28aed5	chr21	28772189	28913904	9	6	3
06974a6a-0b86-5913-8595-9863ab28aed5	chr21	28917960	29101714	16	12	4
06974a6a-0b86-5913-8595-9863ab28aed5	chr21	29103159	29424653	11	7	4
06974a6a-0b86-5913-8595-9863ab28aed5	chr21	29430082	29477513	3	3	0
06974a6a-0b86-5913-8595-9863ab28aed5	chr21	29482747	29592407	11	7	4
06974a6a-0b86-5913-8595-9863ab28aed5	chr21	29594472	30327272	3	3	0
06974a6a-0b86-5913-8595-9863ab28aed5	chr21	30327372	35056135	6	4	2
06974a6a-0b86-5913-8595-9863ab28aed5	chr21	35058965	41646217	7	4	3
06974a6a-0b86-5913-8595-9863ab28aed5	chr21	41646976	45164161	6	4	2
06974a6a-0b86-5913-8595-9863ab28aed5	chr21	45164849	46556290	4	4	0
06974a6a-0b86-5913-8595-9863ab28aed5	chr21	46556775	46677045	5	5	0
06974a6a-0b86-5913-8595-9863ab28aed5	chr22	16392123	19307655	6	3	3
06974a6a-0b86-5913-8595-9863ab28aed5	chr22	19307980	22304783	9	6	3
06974a6a-0b86-5913-8595-9863ab28aed5	chr22	22305035	22415626	6	3	3
06974a6a-0b86-5913-8595-9863ab28aed5	chr22	22416128	22974789	4	4	0
06974a6a-0b86-5913-8595-9863ab28aed5	chr22	22975528	23654682	9	6	3
06974a6a-0b86-5913-8595-9863ab28aed5	chr22	23659788	23689026	5	4	1
06974a6a-0b86-5913-8595-9863ab28aed5	chr22	23689706	23809714	9	6	3
06974a6a-0b86-5913-8595-9863ab28aed5	chr22	23813411	50796027	3	3	0
06974a6a-0b86-5913-8595-9863ab28aed5	chrX	251810	490407	5	3	2
06974a6a-0b86-5913-8595-9863ab28aed5	chrX	507629	701944	7	4	3
06974a6a-0b86-5913-8595-9863ab28aed5	chrX	702474	707991	6	3	3
06974a6a-0b86-5913-8595-9863ab28aed5	chrX	717914	809468	8	4	4
06974a6a-0b86-5913-8595-9863ab28aed5	chrX	842006	1006176	5	3	2
06974a6a-0b86-5913-8595-9863ab28aed5	chrX	1007312	2776199	6	3	3
06974a6a-0b86-5913-8595-9863ab28aed5	chrX	2785350	155699837	2	2	0
06974a6a-0b86-5913-8595-9863ab28aed5	chrX	155733777	156004181	6	3	3
06974a6a-0b86-5913-8595-9863ab28aed5	chrY	2782397	26653788	6	6	0
06974a6a-0b86-5913-8595-9863ab28aed5	chrY	56872112	56872112	5	5	0
