GDC_Aliquot	Chromosome	Start	End	Copy_Number	Major_Copy_Number	Minor_Copy_Number
f89e64ce-62dc-5283-9bb9-68d728c4aed4	chr1	62920	4282698	2	1	1
f89e64ce-62dc-5283-9bb9-68d728c4aed4	chr1	4283374	72303233	3	2	1
f89e64ce-62dc-5283-9bb9-68d728c4aed4	chr1	72303253	72345465	30	30	0
f89e64ce-62dc-5283-9bb9-68d728c4aed4	chr1	72346221	74960971	4	2	2
f89e64ce-62dc-5283-9bb9-68d728c4aed4	chr1	74961713	100660593	3	2	1
f89e64ce-62dc-5283-9bb9-68d728c4aed4	chr1	100662655	110134401	2	2	0
f89e64ce-62dc-5283-9bb9-68d728c4aed4	chr1	110134466	121705338	3	2	1
f89e64ce-62dc-5283-9bb9-68d728c4aed4	chr1	143541857	151046704	6	4	2
f89e64ce-62dc-5283-9bb9-68d728c4aed4	chr1	151056453	151690251	4	3	1
f89e64ce-62dc-5283-9bb9-68d728c4aed4	chr1	151691956	154453621	6	4	2
f89e64ce-62dc-5283-9bb9-68d728c4aed4	chr1	154453788	157413511	5	3	2
f89e64ce-62dc-5283-9bb9-68d728c4aed4	chr1	157413950	161970464	6	4	2
f89e64ce-62dc-5283-9bb9-68d728c4aed4	chr1	161972701	163182776	7	5	2
f89e64ce-62dc-5283-9bb9-68d728c4aed4	chr1	163182789	163194695	4	2	2
f89e64ce-62dc-5283-9bb9-68d728c4aed4	chr1	163196933	163702749	6	4	2
f89e64ce-62dc-5283-9bb9-68d728c4aed4	chr1	163703729	165435338	4	2	2
f89e64ce-62dc-5283-9bb9-68d728c4aed4	chr1	165437764	168092592	6	4	2
f89e64ce-62dc-5283-9bb9-68d728c4aed4	chr1	168098809	168348776	4	2	2
f89e64ce-62dc-5283-9bb9-68d728c4aed4	chr1	168358085	169509543	6	4	2
f89e64ce-62dc-5283-9bb9-68d728c4aed4	chr1	169511438	171667979	4	2	2
f89e64ce-62dc-5283-9bb9-68d728c4aed4	chr1	171671879	172569672	5	3	2
f89e64ce-62dc-5283-9bb9-68d728c4aed4	chr1	172570302	175655088	2	2	0
f89e64ce-62dc-5283-9bb9-68d728c4aed4	chr1	175657979	176075094	3	2	1
f89e64ce-62dc-5283-9bb9-68d728c4aed4	chr1	176076183	176843760	2	2	0
f89e64ce-62dc-5283-9bb9-68d728c4aed4	chr1	176844294	177020472	3	2	1
f89e64ce-62dc-5283-9bb9-68d728c4aed4	chr1	177021163	207184177	2	2	0
f89e64ce-62dc-5283-9bb9-68d728c4aed4	chr1	207186580	207186722	3	2	1
f89e64ce-62dc-5283-9bb9-68d728c4aed4	chr1	207187652	207310336	2	1	1
f89e64ce-62dc-5283-9bb9-68d728c4aed4	chr1	207314659	210288637	4	2	2
f89e64ce-62dc-5283-9bb9-68d728c4aed4	chr1	210289661	212374830	2	2	0
f89e64ce-62dc-5283-9bb9-68d728c4aed4	chr1	212375278	212678556	3	2	1
f89e64ce-62dc-5283-9bb9-68d728c4aed4	chr1	212678846	214421057	2	2	0
f89e64ce-62dc-5283-9bb9-68d728c4aed4	chr1	214425282	215089750	4	2	2
f89e64ce-62dc-5283-9bb9-68d728c4aed4	chr1	215090905	215242040	2	1	1
f89e64ce-62dc-5283-9bb9-68d728c4aed4	chr1	215242277	219102393	2	2	0
f89e64ce-62dc-5283-9bb9-68d728c4aed4	chr1	219102612	220295224	3	2	1
f89e64ce-62dc-5283-9bb9-68d728c4aed4	chr1	220301589	221988687	2	2	0
f89e64ce-62dc-5283-9bb9-68d728c4aed4	chr1	221989031	222246111	3	2	1
f89e64ce-62dc-5283-9bb9-68d728c4aed4	chr1	222246183	222741650	2	2	0
f89e64ce-62dc-5283-9bb9-68d728c4aed4	chr1	222743887	222909460	3	2	1
f89e64ce-62dc-5283-9bb9-68d728c4aed4	chr1	222915465	223503943	2	2	0
f89e64ce-62dc-5283-9bb9-68d728c4aed4	chr1	223504323	223800999	3	2	1
f89e64ce-62dc-5283-9bb9-68d728c4aed4	chr1	223801320	244994123	2	2	0
f89e64ce-62dc-5283-9bb9-68d728c4aed4	chr1	244996265	245322783	0	0	0
f89e64ce-62dc-5283-9bb9-68d728c4aed4	chr1	245322929	248930189	2	2	0
f89e64ce-62dc-5283-9bb9-68d728c4aed4	chr2	12784	52527423	3	2	1
f89e64ce-62dc-5283-9bb9-68d728c4aed4	chr2	52527590	52554157	0	0	0
f89e64ce-62dc-5283-9bb9-68d728c4aed4	chr2	52554188	88834118	3	2	1
f89e64ce-62dc-5283-9bb9-68d728c4aed4	chr2	88836539	89169780	9	9	0
f89e64ce-62dc-5283-9bb9-68d728c4aed4	chr2	89170066	100145011	3	2	1
f89e64ce-62dc-5283-9bb9-68d728c4aed4	chr2	100146544	105727685	2	2	0
f89e64ce-62dc-5283-9bb9-68d728c4aed4	chr2	105729488	111178362	3	2	1
f89e64ce-62dc-5283-9bb9-68d728c4aed4	chr2	111178864	112848104	2	2	0
f89e64ce-62dc-5283-9bb9-68d728c4aed4	chr2	112848380	115638199	2	1	1
f89e64ce-62dc-5283-9bb9-68d728c4aed4	chr2	115639204	212973677	2	2	0
f89e64ce-62dc-5283-9bb9-68d728c4aed4	chr2	212974495	214190034	1	1	0
f89e64ce-62dc-5283-9bb9-68d728c4aed4	chr2	214191624	242147305	2	2	0
f89e64ce-62dc-5283-9bb9-68d728c4aed4	chr3	20930	14591059	2	2	0
f89e64ce-62dc-5283-9bb9-68d728c4aed4	chr3	14591204	19742754	1	1	0
f89e64ce-62dc-5283-9bb9-68d728c4aed4	chr3	19742949	116578307	2	2	0
f89e64ce-62dc-5283-9bb9-68d728c4aed4	chr3	116578517	116594557	0	0	0
f89e64ce-62dc-5283-9bb9-68d728c4aed4	chr3	116594690	116594797	2	2	0
f89e64ce-62dc-5283-9bb9-68d728c4aed4	chr3	116597006	117342137	0	0	0
f89e64ce-62dc-5283-9bb9-68d728c4aed4	chr3	117347522	198169247	2	2	0
f89e64ce-62dc-5283-9bb9-68d728c4aed4	chr4	68929	8466696	1	1	0
f89e64ce-62dc-5283-9bb9-68d728c4aed4	chr4	8470723	46637793	2	2	0
f89e64ce-62dc-5283-9bb9-68d728c4aed4	chr4	46640117	120800078	3	2	1
f89e64ce-62dc-5283-9bb9-68d728c4aed4	chr4	120811410	120882195	1	1	0
f89e64ce-62dc-5283-9bb9-68d728c4aed4	chr4	120882480	139085261	3	2	1
f89e64ce-62dc-5283-9bb9-68d728c4aed4	chr4	139085355	154285550	2	2	0
f89e64ce-62dc-5283-9bb9-68d728c4aed4	chr4	154291777	158149328	3	2	1
f89e64ce-62dc-5283-9bb9-68d728c4aed4	chr4	158149642	180808112	2	1	1
f89e64ce-62dc-5283-9bb9-68d728c4aed4	chr4	180808199	190106768	1	1	0
f89e64ce-62dc-5283-9bb9-68d728c4aed4	chr5	15532	2598920	1	1	0
f89e64ce-62dc-5283-9bb9-68d728c4aed4	chr5	2603195	15653724	2	2	0
f89e64ce-62dc-5283-9bb9-68d728c4aed4	chr5	15654370	15720118	1	1	0
f89e64ce-62dc-5283-9bb9-68d728c4aed4	chr5	15720212	15729330	0	0	0
f89e64ce-62dc-5283-9bb9-68d728c4aed4	chr5	15729400	29067968	2	2	0
f89e64ce-62dc-5283-9bb9-68d728c4aed4	chr5	29068038	29095849	3	2	1
f89e64ce-62dc-5283-9bb9-68d728c4aed4	chr5	29097046	50934467	2	2	0
f89e64ce-62dc-5283-9bb9-68d728c4aed4	chr5	50934650	51107463	2	1	1
f89e64ce-62dc-5283-9bb9-68d728c4aed4	chr5	51107500	78855794	2	2	0
f89e64ce-62dc-5283-9bb9-68d728c4aed4	chr5	78855890	79747352	1	1	0
f89e64ce-62dc-5283-9bb9-68d728c4aed4	chr5	79751584	96468710	2	2	0
f89e64ce-62dc-5283-9bb9-68d728c4aed4	chr5	96472779	97267784	3	3	0
f89e64ce-62dc-5283-9bb9-68d728c4aed4	chr5	97269115	181363319	2	2	0
f89e64ce-62dc-5283-9bb9-68d728c4aed4	chr6	149661	29906865	2	1	1
f89e64ce-62dc-5283-9bb9-68d728c4aed4	chr6	29906932	30097639	1	1	0
f89e64ce-62dc-5283-9bb9-68d728c4aed4	chr6	30097798	37470467	2	1	1
f89e64ce-62dc-5283-9bb9-68d728c4aed4	chr6	37474541	37652324	3	2	1
f89e64ce-62dc-5283-9bb9-68d728c4aed4	chr6	37657613	40528367	2	1	1
f89e64ce-62dc-5283-9bb9-68d728c4aed4	chr6	40531165	50110174	2	2	0
f89e64ce-62dc-5283-9bb9-68d728c4aed4	chr6	50110907	58343378	3	2	1
f89e64ce-62dc-5283-9bb9-68d728c4aed4	chr6	58348152	170741917	2	2	0
f89e64ce-62dc-5283-9bb9-68d728c4aed4	chr7	43259	1521818	3	3	0
f89e64ce-62dc-5283-9bb9-68d728c4aed4	chr7	1524096	2473807	4	3	1
f89e64ce-62dc-5283-9bb9-68d728c4aed4	chr7	2473887	6835830	5	3	2
f89e64ce-62dc-5283-9bb9-68d728c4aed4	chr7	6836554	24675222	3	3	0
f89e64ce-62dc-5283-9bb9-68d728c4aed4	chr7	24679987	28929896	4	4	0
f89e64ce-62dc-5283-9bb9-68d728c4aed4	chr7	28930057	48444091	3	3	0
f89e64ce-62dc-5283-9bb9-68d728c4aed4	chr7	48444368	54580713	4	4	0
f89e64ce-62dc-5283-9bb9-68d728c4aed4	chr7	54580840	56158728	5	4	1
f89e64ce-62dc-5283-9bb9-68d728c4aed4	chr7	56159218	57127404	6	3	3
f89e64ce-62dc-5283-9bb9-68d728c4aed4	chr7	57130116	69253024	5	4	1
f89e64ce-62dc-5283-9bb9-68d728c4aed4	chr7	69253765	78451488	4	3	1
f89e64ce-62dc-5283-9bb9-68d728c4aed4	chr7	78451503	78590260	1	1	0
f89e64ce-62dc-5283-9bb9-68d728c4aed4	chr7	78594081	103715849	4	3	1
f89e64ce-62dc-5283-9bb9-68d728c4aed4	chr7	103715926	103732586	3	2	1
f89e64ce-62dc-5283-9bb9-68d728c4aed4	chr7	103732604	159334314	4	3	1
f89e64ce-62dc-5283-9bb9-68d728c4aed4	chr8	81254	3919342	2	2	0
f89e64ce-62dc-5283-9bb9-68d728c4aed4	chr8	3926665	3932584	0	0	0
f89e64ce-62dc-5283-9bb9-68d728c4aed4	chr8	3933696	11085766	2	2	0
f89e64ce-62dc-5283-9bb9-68d728c4aed4	chr8	11087106	11391151	1	1	0
f89e64ce-62dc-5283-9bb9-68d728c4aed4	chr8	11391752	12359339	2	2	0
f89e64ce-62dc-5283-9bb9-68d728c4aed4	chr8	12374772	13084200	4	2	2
f89e64ce-62dc-5283-9bb9-68d728c4aed4	chr8	13084689	42649655	2	2	0
f89e64ce-62dc-5283-9bb9-68d728c4aed4	chr8	42649810	43931659	1	1	0
f89e64ce-62dc-5283-9bb9-68d728c4aed4	chr8	45951913	48151541	3	2	1
f89e64ce-62dc-5283-9bb9-68d728c4aed4	chr8	48153865	51116013	4	2	2
f89e64ce-62dc-5283-9bb9-68d728c4aed4	chr8	51116749	51163823	5	3	2
f89e64ce-62dc-5283-9bb9-68d728c4aed4	chr8	51167106	65231193	4	2	2
f89e64ce-62dc-5283-9bb9-68d728c4aed4	chr8	65231439	66448527	3	2	1
f89e64ce-62dc-5283-9bb9-68d728c4aed4	chr8	66449029	94030976	4	2	2
f89e64ce-62dc-5283-9bb9-68d728c4aed4	chr8	94032490	94099389	5	3	2
f89e64ce-62dc-5283-9bb9-68d728c4aed4	chr8	94101015	94329645	3	2	1
f89e64ce-62dc-5283-9bb9-68d728c4aed4	chr8	94329905	139950807	4	2	2
f89e64ce-62dc-5283-9bb9-68d728c4aed4	chr8	139950981	145072769	3	2	1
f89e64ce-62dc-5283-9bb9-68d728c4aed4	chr9	46587	15641585	3	2	1
f89e64ce-62dc-5283-9bb9-68d728c4aed4	chr9	15642193	15980322	2	1	1
f89e64ce-62dc-5283-9bb9-68d728c4aed4	chr9	15994242	75877123	3	2	1
f89e64ce-62dc-5283-9bb9-68d728c4aed4	chr9	75877210	75975492	4	2	2
f89e64ce-62dc-5283-9bb9-68d728c4aed4	chr9	75975753	98839889	3	2	1
f89e64ce-62dc-5283-9bb9-68d728c4aed4	chr9	98840393	98932318	5	3	2
f89e64ce-62dc-5283-9bb9-68d728c4aed4	chr9	98933239	127988522	3	2	1
f89e64ce-62dc-5283-9bb9-68d728c4aed4	chr9	127988610	129312359	2	1	1
f89e64ce-62dc-5283-9bb9-68d728c4aed4	chr9	129312626	135585892	3	2	1
f89e64ce-62dc-5283-9bb9-68d728c4aed4	chr9	135589783	138006616	2	1	1
f89e64ce-62dc-5283-9bb9-68d728c4aed4	chr9	138011382	138200944	4	2	2
f89e64ce-62dc-5283-9bb9-68d728c4aed4	chr10	45792	133654968	2	2	0
f89e64ce-62dc-5283-9bb9-68d728c4aed4	chr11	198510	946260	1	1	0
f89e64ce-62dc-5283-9bb9-68d728c4aed4	chr11	946484	976420	0	0	0
f89e64ce-62dc-5283-9bb9-68d728c4aed4	chr11	976734	11067194	1	1	0
f89e64ce-62dc-5283-9bb9-68d728c4aed4	chr11	11067543	45254689	2	2	0
f89e64ce-62dc-5283-9bb9-68d728c4aed4	chr11	45255405	46124397	1	1	0
f89e64ce-62dc-5283-9bb9-68d728c4aed4	chr11	46124947	56983014	2	2	0
f89e64ce-62dc-5283-9bb9-68d728c4aed4	chr11	56983361	63397928	3	2	1
f89e64ce-62dc-5283-9bb9-68d728c4aed4	chr11	63402599	70533026	2	1	1
f89e64ce-62dc-5283-9bb9-68d728c4aed4	chr11	70533159	84342366	3	2	1
f89e64ce-62dc-5283-9bb9-68d728c4aed4	chr11	84343149	84629799	1	1	0
f89e64ce-62dc-5283-9bb9-68d728c4aed4	chr11	84638550	135074876	3	2	1
f89e64ce-62dc-5283-9bb9-68d728c4aed4	chr12	51460	78377551	3	2	1
f89e64ce-62dc-5283-9bb9-68d728c4aed4	chr12	78377707	90303570	4	3	1
f89e64ce-62dc-5283-9bb9-68d728c4aed4	chr12	90304225	133201603	3	2	1
f89e64ce-62dc-5283-9bb9-68d728c4aed4	chr13	18452809	114342922	2	2	0
f89e64ce-62dc-5283-9bb9-68d728c4aed4	chr14	18239283	19955213	8	5	3
f89e64ce-62dc-5283-9bb9-68d728c4aed4	chr14	19956767	30445935	5	3	2
f89e64ce-62dc-5283-9bb9-68d728c4aed4	chr14	30446047	33294826	4	2	2
f89e64ce-62dc-5283-9bb9-68d728c4aed4	chr14	33294838	96921362	3	2	1
f89e64ce-62dc-5283-9bb9-68d728c4aed4	chr14	96922107	97210261	4	3	1
f89e64ce-62dc-5283-9bb9-68d728c4aed4	chr14	97210385	105728964	3	3	0
f89e64ce-62dc-5283-9bb9-68d728c4aed4	chr14	105730778	106456134	6	6	0
f89e64ce-62dc-5283-9bb9-68d728c4aed4	chr14	106456458	106877229	4	4	0
f89e64ce-62dc-5283-9bb9-68d728c4aed4	chr15	19811075	33133802	1	1	0
f89e64ce-62dc-5283-9bb9-68d728c4aed4	chr15	33133890	33204616	2	2	0
f89e64ce-62dc-5283-9bb9-68d728c4aed4	chr15	33205073	36536783	1	1	0
f89e64ce-62dc-5283-9bb9-68d728c4aed4	chr15	36537173	36558278	2	2	0
f89e64ce-62dc-5283-9bb9-68d728c4aed4	chr15	36558740	55932083	1	1	0
f89e64ce-62dc-5283-9bb9-68d728c4aed4	chr15	55933330	61613626	3	3	0
f89e64ce-62dc-5283-9bb9-68d728c4aed4	chr15	61619558	79563291	2	2	0
f89e64ce-62dc-5283-9bb9-68d728c4aed4	chr15	79563814	84890724	3	3	0
f89e64ce-62dc-5283-9bb9-68d728c4aed4	chr15	84891329	91497533	2	2	0
f89e64ce-62dc-5283-9bb9-68d728c4aed4	chr15	91498099	101928837	3	3	0
f89e64ce-62dc-5283-9bb9-68d728c4aed4	chr16	10777	5000439	1	1	0
f89e64ce-62dc-5283-9bb9-68d728c4aed4	chr16	5002888	57225725	2	2	0
f89e64ce-62dc-5283-9bb9-68d728c4aed4	chr16	57226259	57562410	1	1	0
f89e64ce-62dc-5283-9bb9-68d728c4aed4	chr16	57562640	80369399	2	2	0
f89e64ce-62dc-5283-9bb9-68d728c4aed4	chr16	80374364	89529698	1	1	0
f89e64ce-62dc-5283-9bb9-68d728c4aed4	chr16	89531318	90096867	2	2	0
f89e64ce-62dc-5283-9bb9-68d728c4aed4	chr17	150733	5192461	3	2	1
f89e64ce-62dc-5283-9bb9-68d728c4aed4	chr17	5193084	5349516	3	3	0
f89e64ce-62dc-5283-9bb9-68d728c4aed4	chr17	5354196	9044842	1	1	0
f89e64ce-62dc-5283-9bb9-68d728c4aed4	chr17	9052968	11401781	3	2	1
f89e64ce-62dc-5283-9bb9-68d728c4aed4	chr17	11402054	15516297	4	2	2
f89e64ce-62dc-5283-9bb9-68d728c4aed4	chr17	15518221	46085732	3	2	1
f89e64ce-62dc-5283-9bb9-68d728c4aed4	chr17	46088437	46286804	7	7	0
f89e64ce-62dc-5283-9bb9-68d728c4aed4	chr17	46286848	52284736	3	2	1
f89e64ce-62dc-5283-9bb9-68d728c4aed4	chr17	52289802	54691149	4	2	2
f89e64ce-62dc-5283-9bb9-68d728c4aed4	chr17	54695219	71013519	3	2	1
f89e64ce-62dc-5283-9bb9-68d728c4aed4	chr17	71013611	72747044	4	2	2
f89e64ce-62dc-5283-9bb9-68d728c4aed4	chr17	72747457	83091923	3	2	1
f89e64ce-62dc-5283-9bb9-68d728c4aed4	chr18	48133	80257174	3	2	1
f89e64ce-62dc-5283-9bb9-68d728c4aed4	chr19	90910	1909479	4	3	1
f89e64ce-62dc-5283-9bb9-68d728c4aed4	chr19	1916393	3009790	3	2	1
f89e64ce-62dc-5283-9bb9-68d728c4aed4	chr19	3010650	7415800	4	3	1
f89e64ce-62dc-5283-9bb9-68d728c4aed4	chr19	7415815	7453326	7	5	2
f89e64ce-62dc-5283-9bb9-68d728c4aed4	chr19	7453398	19020513	4	3	1
f89e64ce-62dc-5283-9bb9-68d728c4aed4	chr19	19020739	36316398	5	3	2
f89e64ce-62dc-5283-9bb9-68d728c4aed4	chr19	36334346	39440248	4	3	1
f89e64ce-62dc-5283-9bb9-68d728c4aed4	chr19	39440391	58475181	2	2	0
f89e64ce-62dc-5283-9bb9-68d728c4aed4	chr19	58483057	58586487	3	3	0
f89e64ce-62dc-5283-9bb9-68d728c4aed4	chr20	80664	377567	2	2	0
f89e64ce-62dc-5283-9bb9-68d728c4aed4	chr20	379816	3189631	1	1	0
f89e64ce-62dc-5283-9bb9-68d728c4aed4	chr20	3191285	40017965	2	2	0
f89e64ce-62dc-5283-9bb9-68d728c4aed4	chr20	40018365	43267349	1	1	0
f89e64ce-62dc-5283-9bb9-68d728c4aed4	chr20	43267432	58903752	2	2	0
f89e64ce-62dc-5283-9bb9-68d728c4aed4	chr20	58904078	64324800	1	1	0
f89e64ce-62dc-5283-9bb9-68d728c4aed4	chr21	12973348	35094956	3	2	1
f89e64ce-62dc-5283-9bb9-68d728c4aed4	chr21	35095505	46205489	4	4	0
f89e64ce-62dc-5283-9bb9-68d728c4aed4	chr21	46205630	46677045	4	3	1
f89e64ce-62dc-5283-9bb9-68d728c4aed4	chr22	16392123	50796027	2	2	0
f89e64ce-62dc-5283-9bb9-68d728c4aed4	chrX	251810	156004181	1	1	0
f89e64ce-62dc-5283-9bb9-68d728c4aed4	chrY	2782397	10007588	0	0	0
f89e64ce-62dc-5283-9bb9-68d728c4aed4	chrY	10007900	11680222	1	1	0
f89e64ce-62dc-5283-9bb9-68d728c4aed4	chrY	11750202	26653788	0	0	0
f89e64ce-62dc-5283-9bb9-68d728c4aed4	chrY	56872112	56872112	3	3	0
