GDC_Aliquot	Chromosome	Start	End	Copy_Number	Major_Copy_Number	Minor_Copy_Number
4885ff2c-ca41-539c-9719-5e1a205820e2	chr1	62920	4544044	3	2	1
4885ff2c-ca41-539c-9719-5e1a205820e2	chr1	4545343	4671868	5	4	1
4885ff2c-ca41-539c-9719-5e1a205820e2	chr1	4672072	6481080	4	2	2
4885ff2c-ca41-539c-9719-5e1a205820e2	chr1	6482270	6958659	4	3	1
4885ff2c-ca41-539c-9719-5e1a205820e2	chr1	6959155	7792057	5	3	2
4885ff2c-ca41-539c-9719-5e1a205820e2	chr1	7792859	10775812	3	2	1
4885ff2c-ca41-539c-9719-5e1a205820e2	chr1	10786501	15344153	4	2	2
4885ff2c-ca41-539c-9719-5e1a205820e2	chr1	15344858	15633391	4	3	1
4885ff2c-ca41-539c-9719-5e1a205820e2	chr1	15634113	27039171	4	2	2
4885ff2c-ca41-539c-9719-5e1a205820e2	chr1	27040352	27943535	4	3	1
4885ff2c-ca41-539c-9719-5e1a205820e2	chr1	27944226	50148100	4	2	2
4885ff2c-ca41-539c-9719-5e1a205820e2	chr1	50149844	50466617	5	4	1
4885ff2c-ca41-539c-9719-5e1a205820e2	chr1	50469359	55366005	4	2	2
4885ff2c-ca41-539c-9719-5e1a205820e2	chr1	55366245	55574716	5	4	1
4885ff2c-ca41-539c-9719-5e1a205820e2	chr1	55576047	57957088	5	3	2
4885ff2c-ca41-539c-9719-5e1a205820e2	chr1	57959267	57990404	6	3	3
4885ff2c-ca41-539c-9719-5e1a205820e2	chr1	57991932	70654126	5	3	2
4885ff2c-ca41-539c-9719-5e1a205820e2	chr1	70654243	70958001	4	3	1
4885ff2c-ca41-539c-9719-5e1a205820e2	chr1	70958755	99491244	5	3	2
4885ff2c-ca41-539c-9719-5e1a205820e2	chr1	99491651	100550538	4	3	1
4885ff2c-ca41-539c-9719-5e1a205820e2	chr1	100559469	102346607	4	2	2
4885ff2c-ca41-539c-9719-5e1a205820e2	chr1	102350442	103272388	5	4	1
4885ff2c-ca41-539c-9719-5e1a205820e2	chr1	103272920	121705338	5	3	2
4885ff2c-ca41-539c-9719-5e1a205820e2	chr1	143541857	147319383	9	8	1
4885ff2c-ca41-539c-9719-5e1a205820e2	chr1	147320683	150474277	10	7	3
4885ff2c-ca41-539c-9719-5e1a205820e2	chr1	150474793	154580974	8	4	4
4885ff2c-ca41-539c-9719-5e1a205820e2	chr1	154583790	156158546	10	7	3
4885ff2c-ca41-539c-9719-5e1a205820e2	chr1	156161826	162278234	8	4	4
4885ff2c-ca41-539c-9719-5e1a205820e2	chr1	162278288	163130947	9	5	4
4885ff2c-ca41-539c-9719-5e1a205820e2	chr1	163131691	163364853	9	7	2
4885ff2c-ca41-539c-9719-5e1a205820e2	chr1	163365503	165148000	8	4	4
4885ff2c-ca41-539c-9719-5e1a205820e2	chr1	165149254	165424608	8	6	2
4885ff2c-ca41-539c-9719-5e1a205820e2	chr1	165424850	174283269	8	4	4
4885ff2c-ca41-539c-9719-5e1a205820e2	chr1	174283860	184630380	3	3	0
4885ff2c-ca41-539c-9719-5e1a205820e2	chr1	184631900	185101760	2	2	0
4885ff2c-ca41-539c-9719-5e1a205820e2	chr1	185102291	190353415	3	3	0
4885ff2c-ca41-539c-9719-5e1a205820e2	chr1	190353597	190386626	6	6	0
4885ff2c-ca41-539c-9719-5e1a205820e2	chr1	190387572	192603082	3	3	0
4885ff2c-ca41-539c-9719-5e1a205820e2	chr1	192603358	192618733	1	1	0
4885ff2c-ca41-539c-9719-5e1a205820e2	chr1	192620048	248930189	3	3	0
4885ff2c-ca41-539c-9719-5e1a205820e2	chr2	12784	224086	1	1	0
4885ff2c-ca41-539c-9719-5e1a205820e2	chr2	224192	1454468	2	1	1
4885ff2c-ca41-539c-9719-5e1a205820e2	chr2	1454529	3507273	3	2	1
4885ff2c-ca41-539c-9719-5e1a205820e2	chr2	3511778	3763577	2	2	0
4885ff2c-ca41-539c-9719-5e1a205820e2	chr2	3764949	3776231	4	4	0
4885ff2c-ca41-539c-9719-5e1a205820e2	chr2	3776375	3857589	2	2	0
4885ff2c-ca41-539c-9719-5e1a205820e2	chr2	3858392	9123747	3	2	1
4885ff2c-ca41-539c-9719-5e1a205820e2	chr2	9124595	10229989	4	3	1
4885ff2c-ca41-539c-9719-5e1a205820e2	chr2	10232490	13062541	6	3	3
4885ff2c-ca41-539c-9719-5e1a205820e2	chr2	13062806	19194777	5	4	1
4885ff2c-ca41-539c-9719-5e1a205820e2	chr2	19195021	20786748	6	3	3
4885ff2c-ca41-539c-9719-5e1a205820e2	chr2	20787979	23360019	5	4	1
4885ff2c-ca41-539c-9719-5e1a205820e2	chr2	23360112	23827580	6	3	3
4885ff2c-ca41-539c-9719-5e1a205820e2	chr2	23828459	24908447	6	5	1
4885ff2c-ca41-539c-9719-5e1a205820e2	chr2	24909117	25408576	5	3	2
4885ff2c-ca41-539c-9719-5e1a205820e2	chr2	25410373	28559185	4	2	2
4885ff2c-ca41-539c-9719-5e1a205820e2	chr2	28559397	29239539	5	4	1
4885ff2c-ca41-539c-9719-5e1a205820e2	chr2	29241169	31690193	5	3	2
4885ff2c-ca41-539c-9719-5e1a205820e2	chr2	31697185	32245395	5	4	1
4885ff2c-ca41-539c-9719-5e1a205820e2	chr2	32245820	32920672	4	2	2
4885ff2c-ca41-539c-9719-5e1a205820e2	chr2	32921159	33439963	4	3	1
4885ff2c-ca41-539c-9719-5e1a205820e2	chr2	33442552	33717090	4	2	2
4885ff2c-ca41-539c-9719-5e1a205820e2	chr2	33718935	33803388	5	4	1
4885ff2c-ca41-539c-9719-5e1a205820e2	chr2	33804425	36479278	5	3	2
4885ff2c-ca41-539c-9719-5e1a205820e2	chr2	36479368	81523241	3	2	1
4885ff2c-ca41-539c-9719-5e1a205820e2	chr2	81524244	82928583	3	3	0
4885ff2c-ca41-539c-9719-5e1a205820e2	chr2	82929708	88812836	3	2	1
4885ff2c-ca41-539c-9719-5e1a205820e2	chr2	88813284	112608434	6	3	3
4885ff2c-ca41-539c-9719-5e1a205820e2	chr2	112613937	113478988	6	5	1
4885ff2c-ca41-539c-9719-5e1a205820e2	chr2	113479055	137143449	3	3	0
4885ff2c-ca41-539c-9719-5e1a205820e2	chr2	137143684	137166501	6	6	0
4885ff2c-ca41-539c-9719-5e1a205820e2	chr2	137167874	154354850	3	3	0
4885ff2c-ca41-539c-9719-5e1a205820e2	chr2	154355292	154401022	5	5	0
4885ff2c-ca41-539c-9719-5e1a205820e2	chr2	154405807	226841066	3	3	0
4885ff2c-ca41-539c-9719-5e1a205820e2	chr2	226845092	226877035	0	0	0
4885ff2c-ca41-539c-9719-5e1a205820e2	chr2	226889162	242147305	3	3	0
4885ff2c-ca41-539c-9719-5e1a205820e2	chr3	20930	147267	1	1	0
4885ff2c-ca41-539c-9719-5e1a205820e2	chr3	148728	2515100	2	2	0
4885ff2c-ca41-539c-9719-5e1a205820e2	chr3	2518400	15451279	3	3	0
4885ff2c-ca41-539c-9719-5e1a205820e2	chr3	15452495	16512173	5	5	0
4885ff2c-ca41-539c-9719-5e1a205820e2	chr3	16512317	17848673	3	3	0
4885ff2c-ca41-539c-9719-5e1a205820e2	chr3	17848735	48173763	5	5	0
4885ff2c-ca41-539c-9719-5e1a205820e2	chr3	48177020	49205072	2	2	0
4885ff2c-ca41-539c-9719-5e1a205820e2	chr3	49208212	53566110	4	4	0
4885ff2c-ca41-539c-9719-5e1a205820e2	chr3	53566189	55734190	2	2	0
4885ff2c-ca41-539c-9719-5e1a205820e2	chr3	55734660	56212764	3	3	0
4885ff2c-ca41-539c-9719-5e1a205820e2	chr3	56218576	58370011	2	2	0
4885ff2c-ca41-539c-9719-5e1a205820e2	chr3	58372263	60053285	3	3	0
4885ff2c-ca41-539c-9719-5e1a205820e2	chr3	60053380	60823131	2	2	0
4885ff2c-ca41-539c-9719-5e1a205820e2	chr3	60823185	65289861	5	5	0
4885ff2c-ca41-539c-9719-5e1a205820e2	chr3	65291731	90162349	3	3	0
4885ff2c-ca41-539c-9719-5e1a205820e2	chr3	90164751	96338675	3	2	1
4885ff2c-ca41-539c-9719-5e1a205820e2	chr3	96339765	117820408	2	1	1
4885ff2c-ca41-539c-9719-5e1a205820e2	chr3	117820475	118700077	2	2	0
4885ff2c-ca41-539c-9719-5e1a205820e2	chr3	118700101	146588683	2	1	1
4885ff2c-ca41-539c-9719-5e1a205820e2	chr3	146591685	147171868	3	2	1
4885ff2c-ca41-539c-9719-5e1a205820e2	chr3	147176131	150853027	2	1	1
4885ff2c-ca41-539c-9719-5e1a205820e2	chr3	150853572	151596556	3	2	1
4885ff2c-ca41-539c-9719-5e1a205820e2	chr3	151596638	152814961	2	1	1
4885ff2c-ca41-539c-9719-5e1a205820e2	chr3	152815004	156441251	3	2	1
4885ff2c-ca41-539c-9719-5e1a205820e2	chr3	156442595	156448573	6	3	3
4885ff2c-ca41-539c-9719-5e1a205820e2	chr3	156452389	158405828	3	2	1
4885ff2c-ca41-539c-9719-5e1a205820e2	chr3	158406115	158951771	2	1	1
4885ff2c-ca41-539c-9719-5e1a205820e2	chr3	158952665	196727069	3	2	1
4885ff2c-ca41-539c-9719-5e1a205820e2	chr3	196727182	198169247	4	2	2
4885ff2c-ca41-539c-9719-5e1a205820e2	chr4	68929	3876063	2	2	0
4885ff2c-ca41-539c-9719-5e1a205820e2	chr4	3877891	6617277	3	2	1
4885ff2c-ca41-539c-9719-5e1a205820e2	chr4	6617438	10038792	2	1	1
4885ff2c-ca41-539c-9719-5e1a205820e2	chr4	10038957	10511718	2	2	0
4885ff2c-ca41-539c-9719-5e1a205820e2	chr4	10512944	48991360	2	1	1
4885ff2c-ca41-539c-9719-5e1a205820e2	chr4	48998069	49083136	4	4	0
4885ff2c-ca41-539c-9719-5e1a205820e2	chr4	49086623	49587131	4	2	2
4885ff2c-ca41-539c-9719-5e1a205820e2	chr4	49588316	53119573	4	3	1
4885ff2c-ca41-539c-9719-5e1a205820e2	chr4	53121597	54187989	5	3	2
4885ff2c-ca41-539c-9719-5e1a205820e2	chr4	54190477	55455452	7	5	2
4885ff2c-ca41-539c-9719-5e1a205820e2	chr4	55457430	56260951	10	8	2
4885ff2c-ca41-539c-9719-5e1a205820e2	chr4	56261894	57187362	8	6	2
4885ff2c-ca41-539c-9719-5e1a205820e2	chr4	57187577	57642009	11	9	2
4885ff2c-ca41-539c-9719-5e1a205820e2	chr4	57646173	57719477	6	5	1
4885ff2c-ca41-539c-9719-5e1a205820e2	chr4	57719968	57734761	7	6	1
4885ff2c-ca41-539c-9719-5e1a205820e2	chr4	57734795	61389504	6	3	3
4885ff2c-ca41-539c-9719-5e1a205820e2	chr4	61389790	61984804	5	4	1
4885ff2c-ca41-539c-9719-5e1a205820e2	chr4	61985439	68478894	3	2	1
4885ff2c-ca41-539c-9719-5e1a205820e2	chr4	68494770	68674307	8	8	0
4885ff2c-ca41-539c-9719-5e1a205820e2	chr4	68686026	75393769	3	2	1
4885ff2c-ca41-539c-9719-5e1a205820e2	chr4	75394104	95516600	2	1	1
4885ff2c-ca41-539c-9719-5e1a205820e2	chr4	95516611	95850038	3	2	1
4885ff2c-ca41-539c-9719-5e1a205820e2	chr4	95850361	130945752	2	1	1
4885ff2c-ca41-539c-9719-5e1a205820e2	chr4	130946865	131053544	1	1	0
4885ff2c-ca41-539c-9719-5e1a205820e2	chr4	131057478	132160003	2	1	1
4885ff2c-ca41-539c-9719-5e1a205820e2	chr4	132161154	133783381	4	2	2
4885ff2c-ca41-539c-9719-5e1a205820e2	chr4	133785994	135226429	2	1	1
4885ff2c-ca41-539c-9719-5e1a205820e2	chr4	135227542	137016241	3	2	1
4885ff2c-ca41-539c-9719-5e1a205820e2	chr4	137016834	140571531	2	1	1
4885ff2c-ca41-539c-9719-5e1a205820e2	chr4	140571789	141277850	3	2	1
4885ff2c-ca41-539c-9719-5e1a205820e2	chr4	141278132	141445194	4	3	1
4885ff2c-ca41-539c-9719-5e1a205820e2	chr4	141445292	143575127	5	4	1
4885ff2c-ca41-539c-9719-5e1a205820e2	chr4	143575324	144965767	6	5	1
4885ff2c-ca41-539c-9719-5e1a205820e2	chr4	144966629	145959306	3	2	1
4885ff2c-ca41-539c-9719-5e1a205820e2	chr4	145962233	146161577	10	8	2
4885ff2c-ca41-539c-9719-5e1a205820e2	chr4	146169059	150937273	3	2	1
4885ff2c-ca41-539c-9719-5e1a205820e2	chr4	150937352	152107708	3	3	0
4885ff2c-ca41-539c-9719-5e1a205820e2	chr4	152108574	161389985	3	2	1
4885ff2c-ca41-539c-9719-5e1a205820e2	chr4	161393535	164571095	7	6	1
4885ff2c-ca41-539c-9719-5e1a205820e2	chr4	164571244	165123755	6	5	1
4885ff2c-ca41-539c-9719-5e1a205820e2	chr4	165129273	169091503	7	6	1
4885ff2c-ca41-539c-9719-5e1a205820e2	chr4	169092759	171630624	11	10	1
4885ff2c-ca41-539c-9719-5e1a205820e2	chr4	171630771	175114042	8	7	1
4885ff2c-ca41-539c-9719-5e1a205820e2	chr4	175114927	178554175	3	2	1
4885ff2c-ca41-539c-9719-5e1a205820e2	chr4	178554859	179846007	5	4	1
4885ff2c-ca41-539c-9719-5e1a205820e2	chr4	179846336	182498358	3	2	1
4885ff2c-ca41-539c-9719-5e1a205820e2	chr4	182500939	182874667	1	1	0
4885ff2c-ca41-539c-9719-5e1a205820e2	chr4	182877556	189764809	2	2	0
4885ff2c-ca41-539c-9719-5e1a205820e2	chr4	189764880	190106768	0	0	0
4885ff2c-ca41-539c-9719-5e1a205820e2	chr5	15532	11146586	2	2	0
4885ff2c-ca41-539c-9719-5e1a205820e2	chr5	11146970	11147901	1	1	0
4885ff2c-ca41-539c-9719-5e1a205820e2	chr5	11149569	23738915	2	2	0
4885ff2c-ca41-539c-9719-5e1a205820e2	chr5	23739530	23782415	3	3	0
4885ff2c-ca41-539c-9719-5e1a205820e2	chr5	23782932	37405016	2	2	0
4885ff2c-ca41-539c-9719-5e1a205820e2	chr5	37409477	38368617	3	2	1
4885ff2c-ca41-539c-9719-5e1a205820e2	chr5	38372019	39460143	11	9	2
4885ff2c-ca41-539c-9719-5e1a205820e2	chr5	39460668	39753792	9	7	2
4885ff2c-ca41-539c-9719-5e1a205820e2	chr5	39759758	40161423	17	14	3
4885ff2c-ca41-539c-9719-5e1a205820e2	chr5	40161654	42547922	12	10	2
4885ff2c-ca41-539c-9719-5e1a205820e2	chr5	42551564	43863477	9	7	2
4885ff2c-ca41-539c-9719-5e1a205820e2	chr5	43864534	45353842	13	10	3
4885ff2c-ca41-539c-9719-5e1a205820e2	chr5	45354697	45401715	14	12	2
4885ff2c-ca41-539c-9719-5e1a205820e2	chr5	45408423	45819224	3	3	0
4885ff2c-ca41-539c-9719-5e1a205820e2	chr5	45825707	45853714	6	5	1
4885ff2c-ca41-539c-9719-5e1a205820e2	chr5	45855677	46062027	6	6	0
4885ff2c-ca41-539c-9719-5e1a205820e2	chr5	46096785	46382550	5	4	1
4885ff2c-ca41-539c-9719-5e1a205820e2	chr5	46383233	102559961	2	2	0
4885ff2c-ca41-539c-9719-5e1a205820e2	chr5	102563550	106046619	1	1	0
4885ff2c-ca41-539c-9719-5e1a205820e2	chr5	106050008	107466269	5	4	1
4885ff2c-ca41-539c-9719-5e1a205820e2	chr5	107466596	111354865	4	3	1
4885ff2c-ca41-539c-9719-5e1a205820e2	chr5	111357014	112618274	2	1	1
4885ff2c-ca41-539c-9719-5e1a205820e2	chr5	112620720	113244446	3	2	1
4885ff2c-ca41-539c-9719-5e1a205820e2	chr5	113244593	145636555	2	1	1
4885ff2c-ca41-539c-9719-5e1a205820e2	chr5	145636826	145795912	2	2	0
4885ff2c-ca41-539c-9719-5e1a205820e2	chr5	145797569	158846657	2	1	1
4885ff2c-ca41-539c-9719-5e1a205820e2	chr5	158847483	159699820	4	3	1
4885ff2c-ca41-539c-9719-5e1a205820e2	chr5	159700060	160169223	5	4	1
4885ff2c-ca41-539c-9719-5e1a205820e2	chr5	160170281	161526639	3	2	1
4885ff2c-ca41-539c-9719-5e1a205820e2	chr5	161526895	165426367	5	4	1
4885ff2c-ca41-539c-9719-5e1a205820e2	chr5	165430053	166864283	3	3	0
4885ff2c-ca41-539c-9719-5e1a205820e2	chr5	166868304	172764068	2	2	0
4885ff2c-ca41-539c-9719-5e1a205820e2	chr5	172769585	173860481	1	1	0
4885ff2c-ca41-539c-9719-5e1a205820e2	chr5	173861188	181363319	2	2	0
4885ff2c-ca41-539c-9719-5e1a205820e2	chr6	149661	12336384	2	2	0
4885ff2c-ca41-539c-9719-5e1a205820e2	chr6	12337927	14681079	4	2	2
4885ff2c-ca41-539c-9719-5e1a205820e2	chr6	14682844	21561412	2	2	0
4885ff2c-ca41-539c-9719-5e1a205820e2	chr6	21570188	23968844	5	3	2
4885ff2c-ca41-539c-9719-5e1a205820e2	chr6	23971706	24369644	2	2	0
4885ff2c-ca41-539c-9719-5e1a205820e2	chr6	24370130	34443743	4	2	2
4885ff2c-ca41-539c-9719-5e1a205820e2	chr6	34444028	35704553	4	3	1
4885ff2c-ca41-539c-9719-5e1a205820e2	chr6	35706725	37487866	4	2	2
4885ff2c-ca41-539c-9719-5e1a205820e2	chr6	37488440	38924224	6	4	2
4885ff2c-ca41-539c-9719-5e1a205820e2	chr6	38924671	47797554	6	5	1
4885ff2c-ca41-539c-9719-5e1a205820e2	chr6	47797829	47915072	5	5	0
4885ff2c-ca41-539c-9719-5e1a205820e2	chr6	47915119	51387907	6	5	1
4885ff2c-ca41-539c-9719-5e1a205820e2	chr6	51389754	53618946	5	4	1
4885ff2c-ca41-539c-9719-5e1a205820e2	chr6	53619536	96965520	3	2	1
4885ff2c-ca41-539c-9719-5e1a205820e2	chr6	96967259	96995391	6	4	2
4885ff2c-ca41-539c-9719-5e1a205820e2	chr6	96995419	115786005	3	2	1
4885ff2c-ca41-539c-9719-5e1a205820e2	chr6	115786086	119546684	3	3	0
4885ff2c-ca41-539c-9719-5e1a205820e2	chr6	119546981	170741917	3	2	1
4885ff2c-ca41-539c-9719-5e1a205820e2	chr7	43259	1852929	5	3	2
4885ff2c-ca41-539c-9719-5e1a205820e2	chr7	1872586	2213571	5	4	1
4885ff2c-ca41-539c-9719-5e1a205820e2	chr7	2218449	4631915	5	3	2
4885ff2c-ca41-539c-9719-5e1a205820e2	chr7	4632018	8952899	4	2	2
4885ff2c-ca41-539c-9719-5e1a205820e2	chr7	8952953	13945841	5	3	2
4885ff2c-ca41-539c-9719-5e1a205820e2	chr7	13948622	14837292	3	2	1
4885ff2c-ca41-539c-9719-5e1a205820e2	chr7	14844333	16176520	5	3	2
4885ff2c-ca41-539c-9719-5e1a205820e2	chr7	16180045	17974805	7	5	2
4885ff2c-ca41-539c-9719-5e1a205820e2	chr7	17974951	18129389	9	7	2
4885ff2c-ca41-539c-9719-5e1a205820e2	chr7	18129433	31493841	4	2	2
4885ff2c-ca41-539c-9719-5e1a205820e2	chr7	31494892	31691082	4	3	1
4885ff2c-ca41-539c-9719-5e1a205820e2	chr7	31691162	32359259	5	3	2
4885ff2c-ca41-539c-9719-5e1a205820e2	chr7	32359362	32677013	6	3	3
4885ff2c-ca41-539c-9719-5e1a205820e2	chr7	32677861	33873001	11	9	2
4885ff2c-ca41-539c-9719-5e1a205820e2	chr7	33873436	34320220	7	5	2
4885ff2c-ca41-539c-9719-5e1a205820e2	chr7	34323306	35164954	8	6	2
4885ff2c-ca41-539c-9719-5e1a205820e2	chr7	35170423	35480749	6	3	3
4885ff2c-ca41-539c-9719-5e1a205820e2	chr7	35481070	35540919	5	4	1
4885ff2c-ca41-539c-9719-5e1a205820e2	chr7	35541080	36712574	4	2	2
4885ff2c-ca41-539c-9719-5e1a205820e2	chr7	36716719	37255037	5	3	2
4885ff2c-ca41-539c-9719-5e1a205820e2	chr7	37255075	40858539	4	2	2
4885ff2c-ca41-539c-9719-5e1a205820e2	chr7	40858901	41055565	5	4	1
4885ff2c-ca41-539c-9719-5e1a205820e2	chr7	41055924	45015811	5	3	2
4885ff2c-ca41-539c-9719-5e1a205820e2	chr7	45016035	45513547	5	4	1
4885ff2c-ca41-539c-9719-5e1a205820e2	chr7	45514082	47291755	5	3	2
4885ff2c-ca41-539c-9719-5e1a205820e2	chr7	47292262	47596938	6	5	1
4885ff2c-ca41-539c-9719-5e1a205820e2	chr7	47597280	48717036	6	3	3
4885ff2c-ca41-539c-9719-5e1a205820e2	chr7	48717508	49594206	4	2	2
4885ff2c-ca41-539c-9719-5e1a205820e2	chr7	49599572	49609808	2	1	1
4885ff2c-ca41-539c-9719-5e1a205820e2	chr7	49610018	50663476	5	3	2
4885ff2c-ca41-539c-9719-5e1a205820e2	chr7	50666460	50853459	5	4	1
4885ff2c-ca41-539c-9719-5e1a205820e2	chr7	50857499	54251088	5	3	2
4885ff2c-ca41-539c-9719-5e1a205820e2	chr7	54251584	56627943	3	2	1
4885ff2c-ca41-539c-9719-5e1a205820e2	chr7	56629493	65603718	5	3	2
4885ff2c-ca41-539c-9719-5e1a205820e2	chr7	65604019	108892072	3	2	1
4885ff2c-ca41-539c-9719-5e1a205820e2	chr7	108892123	108955511	5	4	1
4885ff2c-ca41-539c-9719-5e1a205820e2	chr7	108955588	119896486	3	2	1
4885ff2c-ca41-539c-9719-5e1a205820e2	chr7	119897011	130643544	6	3	3
4885ff2c-ca41-539c-9719-5e1a205820e2	chr7	130643682	137903218	3	2	1
4885ff2c-ca41-539c-9719-5e1a205820e2	chr7	137903623	138113680	2	1	1
4885ff2c-ca41-539c-9719-5e1a205820e2	chr7	138113847	151438935	3	2	1
4885ff2c-ca41-539c-9719-5e1a205820e2	chr7	151441618	152656578	5	3	2
4885ff2c-ca41-539c-9719-5e1a205820e2	chr7	152659519	154302788	3	2	1
4885ff2c-ca41-539c-9719-5e1a205820e2	chr7	154303475	155159187	6	3	3
4885ff2c-ca41-539c-9719-5e1a205820e2	chr7	155159337	157149520	3	2	1
4885ff2c-ca41-539c-9719-5e1a205820e2	chr7	157149995	158600835	6	3	3
4885ff2c-ca41-539c-9719-5e1a205820e2	chr7	158601645	159334314	6	4	2
4885ff2c-ca41-539c-9719-5e1a205820e2	chr8	81254	31950578	2	1	1
4885ff2c-ca41-539c-9719-5e1a205820e2	chr8	31950603	31955518	5	3	2
4885ff2c-ca41-539c-9719-5e1a205820e2	chr8	31956294	43332166	2	1	1
4885ff2c-ca41-539c-9719-5e1a205820e2	chr8	43338564	49248638	3	2	1
4885ff2c-ca41-539c-9719-5e1a205820e2	chr8	49249443	53654244	6	5	1
4885ff2c-ca41-539c-9719-5e1a205820e2	chr8	53655507	53721506	3	2	1
4885ff2c-ca41-539c-9719-5e1a205820e2	chr8	53721568	55109429	6	5	1
4885ff2c-ca41-539c-9719-5e1a205820e2	chr8	55109732	63313334	3	2	1
4885ff2c-ca41-539c-9719-5e1a205820e2	chr8	63314652	66986517	4	3	1
4885ff2c-ca41-539c-9719-5e1a205820e2	chr8	66989095	68693153	7	6	1
4885ff2c-ca41-539c-9719-5e1a205820e2	chr8	68697959	70161286	6	5	1
4885ff2c-ca41-539c-9719-5e1a205820e2	chr8	70161437	98557169	2	1	1
4885ff2c-ca41-539c-9719-5e1a205820e2	chr8	98557180	98990998	8	6	2
4885ff2c-ca41-539c-9719-5e1a205820e2	chr8	98995117	100098491	2	1	1
4885ff2c-ca41-539c-9719-5e1a205820e2	chr8	100098607	100806804	3	2	1
4885ff2c-ca41-539c-9719-5e1a205820e2	chr8	100809783	108645821	2	1	1
4885ff2c-ca41-539c-9719-5e1a205820e2	chr8	108649911	109444691	5	4	1
4885ff2c-ca41-539c-9719-5e1a205820e2	chr8	109446590	109583678	10	9	1
4885ff2c-ca41-539c-9719-5e1a205820e2	chr8	109590990	109811029	2	2	0
4885ff2c-ca41-539c-9719-5e1a205820e2	chr8	109811132	111252186	2	1	1
4885ff2c-ca41-539c-9719-5e1a205820e2	chr8	111254615	112438913	2	2	0
4885ff2c-ca41-539c-9719-5e1a205820e2	chr8	112438956	114589546	2	1	1
4885ff2c-ca41-539c-9719-5e1a205820e2	chr8	114593386	114983152	7	6	1
4885ff2c-ca41-539c-9719-5e1a205820e2	chr8	114986956	115001132	14	12	2
4885ff2c-ca41-539c-9719-5e1a205820e2	chr8	115003979	116411906	18	17	1
4885ff2c-ca41-539c-9719-5e1a205820e2	chr8	116412518	117299877	15	14	1
4885ff2c-ca41-539c-9719-5e1a205820e2	chr8	117300074	119928412	12	11	1
4885ff2c-ca41-539c-9719-5e1a205820e2	chr8	119929288	120958994	15	14	1
4885ff2c-ca41-539c-9719-5e1a205820e2	chr8	120960709	122648786	4	3	1
4885ff2c-ca41-539c-9719-5e1a205820e2	chr8	122655842	122784128	4	4	0
4885ff2c-ca41-539c-9719-5e1a205820e2	chr8	122785958	124425386	9	8	1
4885ff2c-ca41-539c-9719-5e1a205820e2	chr8	124425570	125458575	7	6	1
4885ff2c-ca41-539c-9719-5e1a205820e2	chr8	125459528	125487636	2	2	0
4885ff2c-ca41-539c-9719-5e1a205820e2	chr8	125488108	126445455	2	1	1
4885ff2c-ca41-539c-9719-5e1a205820e2	chr8	126445552	126625437	4	3	1
4885ff2c-ca41-539c-9719-5e1a205820e2	chr8	126628260	127002847	2	1	1
4885ff2c-ca41-539c-9719-5e1a205820e2	chr8	127010320	127430224	4	3	1
4885ff2c-ca41-539c-9719-5e1a205820e2	chr8	127435304	128481411	9	8	1
4885ff2c-ca41-539c-9719-5e1a205820e2	chr8	128482204	129685763	7	6	1
4885ff2c-ca41-539c-9719-5e1a205820e2	chr8	129685804	130180821	6	5	1
4885ff2c-ca41-539c-9719-5e1a205820e2	chr8	130188886	130229800	2	2	0
4885ff2c-ca41-539c-9719-5e1a205820e2	chr8	130232845	130639945	5	4	1
4885ff2c-ca41-539c-9719-5e1a205820e2	chr8	130640552	132092068	2	1	1
4885ff2c-ca41-539c-9719-5e1a205820e2	chr8	132092081	133050529	12	11	1
4885ff2c-ca41-539c-9719-5e1a205820e2	chr8	133050738	133231905	8	7	1
4885ff2c-ca41-539c-9719-5e1a205820e2	chr8	133234475	140453473	2	1	1
4885ff2c-ca41-539c-9719-5e1a205820e2	chr8	140453804	141070794	5	4	1
4885ff2c-ca41-539c-9719-5e1a205820e2	chr8	141074122	141244416	7	6	1
4885ff2c-ca41-539c-9719-5e1a205820e2	chr8	141246691	141864592	5	4	1
4885ff2c-ca41-539c-9719-5e1a205820e2	chr8	141864864	143150198	2	1	1
4885ff2c-ca41-539c-9719-5e1a205820e2	chr8	143153996	144796982	4	3	1
4885ff2c-ca41-539c-9719-5e1a205820e2	chr8	144800586	145072769	1	1	0
4885ff2c-ca41-539c-9719-5e1a205820e2	chr9	46587	1405945	2	2	0
4885ff2c-ca41-539c-9719-5e1a205820e2	chr9	1407240	1490383	3	2	1
4885ff2c-ca41-539c-9719-5e1a205820e2	chr9	1490407	1992516	2	2	0
4885ff2c-ca41-539c-9719-5e1a205820e2	chr9	1993168	2108447	4	2	2
4885ff2c-ca41-539c-9719-5e1a205820e2	chr9	2109139	9572879	2	2	0
4885ff2c-ca41-539c-9719-5e1a205820e2	chr9	9575039	9605281	0	0	0
4885ff2c-ca41-539c-9719-5e1a205820e2	chr9	9608981	9631694	1	1	0
4885ff2c-ca41-539c-9719-5e1a205820e2	chr9	9631801	18102766	2	2	0
4885ff2c-ca41-539c-9719-5e1a205820e2	chr9	18103266	18173025	4	2	2
4885ff2c-ca41-539c-9719-5e1a205820e2	chr9	18175717	18930224	2	2	0
4885ff2c-ca41-539c-9719-5e1a205820e2	chr9	18930882	18937711	4	4	0
4885ff2c-ca41-539c-9719-5e1a205820e2	chr9	18937861	22547509	2	2	0
4885ff2c-ca41-539c-9719-5e1a205820e2	chr9	22547790	23758916	3	2	1
4885ff2c-ca41-539c-9719-5e1a205820e2	chr9	23762531	24828653	6	3	3
4885ff2c-ca41-539c-9719-5e1a205820e2	chr9	24829274	26851482	5	3	2
4885ff2c-ca41-539c-9719-5e1a205820e2	chr9	26853239	28957555	2	2	0
4885ff2c-ca41-539c-9719-5e1a205820e2	chr9	28958848	29753395	5	3	2
4885ff2c-ca41-539c-9719-5e1a205820e2	chr9	29753417	75654545	3	2	1
4885ff2c-ca41-539c-9719-5e1a205820e2	chr9	75656699	75664903	5	4	1
4885ff2c-ca41-539c-9719-5e1a205820e2	chr9	75665026	85002156	3	2	1
4885ff2c-ca41-539c-9719-5e1a205820e2	chr9	85003925	85007424	1	1	0
4885ff2c-ca41-539c-9719-5e1a205820e2	chr9	85007470	86033514	3	2	1
4885ff2c-ca41-539c-9719-5e1a205820e2	chr9	86033590	86352368	1	1	0
4885ff2c-ca41-539c-9719-5e1a205820e2	chr9	86357914	113978355	3	2	1
4885ff2c-ca41-539c-9719-5e1a205820e2	chr9	113978906	114007543	5	3	2
4885ff2c-ca41-539c-9719-5e1a205820e2	chr9	114009558	130519248	3	2	1
4885ff2c-ca41-539c-9719-5e1a205820e2	chr9	130519284	131112474	4	2	2
4885ff2c-ca41-539c-9719-5e1a205820e2	chr9	131113060	134695782	3	2	1
4885ff2c-ca41-539c-9719-5e1a205820e2	chr9	134698981	135122081	5	3	2
4885ff2c-ca41-539c-9719-5e1a205820e2	chr9	135125009	135542380	6	3	3
4885ff2c-ca41-539c-9719-5e1a205820e2	chr9	135544377	138200944	4	2	2
4885ff2c-ca41-539c-9719-5e1a205820e2	chr10	45792	3010244	2	2	0
4885ff2c-ca41-539c-9719-5e1a205820e2	chr10	3012303	3013852	5	5	0
4885ff2c-ca41-539c-9719-5e1a205820e2	chr10	3013886	16516986	2	2	0
4885ff2c-ca41-539c-9719-5e1a205820e2	chr10	16524963	16573690	0	0	0
4885ff2c-ca41-539c-9719-5e1a205820e2	chr10	16582090	38781690	2	2	0
4885ff2c-ca41-539c-9719-5e1a205820e2	chr10	38783075	42658494	4	3	1
4885ff2c-ca41-539c-9719-5e1a205820e2	chr10	42661690	50947266	4	2	2
4885ff2c-ca41-539c-9719-5e1a205820e2	chr10	50947571	52433546	3	2	1
4885ff2c-ca41-539c-9719-5e1a205820e2	chr10	52434058	56580253	5	4	1
4885ff2c-ca41-539c-9719-5e1a205820e2	chr10	56581304	119371707	3	2	1
4885ff2c-ca41-539c-9719-5e1a205820e2	chr10	119373876	120158661	2	1	1
4885ff2c-ca41-539c-9719-5e1a205820e2	chr10	120158929	126909264	3	2	1
4885ff2c-ca41-539c-9719-5e1a205820e2	chr10	126913532	127027092	2	2	0
4885ff2c-ca41-539c-9719-5e1a205820e2	chr10	127028525	133654968	3	2	1
4885ff2c-ca41-539c-9719-5e1a205820e2	chr11	198510	33336593	2	2	0
4885ff2c-ca41-539c-9719-5e1a205820e2	chr11	33338706	34634913	3	3	0
4885ff2c-ca41-539c-9719-5e1a205820e2	chr11	34635597	55090832	2	2	0
4885ff2c-ca41-539c-9719-5e1a205820e2	chr11	55123806	57671971	5	3	2
4885ff2c-ca41-539c-9719-5e1a205820e2	chr11	57673393	74698528	3	2	1
4885ff2c-ca41-539c-9719-5e1a205820e2	chr11	74698787	76397752	4	3	1
4885ff2c-ca41-539c-9719-5e1a205820e2	chr11	76398246	77565463	3	2	1
4885ff2c-ca41-539c-9719-5e1a205820e2	chr11	77573003	88718993	8	7	1
4885ff2c-ca41-539c-9719-5e1a205820e2	chr11	88720161	88792264	28	20	8
4885ff2c-ca41-539c-9719-5e1a205820e2	chr11	88792581	88982204	21	18	3
4885ff2c-ca41-539c-9719-5e1a205820e2	chr11	88992904	89962925	5	4	1
4885ff2c-ca41-539c-9719-5e1a205820e2	chr11	89966336	91444625	8	7	1
4885ff2c-ca41-539c-9719-5e1a205820e2	chr11	91444923	92608564	5	4	1
4885ff2c-ca41-539c-9719-5e1a205820e2	chr11	92609231	93560535	6	5	1
4885ff2c-ca41-539c-9719-5e1a205820e2	chr11	93560561	94521156	7	6	1
4885ff2c-ca41-539c-9719-5e1a205820e2	chr11	94522077	94909698	16	8	8
4885ff2c-ca41-539c-9719-5e1a205820e2	chr11	94910702	95112309	23	18	5
4885ff2c-ca41-539c-9719-5e1a205820e2	chr11	95112611	96903173	7	6	1
4885ff2c-ca41-539c-9719-5e1a205820e2	chr11	96903339	97992264	12	11	1
4885ff2c-ca41-539c-9719-5e1a205820e2	chr11	97992374	98911923	8	7	1
4885ff2c-ca41-539c-9719-5e1a205820e2	chr11	98912234	101527516	10	9	1
4885ff2c-ca41-539c-9719-5e1a205820e2	chr11	101528779	101553939	15	13	2
4885ff2c-ca41-539c-9719-5e1a205820e2	chr11	101555808	102958726	9	8	1
4885ff2c-ca41-539c-9719-5e1a205820e2	chr11	102959002	104669561	6	5	1
4885ff2c-ca41-539c-9719-5e1a205820e2	chr11	104671135	107310693	10	9	1
4885ff2c-ca41-539c-9719-5e1a205820e2	chr11	107310855	107846476	13	12	1
4885ff2c-ca41-539c-9719-5e1a205820e2	chr11	107850134	108554469	9	8	1
4885ff2c-ca41-539c-9719-5e1a205820e2	chr11	108556429	109525209	6	5	1
4885ff2c-ca41-539c-9719-5e1a205820e2	chr11	109529685	111050036	8	7	1
4885ff2c-ca41-539c-9719-5e1a205820e2	chr11	111053202	112253754	6	5	1
4885ff2c-ca41-539c-9719-5e1a205820e2	chr11	112253810	113798704	3	2	1
4885ff2c-ca41-539c-9719-5e1a205820e2	chr11	113798875	114554936	6	5	1
4885ff2c-ca41-539c-9719-5e1a205820e2	chr11	114560992	115623176	3	2	1
4885ff2c-ca41-539c-9719-5e1a205820e2	chr11	115623879	115704943	5	4	1
4885ff2c-ca41-539c-9719-5e1a205820e2	chr11	115705920	116668401	8	7	1
4885ff2c-ca41-539c-9719-5e1a205820e2	chr11	116674756	117696176	4	3	1
4885ff2c-ca41-539c-9719-5e1a205820e2	chr11	117696206	118204244	6	5	1
4885ff2c-ca41-539c-9719-5e1a205820e2	chr11	118205354	119520530	5	4	1
4885ff2c-ca41-539c-9719-5e1a205820e2	chr11	119521995	119603654	8	7	1
4885ff2c-ca41-539c-9719-5e1a205820e2	chr11	119604596	120546792	4	3	1
4885ff2c-ca41-539c-9719-5e1a205820e2	chr11	120546844	121266090	6	5	1
4885ff2c-ca41-539c-9719-5e1a205820e2	chr11	121266206	121575839	8	7	1
4885ff2c-ca41-539c-9719-5e1a205820e2	chr11	121577629	123998049	5	4	1
4885ff2c-ca41-539c-9719-5e1a205820e2	chr11	123998355	126818816	4	3	1
4885ff2c-ca41-539c-9719-5e1a205820e2	chr11	126819138	126836196	8	6	2
4885ff2c-ca41-539c-9719-5e1a205820e2	chr11	126836621	129299567	4	3	1
4885ff2c-ca41-539c-9719-5e1a205820e2	chr11	129299703	131030159	5	4	1
4885ff2c-ca41-539c-9719-5e1a205820e2	chr11	131030779	134043893	3	2	1
4885ff2c-ca41-539c-9719-5e1a205820e2	chr11	134044628	134230251	9	7	2
4885ff2c-ca41-539c-9719-5e1a205820e2	chr11	134232009	134558068	6	6	0
4885ff2c-ca41-539c-9719-5e1a205820e2	chr11	134562186	135074876	1	1	0
4885ff2c-ca41-539c-9719-5e1a205820e2	chr12	51460	21652296	2	2	0
4885ff2c-ca41-539c-9719-5e1a205820e2	chr12	21653952	22635269	4	2	2
4885ff2c-ca41-539c-9719-5e1a205820e2	chr12	22635349	24222667	4	3	1
4885ff2c-ca41-539c-9719-5e1a205820e2	chr12	24223016	24560619	4	2	2
4885ff2c-ca41-539c-9719-5e1a205820e2	chr12	24565886	26145687	4	3	1
4885ff2c-ca41-539c-9719-5e1a205820e2	chr12	26146337	28429860	3	2	1
4885ff2c-ca41-539c-9719-5e1a205820e2	chr12	28430051	33873832	4	3	1
4885ff2c-ca41-539c-9719-5e1a205820e2	chr12	33874373	37547741	5	4	1
4885ff2c-ca41-539c-9719-5e1a205820e2	chr12	37548820	63765887	3	2	1
4885ff2c-ca41-539c-9719-5e1a205820e2	chr12	63767186	66000037	5	3	2
4885ff2c-ca41-539c-9719-5e1a205820e2	chr12	66001055	67925479	3	2	1
4885ff2c-ca41-539c-9719-5e1a205820e2	chr12	67925805	68237008	2	2	0
4885ff2c-ca41-539c-9719-5e1a205820e2	chr12	68238076	68271709	4	4	0
4885ff2c-ca41-539c-9719-5e1a205820e2	chr12	68273102	71238289	4	2	2
4885ff2c-ca41-539c-9719-5e1a205820e2	chr12	71238447	71320960	6	3	3
4885ff2c-ca41-539c-9719-5e1a205820e2	chr12	71321951	71942873	3	2	1
4885ff2c-ca41-539c-9719-5e1a205820e2	chr12	71942989	75270266	2	2	0
4885ff2c-ca41-539c-9719-5e1a205820e2	chr12	75270875	75661934	4	3	1
4885ff2c-ca41-539c-9719-5e1a205820e2	chr12	75662030	79399532	5	3	2
4885ff2c-ca41-539c-9719-5e1a205820e2	chr12	79400184	80671192	2	2	0
4885ff2c-ca41-539c-9719-5e1a205820e2	chr12	80671721	81137056	5	3	2
4885ff2c-ca41-539c-9719-5e1a205820e2	chr12	81137107	111903460	3	2	1
4885ff2c-ca41-539c-9719-5e1a205820e2	chr12	111910846	114656914	2	2	0
4885ff2c-ca41-539c-9719-5e1a205820e2	chr12	114657253	126802228	3	2	1
4885ff2c-ca41-539c-9719-5e1a205820e2	chr12	126802420	127493113	2	2	0
4885ff2c-ca41-539c-9719-5e1a205820e2	chr12	127494163	128194419	3	2	1
4885ff2c-ca41-539c-9719-5e1a205820e2	chr12	128194523	130241567	2	2	0
4885ff2c-ca41-539c-9719-5e1a205820e2	chr12	130243803	130844859	3	2	1
4885ff2c-ca41-539c-9719-5e1a205820e2	chr12	130847519	132945402	2	2	0
4885ff2c-ca41-539c-9719-5e1a205820e2	chr12	132947727	133201603	3	2	1
4885ff2c-ca41-539c-9719-5e1a205820e2	chr13	18452809	39659554	3	3	0
4885ff2c-ca41-539c-9719-5e1a205820e2	chr13	39661236	40564993	4	4	0
4885ff2c-ca41-539c-9719-5e1a205820e2	chr13	40565740	59088191	2	2	0
4885ff2c-ca41-539c-9719-5e1a205820e2	chr13	59093702	61602234	3	3	0
4885ff2c-ca41-539c-9719-5e1a205820e2	chr13	61603678	64251170	2	2	0
4885ff2c-ca41-539c-9719-5e1a205820e2	chr13	64252554	82989420	3	3	0
4885ff2c-ca41-539c-9719-5e1a205820e2	chr13	82992648	83471974	4	4	0
4885ff2c-ca41-539c-9719-5e1a205820e2	chr13	83483086	85565481	7	4	3
4885ff2c-ca41-539c-9719-5e1a205820e2	chr13	85565809	87874734	9	5	4
4885ff2c-ca41-539c-9719-5e1a205820e2	chr13	87879744	90238595	9	6	3
4885ff2c-ca41-539c-9719-5e1a205820e2	chr13	90242291	90276748	5	4	1
4885ff2c-ca41-539c-9719-5e1a205820e2	chr13	90276872	94533837	7	5	2
4885ff2c-ca41-539c-9719-5e1a205820e2	chr13	94535880	94853008	7	6	1
4885ff2c-ca41-539c-9719-5e1a205820e2	chr13	94859252	97912036	6	3	3
4885ff2c-ca41-539c-9719-5e1a205820e2	chr13	97918508	114342922	7	5	2
4885ff2c-ca41-539c-9719-5e1a205820e2	chr14	18239283	20858734	5	3	2
4885ff2c-ca41-539c-9719-5e1a205820e2	chr14	20859749	20916801	8	4	4
4885ff2c-ca41-539c-9719-5e1a205820e2	chr14	20924070	47757834	3	2	1
4885ff2c-ca41-539c-9719-5e1a205820e2	chr14	47762764	47808248	0	0	0
4885ff2c-ca41-539c-9719-5e1a205820e2	chr14	47817385	86475198	3	2	1
4885ff2c-ca41-539c-9719-5e1a205820e2	chr14	86475488	87608480	3	3	0
4885ff2c-ca41-539c-9719-5e1a205820e2	chr14	87608725	87641523	10	8	2
4885ff2c-ca41-539c-9719-5e1a205820e2	chr14	87641582	88151629	8	6	2
4885ff2c-ca41-539c-9719-5e1a205820e2	chr14	88153624	89292267	6	3	3
4885ff2c-ca41-539c-9719-5e1a205820e2	chr14	89292797	90184689	3	2	1
4885ff2c-ca41-539c-9719-5e1a205820e2	chr14	90187756	92157757	4	2	2
4885ff2c-ca41-539c-9719-5e1a205820e2	chr14	92158723	93373847	3	2	1
4885ff2c-ca41-539c-9719-5e1a205820e2	chr14	93374854	93526262	8	8	0
4885ff2c-ca41-539c-9719-5e1a205820e2	chr14	93532942	96703848	4	2	2
4885ff2c-ca41-539c-9719-5e1a205820e2	chr14	96704489	96897578	5	4	1
4885ff2c-ca41-539c-9719-5e1a205820e2	chr14	96898753	103626452	4	2	2
4885ff2c-ca41-539c-9719-5e1a205820e2	chr14	103627184	105095199	4	3	1
4885ff2c-ca41-539c-9719-5e1a205820e2	chr14	105099105	106877229	6	3	3
4885ff2c-ca41-539c-9719-5e1a205820e2	chr15	19811075	28272850	2	2	0
4885ff2c-ca41-539c-9719-5e1a205820e2	chr15	28277242	75840601	3	3	0
4885ff2c-ca41-539c-9719-5e1a205820e2	chr15	75841224	78223512	6	3	3
4885ff2c-ca41-539c-9719-5e1a205820e2	chr15	78227862	78387959	4	3	1
4885ff2c-ca41-539c-9719-5e1a205820e2	chr15	78389023	81611363	3	3	0
4885ff2c-ca41-539c-9719-5e1a205820e2	chr15	81611564	84766800	4	3	1
4885ff2c-ca41-539c-9719-5e1a205820e2	chr15	84766816	85837138	3	2	1
4885ff2c-ca41-539c-9719-5e1a205820e2	chr15	85838957	86507602	4	3	1
4885ff2c-ca41-539c-9719-5e1a205820e2	chr15	86507763	87925700	3	2	1
4885ff2c-ca41-539c-9719-5e1a205820e2	chr15	87927681	88784143	5	3	2
4885ff2c-ca41-539c-9719-5e1a205820e2	chr15	88784825	88840263	6	5	1
4885ff2c-ca41-539c-9719-5e1a205820e2	chr15	88841162	90073547	6	3	3
4885ff2c-ca41-539c-9719-5e1a205820e2	chr15	90074307	91122486	5	3	2
4885ff2c-ca41-539c-9719-5e1a205820e2	chr15	91127846	91592118	6	4	2
4885ff2c-ca41-539c-9719-5e1a205820e2	chr15	91592188	93046912	4	2	2
4885ff2c-ca41-539c-9719-5e1a205820e2	chr15	93047111	93275719	6	3	3
4885ff2c-ca41-539c-9719-5e1a205820e2	chr15	93276038	94008584	7	4	3
4885ff2c-ca41-539c-9719-5e1a205820e2	chr15	94011482	95626215	6	3	3
4885ff2c-ca41-539c-9719-5e1a205820e2	chr15	95630086	95669644	4	2	2
4885ff2c-ca41-539c-9719-5e1a205820e2	chr15	95673897	101928837	3	2	1
4885ff2c-ca41-539c-9719-5e1a205820e2	chr16	10777	18069112	3	2	1
4885ff2c-ca41-539c-9719-5e1a205820e2	chr16	18070841	35127773	4	2	2
4885ff2c-ca41-539c-9719-5e1a205820e2	chr16	35127847	36048855	6	3	3
4885ff2c-ca41-539c-9719-5e1a205820e2	chr16	46441986	73137446	3	2	1
4885ff2c-ca41-539c-9719-5e1a205820e2	chr16	73139306	73522990	4	3	1
4885ff2c-ca41-539c-9719-5e1a205820e2	chr16	73523163	86041935	3	2	1
4885ff2c-ca41-539c-9719-5e1a205820e2	chr16	86042223	86081223	4	3	1
4885ff2c-ca41-539c-9719-5e1a205820e2	chr16	86081461	88542918	3	2	1
4885ff2c-ca41-539c-9719-5e1a205820e2	chr16	88545605	90096867	4	3	1
4885ff2c-ca41-539c-9719-5e1a205820e2	chr17	150733	887900	1	1	0
4885ff2c-ca41-539c-9719-5e1a205820e2	chr17	888064	4791004	2	2	0
4885ff2c-ca41-539c-9719-5e1a205820e2	chr17	4794162	5676217	3	3	0
4885ff2c-ca41-539c-9719-5e1a205820e2	chr17	5676539	6267495	1	1	0
4885ff2c-ca41-539c-9719-5e1a205820e2	chr17	6268100	10387080	2	2	0
4885ff2c-ca41-539c-9719-5e1a205820e2	chr17	10388514	15819539	7	7	0
4885ff2c-ca41-539c-9719-5e1a205820e2	chr17	15826449	17400701	2	2	0
4885ff2c-ca41-539c-9719-5e1a205820e2	chr17	17401914	21620905	3	3	0
4885ff2c-ca41-539c-9719-5e1a205820e2	chr17	21624398	31140018	2	2	0
4885ff2c-ca41-539c-9719-5e1a205820e2	chr17	31144757	31298820	0	0	0
4885ff2c-ca41-539c-9719-5e1a205820e2	chr17	31301474	60915465	2	2	0
4885ff2c-ca41-539c-9719-5e1a205820e2	chr17	60921651	72520651	7	5	2
4885ff2c-ca41-539c-9719-5e1a205820e2	chr17	72525455	72759529	7	6	1
4885ff2c-ca41-539c-9719-5e1a205820e2	chr17	72759693	74793770	7	4	3
4885ff2c-ca41-539c-9719-5e1a205820e2	chr17	74795932	83091923	7	5	2
4885ff2c-ca41-539c-9719-5e1a205820e2	chr18	48133	2351160	4	3	1
4885ff2c-ca41-539c-9719-5e1a205820e2	chr18	2352012	9073973	3	2	1
4885ff2c-ca41-539c-9719-5e1a205820e2	chr18	9074594	12044386	7	5	2
4885ff2c-ca41-539c-9719-5e1a205820e2	chr18	12044411	15402409	6	3	3
4885ff2c-ca41-539c-9719-5e1a205820e2	chr18	20949392	22554880	3	2	1
4885ff2c-ca41-539c-9719-5e1a205820e2	chr18	22558143	31979838	2	1	1
4885ff2c-ca41-539c-9719-5e1a205820e2	chr18	31981570	32534415	3	2	1
4885ff2c-ca41-539c-9719-5e1a205820e2	chr18	32534769	77365753	2	1	1
4885ff2c-ca41-539c-9719-5e1a205820e2	chr18	77367517	77400299	1	1	0
4885ff2c-ca41-539c-9719-5e1a205820e2	chr18	77402229	80257174	2	1	1
4885ff2c-ca41-539c-9719-5e1a205820e2	chr19	90910	939777	2	1	1
4885ff2c-ca41-539c-9719-5e1a205820e2	chr19	941603	21594185	3	2	1
4885ff2c-ca41-539c-9719-5e1a205820e2	chr19	21594280	22518659	4	2	2
4885ff2c-ca41-539c-9719-5e1a205820e2	chr19	22519300	22612623	3	2	1
4885ff2c-ca41-539c-9719-5e1a205820e2	chr19	22614114	23560385	4	3	1
4885ff2c-ca41-539c-9719-5e1a205820e2	chr19	23563445	31337582	4	2	2
4885ff2c-ca41-539c-9719-5e1a205820e2	chr19	31339707	31408965	6	3	3
4885ff2c-ca41-539c-9719-5e1a205820e2	chr19	31409102	39191488	4	2	2
4885ff2c-ca41-539c-9719-5e1a205820e2	chr19	39194224	39678724	4	3	1
4885ff2c-ca41-539c-9719-5e1a205820e2	chr19	39680015	58387596	4	2	2
4885ff2c-ca41-539c-9719-5e1a205820e2	chr19	58387689	58586487	4	3	1
4885ff2c-ca41-539c-9719-5e1a205820e2	chr20	80664	404408	5	4	1
4885ff2c-ca41-539c-9719-5e1a205820e2	chr20	410381	3417663	4	3	1
4885ff2c-ca41-539c-9719-5e1a205820e2	chr20	3419371	4329209	7	6	1
4885ff2c-ca41-539c-9719-5e1a205820e2	chr20	4329543	4909709	5	4	1
4885ff2c-ca41-539c-9719-5e1a205820e2	chr20	4910024	7084496	7	6	1
4885ff2c-ca41-539c-9719-5e1a205820e2	chr20	7087103	7374746	12	11	1
4885ff2c-ca41-539c-9719-5e1a205820e2	chr20	7374993	8036487	14	10	4
4885ff2c-ca41-539c-9719-5e1a205820e2	chr20	8036948	8843216	10	5	5
4885ff2c-ca41-539c-9719-5e1a205820e2	chr20	8843362	8968417	13	7	6
4885ff2c-ca41-539c-9719-5e1a205820e2	chr20	8969225	9150652	11	9	2
4885ff2c-ca41-539c-9719-5e1a205820e2	chr20	9151044	9611616	9	5	4
4885ff2c-ca41-539c-9719-5e1a205820e2	chr20	9611691	9615698	4	2	2
4885ff2c-ca41-539c-9719-5e1a205820e2	chr20	9615890	10421083	8	4	4
4885ff2c-ca41-539c-9719-5e1a205820e2	chr20	10421603	11780860	7	4	3
4885ff2c-ca41-539c-9719-5e1a205820e2	chr20	11782413	12415605	6	4	2
4885ff2c-ca41-539c-9719-5e1a205820e2	chr20	12415620	14625754	6	3	3
4885ff2c-ca41-539c-9719-5e1a205820e2	chr20	14628277	16269509	5	3	2
4885ff2c-ca41-539c-9719-5e1a205820e2	chr20	16269643	16475443	5	4	1
4885ff2c-ca41-539c-9719-5e1a205820e2	chr20	16479142	16886132	5	3	2
4885ff2c-ca41-539c-9719-5e1a205820e2	chr20	16886761	18532888	3	2	1
4885ff2c-ca41-539c-9719-5e1a205820e2	chr20	18532961	23536321	5	4	1
4885ff2c-ca41-539c-9719-5e1a205820e2	chr20	23537054	24487851	7	4	3
4885ff2c-ca41-539c-9719-5e1a205820e2	chr20	24489732	30417073	6	3	3
4885ff2c-ca41-539c-9719-5e1a205820e2	chr20	31247246	32294674	3	3	0
4885ff2c-ca41-539c-9719-5e1a205820e2	chr20	32294993	33791962	6	3	3
4885ff2c-ca41-539c-9719-5e1a205820e2	chr20	33798385	37134211	3	3	0
4885ff2c-ca41-539c-9719-5e1a205820e2	chr20	37144677	42443650	6	3	3
4885ff2c-ca41-539c-9719-5e1a205820e2	chr20	42445664	46735127	3	3	0
4885ff2c-ca41-539c-9719-5e1a205820e2	chr20	46739125	57038942	2	2	0
4885ff2c-ca41-539c-9719-5e1a205820e2	chr20	57039836	59085809	1	1	0
4885ff2c-ca41-539c-9719-5e1a205820e2	chr20	59089533	59280524	2	2	0
4885ff2c-ca41-539c-9719-5e1a205820e2	chr20	59280688	59315122	4	3	1
4885ff2c-ca41-539c-9719-5e1a205820e2	chr20	59315802	59823835	1	1	0
4885ff2c-ca41-539c-9719-5e1a205820e2	chr20	59824364	63459705	2	2	0
4885ff2c-ca41-539c-9719-5e1a205820e2	chr20	63468033	63787586	5	5	0
4885ff2c-ca41-539c-9719-5e1a205820e2	chr20	63798885	64324800	3	3	0
4885ff2c-ca41-539c-9719-5e1a205820e2	chr21	12973348	16740769	4	2	2
4885ff2c-ca41-539c-9719-5e1a205820e2	chr21	16741338	19819747	2	2	0
4885ff2c-ca41-539c-9719-5e1a205820e2	chr21	19820090	25333687	3	2	1
4885ff2c-ca41-539c-9719-5e1a205820e2	chr21	25333708	25955842	2	2	0
4885ff2c-ca41-539c-9719-5e1a205820e2	chr21	25955861	46267563	3	2	1
4885ff2c-ca41-539c-9719-5e1a205820e2	chr21	46268308	46677045	2	2	0
4885ff2c-ca41-539c-9719-5e1a205820e2	chr22	16392123	17066236	2	1	1
4885ff2c-ca41-539c-9719-5e1a205820e2	chr22	17067847	17363406	1	1	0
4885ff2c-ca41-539c-9719-5e1a205820e2	chr22	17372864	18167915	2	1	1
4885ff2c-ca41-539c-9719-5e1a205820e2	chr22	18173093	20004343	7	6	1
4885ff2c-ca41-539c-9719-5e1a205820e2	chr22	20010565	20482172	10	9	1
4885ff2c-ca41-539c-9719-5e1a205820e2	chr22	20488097	20656929	1	1	0
4885ff2c-ca41-539c-9719-5e1a205820e2	chr22	20666976	21074005	6	6	0
4885ff2c-ca41-539c-9719-5e1a205820e2	chr22	21074350	22084887	5	5	0
4885ff2c-ca41-539c-9719-5e1a205820e2	chr22	22086088	22609226	1	1	0
4885ff2c-ca41-539c-9719-5e1a205820e2	chr22	22610004	27446886	2	2	0
4885ff2c-ca41-539c-9719-5e1a205820e2	chr22	27453257	27697465	1	1	0
4885ff2c-ca41-539c-9719-5e1a205820e2	chr22	27698991	28014378	3	3	0
4885ff2c-ca41-539c-9719-5e1a205820e2	chr22	28015230	29393365	1	1	0
4885ff2c-ca41-539c-9719-5e1a205820e2	chr22	29397652	29745325	4	2	2
4885ff2c-ca41-539c-9719-5e1a205820e2	chr22	29747217	31631463	2	2	0
4885ff2c-ca41-539c-9719-5e1a205820e2	chr22	31631827	37865584	1	1	0
4885ff2c-ca41-539c-9719-5e1a205820e2	chr22	37874641	38878809	8	8	0
4885ff2c-ca41-539c-9719-5e1a205820e2	chr22	38879841	39625976	5	5	0
4885ff2c-ca41-539c-9719-5e1a205820e2	chr22	39628405	40553142	7	7	0
4885ff2c-ca41-539c-9719-5e1a205820e2	chr22	40554777	41657822	4	4	0
4885ff2c-ca41-539c-9719-5e1a205820e2	chr22	41661743	47965304	1	1	0
4885ff2c-ca41-539c-9719-5e1a205820e2	chr22	47966541	49697424	2	1	1
4885ff2c-ca41-539c-9719-5e1a205820e2	chr22	49697543	50796027	1	1	0
4885ff2c-ca41-539c-9719-5e1a205820e2	chrX	251810	774116	2	1	1
4885ff2c-ca41-539c-9719-5e1a205820e2	chrX	776893	1006176	0	0	0
4885ff2c-ca41-539c-9719-5e1a205820e2	chrX	1007312	11814824	2	1	1
4885ff2c-ca41-539c-9719-5e1a205820e2	chrX	11815126	12055358	2	2	0
4885ff2c-ca41-539c-9719-5e1a205820e2	chrX	12055563	29380951	2	1	1
4885ff2c-ca41-539c-9719-5e1a205820e2	chrX	29381350	32086460	3	2	1
4885ff2c-ca41-539c-9719-5e1a205820e2	chrX	32086907	32497239	2	2	0
4885ff2c-ca41-539c-9719-5e1a205820e2	chrX	32498752	33168980	0	0	0
4885ff2c-ca41-539c-9719-5e1a205820e2	chrX	33173198	33627910	1	1	0
4885ff2c-ca41-539c-9719-5e1a205820e2	chrX	33630920	55375331	2	2	0
4885ff2c-ca41-539c-9719-5e1a205820e2	chrX	55379862	63055009	5	3	2
4885ff2c-ca41-539c-9719-5e1a205820e2	chrX	63055130	65318267	4	2	2
4885ff2c-ca41-539c-9719-5e1a205820e2	chrX	65321466	65516229	2	2	0
4885ff2c-ca41-539c-9719-5e1a205820e2	chrX	65516787	65988166	3	2	1
4885ff2c-ca41-539c-9719-5e1a205820e2	chrX	65991974	67193006	35	33	2
4885ff2c-ca41-539c-9719-5e1a205820e2	chrX	67194127	67454163	7	4	3
4885ff2c-ca41-539c-9719-5e1a205820e2	chrX	67456553	67797392	11	8	3
4885ff2c-ca41-539c-9719-5e1a205820e2	chrX	67798184	68774162	7	5	2
4885ff2c-ca41-539c-9719-5e1a205820e2	chrX	68777943	68999492	24	22	2
4885ff2c-ca41-539c-9719-5e1a205820e2	chrX	69001507	69366060	2	2	0
4885ff2c-ca41-539c-9719-5e1a205820e2	chrX	69367668	69655020	24	21	3
4885ff2c-ca41-539c-9719-5e1a205820e2	chrX	69656604	75396575	2	2	0
4885ff2c-ca41-539c-9719-5e1a205820e2	chrX	75396977	75603320	3	2	1
4885ff2c-ca41-539c-9719-5e1a205820e2	chrX	75604011	85592578	2	2	0
4885ff2c-ca41-539c-9719-5e1a205820e2	chrX	85592629	87713814	5	3	2
4885ff2c-ca41-539c-9719-5e1a205820e2	chrX	87715864	88082805	2	2	0
4885ff2c-ca41-539c-9719-5e1a205820e2	chrX	88083656	89188283	5	3	2
4885ff2c-ca41-539c-9719-5e1a205820e2	chrX	89189085	104164308	2	2	0
4885ff2c-ca41-539c-9719-5e1a205820e2	chrX	104164946	105191520	7	5	2
4885ff2c-ca41-539c-9719-5e1a205820e2	chrX	105192518	120035361	2	2	0
4885ff2c-ca41-539c-9719-5e1a205820e2	chrX	120073060	121510398	30	28	2
4885ff2c-ca41-539c-9719-5e1a205820e2	chrX	121513306	122279350	7	5	2
4885ff2c-ca41-539c-9719-5e1a205820e2	chrX	122280438	123985499	2	2	0
4885ff2c-ca41-539c-9719-5e1a205820e2	chrX	123986424	124910431	24	22	2
4885ff2c-ca41-539c-9719-5e1a205820e2	chrX	124914815	126278526	2	2	0
4885ff2c-ca41-539c-9719-5e1a205820e2	chrX	126280668	127195157	26	25	1
4885ff2c-ca41-539c-9719-5e1a205820e2	chrX	127200726	134213724	2	2	0
4885ff2c-ca41-539c-9719-5e1a205820e2	chrX	134214222	134265681	7	7	0
4885ff2c-ca41-539c-9719-5e1a205820e2	chrX	134269633	135048086	24	22	2
4885ff2c-ca41-539c-9719-5e1a205820e2	chrX	135052004	136313179	2	2	0
4885ff2c-ca41-539c-9719-5e1a205820e2	chrX	136317688	138783881	3	2	1
4885ff2c-ca41-539c-9719-5e1a205820e2	chrX	138784637	144777747	2	2	0
4885ff2c-ca41-539c-9719-5e1a205820e2	chrX	144778875	147784473	3	2	1
4885ff2c-ca41-539c-9719-5e1a205820e2	chrX	147785555	156004181	2	2	0
4885ff2c-ca41-539c-9719-5e1a205820e2	chrY	2782397	26653788	0	0	0
4885ff2c-ca41-539c-9719-5e1a205820e2	chrY	56872112	56872112	2	2	0
