GDC_Aliquot	Chromosome	Start	End	Copy_Number	Major_Copy_Number	Minor_Copy_Number
afbfb6df-b41f-534d-8dba-32d18bb690b4	chr1	62920	21416520	3	3	0
afbfb6df-b41f-534d-8dba-32d18bb690b4	chr1	21416967	21621010	5	5	0
afbfb6df-b41f-534d-8dba-32d18bb690b4	chr1	21621358	31546682	2	2	0
afbfb6df-b41f-534d-8dba-32d18bb690b4	chr1	31547339	45319451	5	3	2
afbfb6df-b41f-534d-8dba-32d18bb690b4	chr1	45320532	70666853	4	2	2
afbfb6df-b41f-534d-8dba-32d18bb690b4	chr1	70671453	71546962	4	3	1
afbfb6df-b41f-534d-8dba-32d18bb690b4	chr1	71547250	102102622	4	2	2
afbfb6df-b41f-534d-8dba-32d18bb690b4	chr1	102110618	106649700	5	3	2
afbfb6df-b41f-534d-8dba-32d18bb690b4	chr1	106654105	121705338	4	2	2
afbfb6df-b41f-534d-8dba-32d18bb690b4	chr1	143541857	147455802	6	3	3
afbfb6df-b41f-534d-8dba-32d18bb690b4	chr1	147455914	160169050	5	3	2
afbfb6df-b41f-534d-8dba-32d18bb690b4	chr1	160175796	160503373	7	6	1
afbfb6df-b41f-534d-8dba-32d18bb690b4	chr1	160503480	161302622	9	6	3
afbfb6df-b41f-534d-8dba-32d18bb690b4	chr1	161302651	162251181	7	5	2
afbfb6df-b41f-534d-8dba-32d18bb690b4	chr1	162251807	164438575	6	3	3
afbfb6df-b41f-534d-8dba-32d18bb690b4	chr1	164441017	168120457	5	3	2
afbfb6df-b41f-534d-8dba-32d18bb690b4	chr1	168121073	168369887	3	3	0
afbfb6df-b41f-534d-8dba-32d18bb690b4	chr1	168372597	179375747	8	4	4
afbfb6df-b41f-534d-8dba-32d18bb690b4	chr1	179378395	179562960	4	3	1
afbfb6df-b41f-534d-8dba-32d18bb690b4	chr1	179563013	181099266	3	3	0
afbfb6df-b41f-534d-8dba-32d18bb690b4	chr1	181099841	183743005	5	3	2
afbfb6df-b41f-534d-8dba-32d18bb690b4	chr1	183743388	183746781	4	4	0
afbfb6df-b41f-534d-8dba-32d18bb690b4	chr1	183753706	212398629	3	3	0
afbfb6df-b41f-534d-8dba-32d18bb690b4	chr1	212400287	212673169	3	2	1
afbfb6df-b41f-534d-8dba-32d18bb690b4	chr1	212673267	213667563	3	3	0
afbfb6df-b41f-534d-8dba-32d18bb690b4	chr1	213667644	214265240	3	2	1
afbfb6df-b41f-534d-8dba-32d18bb690b4	chr1	214265985	220744396	3	3	0
afbfb6df-b41f-534d-8dba-32d18bb690b4	chr1	220746195	221194472	3	2	1
afbfb6df-b41f-534d-8dba-32d18bb690b4	chr1	221194836	226934604	3	3	0
afbfb6df-b41f-534d-8dba-32d18bb690b4	chr1	226937984	248930189	2	2	0
afbfb6df-b41f-534d-8dba-32d18bb690b4	chr2	12784	8315235	3	2	1
afbfb6df-b41f-534d-8dba-32d18bb690b4	chr2	8315276	8349008	5	4	1
afbfb6df-b41f-534d-8dba-32d18bb690b4	chr2	8349982	18474834	3	2	1
afbfb6df-b41f-534d-8dba-32d18bb690b4	chr2	18475055	20269155	4	2	2
afbfb6df-b41f-534d-8dba-32d18bb690b4	chr2	20279110	31023383	3	2	1
afbfb6df-b41f-534d-8dba-32d18bb690b4	chr2	31024619	31029795	1	1	0
afbfb6df-b41f-534d-8dba-32d18bb690b4	chr2	31031886	57152374	3	2	1
afbfb6df-b41f-534d-8dba-32d18bb690b4	chr2	57153428	57751685	4	3	1
afbfb6df-b41f-534d-8dba-32d18bb690b4	chr2	57751723	62177849	5	4	1
afbfb6df-b41f-534d-8dba-32d18bb690b4	chr2	62177946	70785586	4	3	1
afbfb6df-b41f-534d-8dba-32d18bb690b4	chr2	70785602	71302376	3	3	0
afbfb6df-b41f-534d-8dba-32d18bb690b4	chr2	71304726	80578307	4	3	1
afbfb6df-b41f-534d-8dba-32d18bb690b4	chr2	80578348	81051138	6	5	1
afbfb6df-b41f-534d-8dba-32d18bb690b4	chr2	81051323	81280447	4	4	0
afbfb6df-b41f-534d-8dba-32d18bb690b4	chr2	81299111	81332053	1	1	0
afbfb6df-b41f-534d-8dba-32d18bb690b4	chr2	81334932	87110846	4	3	1
afbfb6df-b41f-534d-8dba-32d18bb690b4	chr2	87117615	87182250	1	1	0
afbfb6df-b41f-534d-8dba-32d18bb690b4	chr2	87186821	95541127	4	3	1
afbfb6df-b41f-534d-8dba-32d18bb690b4	chr2	95541576	96892788	2	1	1
afbfb6df-b41f-534d-8dba-32d18bb690b4	chr2	96895176	100065291	3	2	1
afbfb6df-b41f-534d-8dba-32d18bb690b4	chr2	100069711	101814077	4	2	2
afbfb6df-b41f-534d-8dba-32d18bb690b4	chr2	101816101	130808567	1	1	0
afbfb6df-b41f-534d-8dba-32d18bb690b4	chr2	130810410	137168988	3	2	1
afbfb6df-b41f-534d-8dba-32d18bb690b4	chr2	137169232	137358815	6	5	1
afbfb6df-b41f-534d-8dba-32d18bb690b4	chr2	137358861	142533493	3	2	1
afbfb6df-b41f-534d-8dba-32d18bb690b4	chr2	142539391	142812853	6	5	1
afbfb6df-b41f-534d-8dba-32d18bb690b4	chr2	142813418	145120288	3	2	1
afbfb6df-b41f-534d-8dba-32d18bb690b4	chr2	145129017	145493236	6	5	1
afbfb6df-b41f-534d-8dba-32d18bb690b4	chr2	145493478	158540303	3	2	1
afbfb6df-b41f-534d-8dba-32d18bb690b4	chr2	158540992	166329168	4	2	2
afbfb6df-b41f-534d-8dba-32d18bb690b4	chr2	166336931	170689733	6	5	1
afbfb6df-b41f-534d-8dba-32d18bb690b4	chr2	170693445	170845215	8	5	3
afbfb6df-b41f-534d-8dba-32d18bb690b4	chr2	170848152	172058724	5	4	1
afbfb6df-b41f-534d-8dba-32d18bb690b4	chr2	172059707	172181723	9	5	4
afbfb6df-b41f-534d-8dba-32d18bb690b4	chr2	172181856	172691308	7	5	2
afbfb6df-b41f-534d-8dba-32d18bb690b4	chr2	172694340	172909388	9	7	2
afbfb6df-b41f-534d-8dba-32d18bb690b4	chr2	172914151	173069980	8	7	1
afbfb6df-b41f-534d-8dba-32d18bb690b4	chr2	173089025	174144338	5	4	1
afbfb6df-b41f-534d-8dba-32d18bb690b4	chr2	174145284	174697495	3	2	1
afbfb6df-b41f-534d-8dba-32d18bb690b4	chr2	174700355	176209003	6	4	2
afbfb6df-b41f-534d-8dba-32d18bb690b4	chr2	176209125	176319311	2	2	0
afbfb6df-b41f-534d-8dba-32d18bb690b4	chr2	176321948	176742424	4	2	2
afbfb6df-b41f-534d-8dba-32d18bb690b4	chr2	176742685	176810011	4	3	1
afbfb6df-b41f-534d-8dba-32d18bb690b4	chr2	176810144	177922093	3	2	1
afbfb6df-b41f-534d-8dba-32d18bb690b4	chr2	177923761	178908948	6	5	1
afbfb6df-b41f-534d-8dba-32d18bb690b4	chr2	178912638	179075246	3	2	1
afbfb6df-b41f-534d-8dba-32d18bb690b4	chr2	179081696	180458321	6	5	1
afbfb6df-b41f-534d-8dba-32d18bb690b4	chr2	180462815	180820165	8	7	1
afbfb6df-b41f-534d-8dba-32d18bb690b4	chr2	180825932	181574792	10	9	1
afbfb6df-b41f-534d-8dba-32d18bb690b4	chr2	181575029	181665100	7	6	1
afbfb6df-b41f-534d-8dba-32d18bb690b4	chr2	181665534	182833717	3	2	1
afbfb6df-b41f-534d-8dba-32d18bb690b4	chr2	182833964	199294421	1	1	0
afbfb6df-b41f-534d-8dba-32d18bb690b4	chr2	199295094	199413925	0	0	0
afbfb6df-b41f-534d-8dba-32d18bb690b4	chr2	199414859	227802740	1	1	0
afbfb6df-b41f-534d-8dba-32d18bb690b4	chr2	227806707	228721910	3	3	0
afbfb6df-b41f-534d-8dba-32d18bb690b4	chr2	228727523	234009571	1	1	0
afbfb6df-b41f-534d-8dba-32d18bb690b4	chr2	234009747	234358324	0	0	0
afbfb6df-b41f-534d-8dba-32d18bb690b4	chr2	234360118	234931625	2	2	0
afbfb6df-b41f-534d-8dba-32d18bb690b4	chr2	234932577	239473160	1	1	0
afbfb6df-b41f-534d-8dba-32d18bb690b4	chr2	239473999	240512559	2	2	0
afbfb6df-b41f-534d-8dba-32d18bb690b4	chr2	240512636	242147305	1	1	0
afbfb6df-b41f-534d-8dba-32d18bb690b4	chr3	20930	46696489	5	3	2
afbfb6df-b41f-534d-8dba-32d18bb690b4	chr3	46700121	47069197	1	1	0
afbfb6df-b41f-534d-8dba-32d18bb690b4	chr3	47069232	59475329	2	2	0
afbfb6df-b41f-534d-8dba-32d18bb690b4	chr3	59476587	59495880	3	3	0
afbfb6df-b41f-534d-8dba-32d18bb690b4	chr3	59496095	88989989	2	2	0
afbfb6df-b41f-534d-8dba-32d18bb690b4	chr3	88990907	93829655	2	1	1
afbfb6df-b41f-534d-8dba-32d18bb690b4	chr3	93832701	116671529	4	2	2
afbfb6df-b41f-534d-8dba-32d18bb690b4	chr3	116671823	116751988	2	1	1
afbfb6df-b41f-534d-8dba-32d18bb690b4	chr3	116753726	116886124	2	2	0
afbfb6df-b41f-534d-8dba-32d18bb690b4	chr3	116887001	116937519	0	0	0
afbfb6df-b41f-534d-8dba-32d18bb690b4	chr3	116938890	117052260	2	2	0
afbfb6df-b41f-534d-8dba-32d18bb690b4	chr3	117052404	175403815	4	2	2
afbfb6df-b41f-534d-8dba-32d18bb690b4	chr3	175403980	175694136	7	5	2
afbfb6df-b41f-534d-8dba-32d18bb690b4	chr3	175694149	175867886	8	5	3
afbfb6df-b41f-534d-8dba-32d18bb690b4	chr3	175868510	198169247	4	2	2
afbfb6df-b41f-534d-8dba-32d18bb690b4	chr4	68929	22329376	3	2	1
afbfb6df-b41f-534d-8dba-32d18bb690b4	chr4	22329738	49618868	4	2	2
afbfb6df-b41f-534d-8dba-32d18bb690b4	chr4	49641746	61579100	3	2	1
afbfb6df-b41f-534d-8dba-32d18bb690b4	chr4	61581625	61883594	10	8	2
afbfb6df-b41f-534d-8dba-32d18bb690b4	chr4	61884299	68494770	3	2	1
afbfb6df-b41f-534d-8dba-32d18bb690b4	chr4	68501424	68655691	7	7	0
afbfb6df-b41f-534d-8dba-32d18bb690b4	chr4	68663241	153824644	3	2	1
afbfb6df-b41f-534d-8dba-32d18bb690b4	chr4	153824771	153834034	2	1	1
afbfb6df-b41f-534d-8dba-32d18bb690b4	chr4	153837515	190106768	3	2	1
afbfb6df-b41f-534d-8dba-32d18bb690b4	chr5	15532	410865	3	2	1
afbfb6df-b41f-534d-8dba-32d18bb690b4	chr5	410932	1243312	7	5	2
afbfb6df-b41f-534d-8dba-32d18bb690b4	chr5	1248239	1780821	6	4	2
afbfb6df-b41f-534d-8dba-32d18bb690b4	chr5	1783122	1897714	7	5	2
afbfb6df-b41f-534d-8dba-32d18bb690b4	chr5	1901091	2141502	5	3	2
afbfb6df-b41f-534d-8dba-32d18bb690b4	chr5	2143005	2936897	6	4	2
afbfb6df-b41f-534d-8dba-32d18bb690b4	chr5	2937000	3451082	8	6	2
afbfb6df-b41f-534d-8dba-32d18bb690b4	chr5	3451792	6085510	7	7	0
afbfb6df-b41f-534d-8dba-32d18bb690b4	chr5	6085646	6495286	6	6	0
afbfb6df-b41f-534d-8dba-32d18bb690b4	chr5	6495466	6646138	4	4	0
afbfb6df-b41f-534d-8dba-32d18bb690b4	chr5	6651140	7202707	6	6	0
afbfb6df-b41f-534d-8dba-32d18bb690b4	chr5	7204416	8291204	4	4	0
afbfb6df-b41f-534d-8dba-32d18bb690b4	chr5	8292508	11805242	1	1	0
afbfb6df-b41f-534d-8dba-32d18bb690b4	chr5	11805388	12965494	2	2	0
afbfb6df-b41f-534d-8dba-32d18bb690b4	chr5	12976954	14259816	4	2	2
afbfb6df-b41f-534d-8dba-32d18bb690b4	chr5	14259875	15432864	3	2	1
afbfb6df-b41f-534d-8dba-32d18bb690b4	chr5	15438145	16218258	1	1	0
afbfb6df-b41f-534d-8dba-32d18bb690b4	chr5	16221302	17490644	3	2	1
afbfb6df-b41f-534d-8dba-32d18bb690b4	chr5	17491103	21183577	1	1	0
afbfb6df-b41f-534d-8dba-32d18bb690b4	chr5	21184061	25053472	2	2	0
afbfb6df-b41f-534d-8dba-32d18bb690b4	chr5	25053532	26130768	1	1	0
afbfb6df-b41f-534d-8dba-32d18bb690b4	chr5	26131943	26441416	2	2	0
afbfb6df-b41f-534d-8dba-32d18bb690b4	chr5	26452926	26768749	5	5	0
afbfb6df-b41f-534d-8dba-32d18bb690b4	chr5	26776832	32951229	2	2	0
afbfb6df-b41f-534d-8dba-32d18bb690b4	chr5	32952067	33018630	3	3	0
afbfb6df-b41f-534d-8dba-32d18bb690b4	chr5	33020913	33049513	2	2	0
afbfb6df-b41f-534d-8dba-32d18bb690b4	chr5	33050487	38262165	4	4	0
afbfb6df-b41f-534d-8dba-32d18bb690b4	chr5	38262490	38871570	3	3	0
afbfb6df-b41f-534d-8dba-32d18bb690b4	chr5	38872281	40498753	6	4	2
afbfb6df-b41f-534d-8dba-32d18bb690b4	chr5	40500565	41267226	6	3	3
afbfb6df-b41f-534d-8dba-32d18bb690b4	chr5	41267623	46389171	7	5	2
afbfb6df-b41f-534d-8dba-32d18bb690b4	chr5	50146124	113953172	2	2	0
afbfb6df-b41f-534d-8dba-32d18bb690b4	chr5	113953484	114441882	1	1	0
afbfb6df-b41f-534d-8dba-32d18bb690b4	chr5	114444490	181363319	2	2	0
afbfb6df-b41f-534d-8dba-32d18bb690b4	chr6	149661	404632	3	2	1
afbfb6df-b41f-534d-8dba-32d18bb690b4	chr6	404783	30313625	4	2	2
afbfb6df-b41f-534d-8dba-32d18bb690b4	chr6	30316598	30515216	3	2	1
afbfb6df-b41f-534d-8dba-32d18bb690b4	chr6	30544386	30960090	4	2	2
afbfb6df-b41f-534d-8dba-32d18bb690b4	chr6	30963064	31277796	4	3	1
afbfb6df-b41f-534d-8dba-32d18bb690b4	chr6	31277959	44946961	4	2	2
afbfb6df-b41f-534d-8dba-32d18bb690b4	chr6	44947506	46973508	7	5	2
afbfb6df-b41f-534d-8dba-32d18bb690b4	chr6	46973827	47025267	4	2	2
afbfb6df-b41f-534d-8dba-32d18bb690b4	chr6	47027614	51571732	5	3	2
afbfb6df-b41f-534d-8dba-32d18bb690b4	chr6	51573046	51937546	6	4	2
afbfb6df-b41f-534d-8dba-32d18bb690b4	chr6	51937871	52273381	4	2	2
afbfb6df-b41f-534d-8dba-32d18bb690b4	chr6	52273428	52537798	7	4	3
afbfb6df-b41f-534d-8dba-32d18bb690b4	chr6	52538025	61066399	5	3	2
afbfb6df-b41f-534d-8dba-32d18bb690b4	chr6	61066841	63262958	3	2	1
afbfb6df-b41f-534d-8dba-32d18bb690b4	chr6	63267505	101211015	2	2	0
afbfb6df-b41f-534d-8dba-32d18bb690b4	chr6	101212072	101337657	0	0	0
afbfb6df-b41f-534d-8dba-32d18bb690b4	chr6	101341710	101583022	2	2	0
afbfb6df-b41f-534d-8dba-32d18bb690b4	chr6	101588553	106450390	4	2	2
afbfb6df-b41f-534d-8dba-32d18bb690b4	chr6	106450546	128034119	2	2	0
afbfb6df-b41f-534d-8dba-32d18bb690b4	chr6	128034745	128732895	2	1	1
afbfb6df-b41f-534d-8dba-32d18bb690b4	chr6	128738518	128758120	6	4	2
afbfb6df-b41f-534d-8dba-32d18bb690b4	chr6	128758198	137398931	4	2	2
afbfb6df-b41f-534d-8dba-32d18bb690b4	chr6	137403410	138525170	2	2	0
afbfb6df-b41f-534d-8dba-32d18bb690b4	chr6	138530754	160011241	4	2	2
afbfb6df-b41f-534d-8dba-32d18bb690b4	chr6	160011299	160604303	4	3	1
afbfb6df-b41f-534d-8dba-32d18bb690b4	chr6	160605167	170741917	4	2	2
afbfb6df-b41f-534d-8dba-32d18bb690b4	chr7	43259	94348	2	2	0
afbfb6df-b41f-534d-8dba-32d18bb690b4	chr7	94577	964887	2	1	1
afbfb6df-b41f-534d-8dba-32d18bb690b4	chr7	964950	1919794	3	2	1
afbfb6df-b41f-534d-8dba-32d18bb690b4	chr7	1922527	2609630	5	3	2
afbfb6df-b41f-534d-8dba-32d18bb690b4	chr7	2612005	3225870	3	2	1
afbfb6df-b41f-534d-8dba-32d18bb690b4	chr7	3226821	4558907	4	3	1
afbfb6df-b41f-534d-8dba-32d18bb690b4	chr7	4558950	5646867	4	2	2
afbfb6df-b41f-534d-8dba-32d18bb690b4	chr7	5647111	6368845	2	2	0
afbfb6df-b41f-534d-8dba-32d18bb690b4	chr7	6370187	7494709	3	2	1
afbfb6df-b41f-534d-8dba-32d18bb690b4	chr7	7495337	10310706	2	2	0
afbfb6df-b41f-534d-8dba-32d18bb690b4	chr7	10311018	13291808	5	3	2
afbfb6df-b41f-534d-8dba-32d18bb690b4	chr7	13291984	13495291	6	4	2
afbfb6df-b41f-534d-8dba-32d18bb690b4	chr7	13496240	15884293	2	2	0
afbfb6df-b41f-534d-8dba-32d18bb690b4	chr7	15885424	16460517	3	2	1
afbfb6df-b41f-534d-8dba-32d18bb690b4	chr7	16461259	22839341	2	2	0
afbfb6df-b41f-534d-8dba-32d18bb690b4	chr7	22842864	23663936	4	2	2
afbfb6df-b41f-534d-8dba-32d18bb690b4	chr7	23666643	24644461	2	2	0
afbfb6df-b41f-534d-8dba-32d18bb690b4	chr7	24644767	24768749	6	4	2
afbfb6df-b41f-534d-8dba-32d18bb690b4	chr7	24769686	25204800	9	7	2
afbfb6df-b41f-534d-8dba-32d18bb690b4	chr7	25205449	26117375	7	5	2
afbfb6df-b41f-534d-8dba-32d18bb690b4	chr7	26119398	28243518	4	2	2
afbfb6df-b41f-534d-8dba-32d18bb690b4	chr7	28245579	28516180	5	3	2
afbfb6df-b41f-534d-8dba-32d18bb690b4	chr7	28517001	29833068	4	2	2
afbfb6df-b41f-534d-8dba-32d18bb690b4	chr7	29834465	30231833	5	3	2
afbfb6df-b41f-534d-8dba-32d18bb690b4	chr7	30232082	31574691	4	2	2
afbfb6df-b41f-534d-8dba-32d18bb690b4	chr7	31575364	31787803	1	1	0
afbfb6df-b41f-534d-8dba-32d18bb690b4	chr7	31787920	32034226	4	2	2
afbfb6df-b41f-534d-8dba-32d18bb690b4	chr7	32037024	33197382	3	2	1
afbfb6df-b41f-534d-8dba-32d18bb690b4	chr7	33198131	33965738	1	1	0
afbfb6df-b41f-534d-8dba-32d18bb690b4	chr7	33966369	39996709	2	2	0
afbfb6df-b41f-534d-8dba-32d18bb690b4	chr7	39999108	40742823	6	4	2
afbfb6df-b41f-534d-8dba-32d18bb690b4	chr7	40742862	45925422	4	2	2
afbfb6df-b41f-534d-8dba-32d18bb690b4	chr7	45927202	46277749	6	3	3
afbfb6df-b41f-534d-8dba-32d18bb690b4	chr7	46279080	48321583	4	2	2
afbfb6df-b41f-534d-8dba-32d18bb690b4	chr7	48324648	48585983	2	2	0
afbfb6df-b41f-534d-8dba-32d18bb690b4	chr7	48586025	48896547	4	3	1
afbfb6df-b41f-534d-8dba-32d18bb690b4	chr7	48897654	49445225	2	2	0
afbfb6df-b41f-534d-8dba-32d18bb690b4	chr7	49451158	49523059	6	4	2
afbfb6df-b41f-534d-8dba-32d18bb690b4	chr7	49524932	55141151	2	2	0
afbfb6df-b41f-534d-8dba-32d18bb690b4	chr7	55141234	56005108	3	2	1
afbfb6df-b41f-534d-8dba-32d18bb690b4	chr7	56007927	57537436	2	2	0
afbfb6df-b41f-534d-8dba-32d18bb690b4	chr7	57537920	57960264	3	2	1
afbfb6df-b41f-534d-8dba-32d18bb690b4	chr7	57960277	63234745	5	3	2
afbfb6df-b41f-534d-8dba-32d18bb690b4	chr7	63245808	65768840	3	2	1
afbfb6df-b41f-534d-8dba-32d18bb690b4	chr7	65773545	67448782	4	3	1
afbfb6df-b41f-534d-8dba-32d18bb690b4	chr7	67449168	68717345	4	2	2
afbfb6df-b41f-534d-8dba-32d18bb690b4	chr7	68719145	72208339	2	2	0
afbfb6df-b41f-534d-8dba-32d18bb690b4	chr7	72209888	72944370	1	1	0
afbfb6df-b41f-534d-8dba-32d18bb690b4	chr7	72960046	75516297	4	2	2
afbfb6df-b41f-534d-8dba-32d18bb690b4	chr7	75517545	78038180	2	2	0
afbfb6df-b41f-534d-8dba-32d18bb690b4	chr7	78038368	78066941	3	3	0
afbfb6df-b41f-534d-8dba-32d18bb690b4	chr7	78068039	81843080	2	2	0
afbfb6df-b41f-534d-8dba-32d18bb690b4	chr7	81843871	91982948	3	2	1
afbfb6df-b41f-534d-8dba-32d18bb690b4	chr7	91987722	93695392	2	2	0
afbfb6df-b41f-534d-8dba-32d18bb690b4	chr7	93695404	93703399	3	3	0
afbfb6df-b41f-534d-8dba-32d18bb690b4	chr7	93708477	93746268	2	2	0
afbfb6df-b41f-534d-8dba-32d18bb690b4	chr7	93746749	94067204	4	4	0
afbfb6df-b41f-534d-8dba-32d18bb690b4	chr7	94070742	107193181	2	2	0
afbfb6df-b41f-534d-8dba-32d18bb690b4	chr7	107193694	108566242	3	3	0
afbfb6df-b41f-534d-8dba-32d18bb690b4	chr7	108566621	123035382	2	2	0
afbfb6df-b41f-534d-8dba-32d18bb690b4	chr7	123044977	123115391	4	4	0
afbfb6df-b41f-534d-8dba-32d18bb690b4	chr7	123115489	126099791	2	2	0
afbfb6df-b41f-534d-8dba-32d18bb690b4	chr7	126103660	126349374	0	0	0
afbfb6df-b41f-534d-8dba-32d18bb690b4	chr7	126352831	126423377	3	3	0
afbfb6df-b41f-534d-8dba-32d18bb690b4	chr7	126426224	126584594	0	0	0
afbfb6df-b41f-534d-8dba-32d18bb690b4	chr7	126588143	132313443	2	2	0
afbfb6df-b41f-534d-8dba-32d18bb690b4	chr7	132314650	133071803	3	3	0
afbfb6df-b41f-534d-8dba-32d18bb690b4	chr7	133075118	141555655	2	2	0
afbfb6df-b41f-534d-8dba-32d18bb690b4	chr7	141558831	142173074	3	3	0
afbfb6df-b41f-534d-8dba-32d18bb690b4	chr7	142173092	144029879	2	2	0
afbfb6df-b41f-534d-8dba-32d18bb690b4	chr7	144031761	146898676	3	3	0
afbfb6df-b41f-534d-8dba-32d18bb690b4	chr7	146899220	147539665	5	5	0
afbfb6df-b41f-534d-8dba-32d18bb690b4	chr7	147541548	148765235	4	4	0
afbfb6df-b41f-534d-8dba-32d18bb690b4	chr7	148765888	150642324	2	2	0
afbfb6df-b41f-534d-8dba-32d18bb690b4	chr7	150643123	150655943	3	3	0
afbfb6df-b41f-534d-8dba-32d18bb690b4	chr7	150657520	155485502	2	2	0
afbfb6df-b41f-534d-8dba-32d18bb690b4	chr7	155487998	155746244	3	3	0
afbfb6df-b41f-534d-8dba-32d18bb690b4	chr7	155747723	158919530	2	2	0
afbfb6df-b41f-534d-8dba-32d18bb690b4	chr7	158919634	159334314	3	3	0
afbfb6df-b41f-534d-8dba-32d18bb690b4	chr8	81254	2554331	2	2	0
afbfb6df-b41f-534d-8dba-32d18bb690b4	chr8	2554553	2751943	4	2	2
afbfb6df-b41f-534d-8dba-32d18bb690b4	chr8	2752011	9005150	2	2	0
afbfb6df-b41f-534d-8dba-32d18bb690b4	chr8	9008063	9873511	3	2	1
afbfb6df-b41f-534d-8dba-32d18bb690b4	chr8	9873823	10802529	2	2	0
afbfb6df-b41f-534d-8dba-32d18bb690b4	chr8	10802607	11814123	4	2	2
afbfb6df-b41f-534d-8dba-32d18bb690b4	chr8	11821664	12143614	2	2	0
afbfb6df-b41f-534d-8dba-32d18bb690b4	chr8	12176798	13034965	3	2	1
afbfb6df-b41f-534d-8dba-32d18bb690b4	chr8	13039639	13999190	2	2	0
afbfb6df-b41f-534d-8dba-32d18bb690b4	chr8	14000564	14054180	3	2	1
afbfb6df-b41f-534d-8dba-32d18bb690b4	chr8	14060005	15356735	2	2	0
afbfb6df-b41f-534d-8dba-32d18bb690b4	chr8	15356826	15607166	3	2	1
afbfb6df-b41f-534d-8dba-32d18bb690b4	chr8	15607980	23293122	2	2	0
afbfb6df-b41f-534d-8dba-32d18bb690b4	chr8	23293158	24666959	3	2	1
afbfb6df-b41f-534d-8dba-32d18bb690b4	chr8	24668384	25241061	4	2	2
afbfb6df-b41f-534d-8dba-32d18bb690b4	chr8	25243685	26253996	3	2	1
afbfb6df-b41f-534d-8dba-32d18bb690b4	chr8	26259216	38392932	2	2	0
afbfb6df-b41f-534d-8dba-32d18bb690b4	chr8	38394219	38914644	3	2	1
afbfb6df-b41f-534d-8dba-32d18bb690b4	chr8	38918967	41790840	2	2	0
afbfb6df-b41f-534d-8dba-32d18bb690b4	chr8	41799123	51023286	3	2	1
afbfb6df-b41f-534d-8dba-32d18bb690b4	chr8	51027048	51280262	6	4	2
afbfb6df-b41f-534d-8dba-32d18bb690b4	chr8	51283691	52835701	3	2	1
afbfb6df-b41f-534d-8dba-32d18bb690b4	chr8	52835873	55455796	4	2	2
afbfb6df-b41f-534d-8dba-32d18bb690b4	chr8	55455896	57496576	3	2	1
afbfb6df-b41f-534d-8dba-32d18bb690b4	chr8	57496729	58064611	4	2	2
afbfb6df-b41f-534d-8dba-32d18bb690b4	chr8	58065763	61092257	3	2	1
afbfb6df-b41f-534d-8dba-32d18bb690b4	chr8	61093261	63753186	4	2	2
afbfb6df-b41f-534d-8dba-32d18bb690b4	chr8	63753432	63949987	7	4	3
afbfb6df-b41f-534d-8dba-32d18bb690b4	chr8	63951089	65213495	5	3	2
afbfb6df-b41f-534d-8dba-32d18bb690b4	chr8	65214619	67909790	4	2	2
afbfb6df-b41f-534d-8dba-32d18bb690b4	chr8	67910225	67969698	8	6	2
afbfb6df-b41f-534d-8dba-32d18bb690b4	chr8	67971219	70096594	4	2	2
afbfb6df-b41f-534d-8dba-32d18bb690b4	chr8	70096607	72246139	3	2	1
afbfb6df-b41f-534d-8dba-32d18bb690b4	chr8	72246455	72567725	4	2	2
afbfb6df-b41f-534d-8dba-32d18bb690b4	chr8	72569015	73134574	6	3	3
afbfb6df-b41f-534d-8dba-32d18bb690b4	chr8	73134607	76778951	7	5	2
afbfb6df-b41f-534d-8dba-32d18bb690b4	chr8	76779432	78590504	6	3	3
afbfb6df-b41f-534d-8dba-32d18bb690b4	chr8	78590953	81761059	7	5	2
afbfb6df-b41f-534d-8dba-32d18bb690b4	chr8	81761188	82414761	6	3	3
afbfb6df-b41f-534d-8dba-32d18bb690b4	chr8	82415590	82696172	7	5	2
afbfb6df-b41f-534d-8dba-32d18bb690b4	chr8	82696244	86136218	6	3	3
afbfb6df-b41f-534d-8dba-32d18bb690b4	chr8	86137126	87911423	5	3	2
afbfb6df-b41f-534d-8dba-32d18bb690b4	chr8	87913152	96559712	6	3	3
afbfb6df-b41f-534d-8dba-32d18bb690b4	chr8	96562354	98782231	4	2	2
afbfb6df-b41f-534d-8dba-32d18bb690b4	chr8	98784068	101267495	6	4	2
afbfb6df-b41f-534d-8dba-32d18bb690b4	chr8	101267689	102059788	5	3	2
afbfb6df-b41f-534d-8dba-32d18bb690b4	chr8	102060384	104788622	4	2	2
afbfb6df-b41f-534d-8dba-32d18bb690b4	chr8	104795041	104890605	6	3	3
afbfb6df-b41f-534d-8dba-32d18bb690b4	chr8	104893733	105328064	4	2	2
afbfb6df-b41f-534d-8dba-32d18bb690b4	chr8	105332720	105424732	3	2	1
afbfb6df-b41f-534d-8dba-32d18bb690b4	chr8	105425750	105604522	4	2	2
afbfb6df-b41f-534d-8dba-32d18bb690b4	chr8	105604698	107484233	5	3	2
afbfb6df-b41f-534d-8dba-32d18bb690b4	chr8	107486622	108266486	6	4	2
afbfb6df-b41f-534d-8dba-32d18bb690b4	chr8	108268258	109443727	5	3	2
afbfb6df-b41f-534d-8dba-32d18bb690b4	chr8	109444691	112418190	6	4	2
afbfb6df-b41f-534d-8dba-32d18bb690b4	chr8	112418218	112585720	9	6	3
afbfb6df-b41f-534d-8dba-32d18bb690b4	chr8	112591763	114559550	6	4	2
afbfb6df-b41f-534d-8dba-32d18bb690b4	chr8	114559761	114892807	7	5	2
afbfb6df-b41f-534d-8dba-32d18bb690b4	chr8	114895324	115782770	6	3	3
afbfb6df-b41f-534d-8dba-32d18bb690b4	chr8	115783315	117050317	7	5	2
afbfb6df-b41f-534d-8dba-32d18bb690b4	chr8	117053680	118937426	6	3	3
afbfb6df-b41f-534d-8dba-32d18bb690b4	chr8	118937517	119760884	6	4	2
afbfb6df-b41f-534d-8dba-32d18bb690b4	chr8	119762978	120722167	6	3	3
afbfb6df-b41f-534d-8dba-32d18bb690b4	chr8	120726566	122678060	7	5	2
afbfb6df-b41f-534d-8dba-32d18bb690b4	chr8	122678387	122852512	6	4	2
afbfb6df-b41f-534d-8dba-32d18bb690b4	chr8	122853365	123558392	7	5	2
afbfb6df-b41f-534d-8dba-32d18bb690b4	chr8	123559341	126208469	8	6	2
afbfb6df-b41f-534d-8dba-32d18bb690b4	chr8	126208778	132031315	6	4	2
afbfb6df-b41f-534d-8dba-32d18bb690b4	chr8	132031358	132264764	8	6	2
afbfb6df-b41f-534d-8dba-32d18bb690b4	chr8	132265484	134270730	7	5	2
afbfb6df-b41f-534d-8dba-32d18bb690b4	chr8	134271301	135486936	6	4	2
afbfb6df-b41f-534d-8dba-32d18bb690b4	chr8	135487724	137619896	8	6	2
afbfb6df-b41f-534d-8dba-32d18bb690b4	chr8	137621477	139526229	7	5	2
afbfb6df-b41f-534d-8dba-32d18bb690b4	chr8	139526484	141406880	6	4	2
afbfb6df-b41f-534d-8dba-32d18bb690b4	chr8	141412629	141966342	4	2	2
afbfb6df-b41f-534d-8dba-32d18bb690b4	chr8	141967322	143149594	6	4	2
afbfb6df-b41f-534d-8dba-32d18bb690b4	chr8	143150097	145072769	4	2	2
afbfb6df-b41f-534d-8dba-32d18bb690b4	chr9	46587	1830840	2	2	0
afbfb6df-b41f-534d-8dba-32d18bb690b4	chr9	1831723	2294597	3	2	1
afbfb6df-b41f-534d-8dba-32d18bb690b4	chr9	2294806	35561834	2	2	0
afbfb6df-b41f-534d-8dba-32d18bb690b4	chr9	35564893	35830960	3	2	1
afbfb6df-b41f-534d-8dba-32d18bb690b4	chr9	35832991	38240043	2	2	0
afbfb6df-b41f-534d-8dba-32d18bb690b4	chr9	38244419	38601936	3	2	1
afbfb6df-b41f-534d-8dba-32d18bb690b4	chr9	38603332	41741113	2	2	0
afbfb6df-b41f-534d-8dba-32d18bb690b4	chr9	60863881	124036460	4	2	2
afbfb6df-b41f-534d-8dba-32d18bb690b4	chr9	124038207	132329619	3	2	1
afbfb6df-b41f-534d-8dba-32d18bb690b4	chr9	132329983	133002517	2	1	1
afbfb6df-b41f-534d-8dba-32d18bb690b4	chr9	133003633	138200944	3	2	1
afbfb6df-b41f-534d-8dba-32d18bb690b4	chr10	45792	6739376	2	2	0
afbfb6df-b41f-534d-8dba-32d18bb690b4	chr10	6739645	7115524	1	1	0
afbfb6df-b41f-534d-8dba-32d18bb690b4	chr10	7115839	30306929	2	2	0
afbfb6df-b41f-534d-8dba-32d18bb690b4	chr10	30311561	31334302	1	1	0
afbfb6df-b41f-534d-8dba-32d18bb690b4	chr10	31345784	71687524	2	2	0
afbfb6df-b41f-534d-8dba-32d18bb690b4	chr10	71687958	74076636	1	1	0
afbfb6df-b41f-534d-8dba-32d18bb690b4	chr10	74080295	79447919	2	2	0
afbfb6df-b41f-534d-8dba-32d18bb690b4	chr10	79449208	80439034	2	1	1
afbfb6df-b41f-534d-8dba-32d18bb690b4	chr10	80446592	133654968	2	2	0
afbfb6df-b41f-534d-8dba-32d18bb690b4	chr11	198510	7424454	3	2	1
afbfb6df-b41f-534d-8dba-32d18bb690b4	chr11	7424478	44235059	4	2	2
afbfb6df-b41f-534d-8dba-32d18bb690b4	chr11	44236003	44410590	3	2	1
afbfb6df-b41f-534d-8dba-32d18bb690b4	chr11	44411392	50699618	4	2	2
afbfb6df-b41f-534d-8dba-32d18bb690b4	chr11	50703640	80546925	3	2	1
afbfb6df-b41f-534d-8dba-32d18bb690b4	chr11	80553160	80819358	1	1	0
afbfb6df-b41f-534d-8dba-32d18bb690b4	chr11	80821470	81065353	3	2	1
afbfb6df-b41f-534d-8dba-32d18bb690b4	chr11	81068373	81530487	4	2	2
afbfb6df-b41f-534d-8dba-32d18bb690b4	chr11	81530983	84240117	3	2	1
afbfb6df-b41f-534d-8dba-32d18bb690b4	chr11	84241242	84617427	1	1	0
afbfb6df-b41f-534d-8dba-32d18bb690b4	chr11	84620991	84844923	3	2	1
afbfb6df-b41f-534d-8dba-32d18bb690b4	chr11	84845634	85671825	2	2	0
afbfb6df-b41f-534d-8dba-32d18bb690b4	chr11	85679362	102517147	3	2	1
afbfb6df-b41f-534d-8dba-32d18bb690b4	chr11	102520694	102764770	4	3	1
afbfb6df-b41f-534d-8dba-32d18bb690b4	chr11	102765486	120097511	3	2	1
afbfb6df-b41f-534d-8dba-32d18bb690b4	chr11	120097890	120122351	2	1	1
afbfb6df-b41f-534d-8dba-32d18bb690b4	chr11	120123171	120135533	4	2	2
afbfb6df-b41f-534d-8dba-32d18bb690b4	chr11	120135997	135074876	3	2	1
afbfb6df-b41f-534d-8dba-32d18bb690b4	chr12	51460	15489111	3	2	1
afbfb6df-b41f-534d-8dba-32d18bb690b4	chr12	15490000	15537799	4	2	2
afbfb6df-b41f-534d-8dba-32d18bb690b4	chr12	15538706	18479834	3	2	1
afbfb6df-b41f-534d-8dba-32d18bb690b4	chr12	18480660	21178665	6	5	1
afbfb6df-b41f-534d-8dba-32d18bb690b4	chr12	21178691	48283716	3	2	1
afbfb6df-b41f-534d-8dba-32d18bb690b4	chr12	48284212	60978965	2	1	1
afbfb6df-b41f-534d-8dba-32d18bb690b4	chr12	60983624	61010226	3	2	1
afbfb6df-b41f-534d-8dba-32d18bb690b4	chr12	61013134	100496677	2	1	1
afbfb6df-b41f-534d-8dba-32d18bb690b4	chr12	100497073	103935655	3	2	1
afbfb6df-b41f-534d-8dba-32d18bb690b4	chr12	103936737	106959025	2	1	1
afbfb6df-b41f-534d-8dba-32d18bb690b4	chr12	106959817	116024895	3	2	1
afbfb6df-b41f-534d-8dba-32d18bb690b4	chr12	116025436	123844942	4	3	1
afbfb6df-b41f-534d-8dba-32d18bb690b4	chr12	123845893	125542950	3	2	1
afbfb6df-b41f-534d-8dba-32d18bb690b4	chr12	125543508	125811545	4	3	1
afbfb6df-b41f-534d-8dba-32d18bb690b4	chr12	125811635	126499362	3	2	1
afbfb6df-b41f-534d-8dba-32d18bb690b4	chr12	126499379	128913732	4	3	1
afbfb6df-b41f-534d-8dba-32d18bb690b4	chr12	128914029	133201603	2	1	1
afbfb6df-b41f-534d-8dba-32d18bb690b4	chr13	18452809	32650724	2	2	0
afbfb6df-b41f-534d-8dba-32d18bb690b4	chr13	32653546	48324035	1	1	0
afbfb6df-b41f-534d-8dba-32d18bb690b4	chr13	48324170	48429466	0	0	0
afbfb6df-b41f-534d-8dba-32d18bb690b4	chr13	48429483	107680575	1	1	0
afbfb6df-b41f-534d-8dba-32d18bb690b4	chr13	107681625	108707486	2	2	0
afbfb6df-b41f-534d-8dba-32d18bb690b4	chr13	108708511	114342922	1	1	0
afbfb6df-b41f-534d-8dba-32d18bb690b4	chr14	18239283	22143618	3	2	1
afbfb6df-b41f-534d-8dba-32d18bb690b4	chr14	22143736	22269106	4	2	2
afbfb6df-b41f-534d-8dba-32d18bb690b4	chr14	22269463	25605946	3	2	1
afbfb6df-b41f-534d-8dba-32d18bb690b4	chr14	25608202	25753680	4	2	2
afbfb6df-b41f-534d-8dba-32d18bb690b4	chr14	25759144	26022152	7	5	2
afbfb6df-b41f-534d-8dba-32d18bb690b4	chr14	26022440	27004807	4	2	2
afbfb6df-b41f-534d-8dba-32d18bb690b4	chr14	27005676	27872021	2	2	0
afbfb6df-b41f-534d-8dba-32d18bb690b4	chr14	27872418	28220574	3	2	1
afbfb6df-b41f-534d-8dba-32d18bb690b4	chr14	28224162	29451350	2	2	0
afbfb6df-b41f-534d-8dba-32d18bb690b4	chr14	29452407	30235202	6	4	2
afbfb6df-b41f-534d-8dba-32d18bb690b4	chr14	30236820	31222534	3	2	1
afbfb6df-b41f-534d-8dba-32d18bb690b4	chr14	31225087	35912910	2	2	0
afbfb6df-b41f-534d-8dba-32d18bb690b4	chr14	35913400	36236889	3	2	1
afbfb6df-b41f-534d-8dba-32d18bb690b4	chr14	36243250	36677552	2	2	0
afbfb6df-b41f-534d-8dba-32d18bb690b4	chr14	36679834	36708211	5	3	2
afbfb6df-b41f-534d-8dba-32d18bb690b4	chr14	36714409	39191676	2	2	0
afbfb6df-b41f-534d-8dba-32d18bb690b4	chr14	39191737	39497435	3	2	1
afbfb6df-b41f-534d-8dba-32d18bb690b4	chr14	39499811	76692188	2	2	0
afbfb6df-b41f-534d-8dba-32d18bb690b4	chr14	76694962	76733320	1	1	0
afbfb6df-b41f-534d-8dba-32d18bb690b4	chr14	76733387	80522065	2	2	0
afbfb6df-b41f-534d-8dba-32d18bb690b4	chr14	80525364	82565340	3	3	0
afbfb6df-b41f-534d-8dba-32d18bb690b4	chr14	82566363	83147908	4	3	1
afbfb6df-b41f-534d-8dba-32d18bb690b4	chr14	83147970	83912025	6	3	3
afbfb6df-b41f-534d-8dba-32d18bb690b4	chr14	83912371	83956047	5	4	1
afbfb6df-b41f-534d-8dba-32d18bb690b4	chr14	83961509	95164304	3	3	0
afbfb6df-b41f-534d-8dba-32d18bb690b4	chr14	95168523	95704959	5	3	2
afbfb6df-b41f-534d-8dba-32d18bb690b4	chr14	95711836	96423282	4	2	2
afbfb6df-b41f-534d-8dba-32d18bb690b4	chr14	96423563	98671109	5	3	2
afbfb6df-b41f-534d-8dba-32d18bb690b4	chr14	98671130	99939856	4	2	2
afbfb6df-b41f-534d-8dba-32d18bb690b4	chr14	99940526	106475361	5	3	2
afbfb6df-b41f-534d-8dba-32d18bb690b4	chr14	106487515	106877229	3	2	1
afbfb6df-b41f-534d-8dba-32d18bb690b4	chr15	19811075	23410189	1	1	0
afbfb6df-b41f-534d-8dba-32d18bb690b4	chr15	23411377	40965126	2	2	0
afbfb6df-b41f-534d-8dba-32d18bb690b4	chr15	40967325	52689677	3	3	0
afbfb6df-b41f-534d-8dba-32d18bb690b4	chr15	52689918	53383569	3	2	1
afbfb6df-b41f-534d-8dba-32d18bb690b4	chr15	53383892	60331346	3	3	0
afbfb6df-b41f-534d-8dba-32d18bb690b4	chr15	60334988	71279075	5	3	2
afbfb6df-b41f-534d-8dba-32d18bb690b4	chr15	71282607	71365106	7	4	3
afbfb6df-b41f-534d-8dba-32d18bb690b4	chr15	71365896	75817935	6	3	3
afbfb6df-b41f-534d-8dba-32d18bb690b4	chr15	75821822	97666658	5	3	2
afbfb6df-b41f-534d-8dba-32d18bb690b4	chr15	97669271	100320180	7	5	2
afbfb6df-b41f-534d-8dba-32d18bb690b4	chr15	100320223	101928837	5	3	2
afbfb6df-b41f-534d-8dba-32d18bb690b4	chr16	10777	4791425	1	1	0
afbfb6df-b41f-534d-8dba-32d18bb690b4	chr16	4805278	36048855	2	2	0
afbfb6df-b41f-534d-8dba-32d18bb690b4	chr16	46441986	55636401	1	1	0
afbfb6df-b41f-534d-8dba-32d18bb690b4	chr16	55640316	60187237	2	2	0
afbfb6df-b41f-534d-8dba-32d18bb690b4	chr16	60187603	66001152	4	2	2
afbfb6df-b41f-534d-8dba-32d18bb690b4	chr16	66001327	66386102	4	3	1
afbfb6df-b41f-534d-8dba-32d18bb690b4	chr16	66386982	73059153	4	2	2
afbfb6df-b41f-534d-8dba-32d18bb690b4	chr16	73063764	85991273	2	2	0
afbfb6df-b41f-534d-8dba-32d18bb690b4	chr16	85992571	90096867	1	1	0
afbfb6df-b41f-534d-8dba-32d18bb690b4	chr17	150733	50544613	3	2	1
afbfb6df-b41f-534d-8dba-32d18bb690b4	chr17	50544876	50625264	6	4	2
afbfb6df-b41f-534d-8dba-32d18bb690b4	chr17	50628663	62673827	3	2	1
afbfb6df-b41f-534d-8dba-32d18bb690b4	chr17	62676543	74550392	4	2	2
afbfb6df-b41f-534d-8dba-32d18bb690b4	chr17	74550826	83091923	3	2	1
afbfb6df-b41f-534d-8dba-32d18bb690b4	chr18	48133	15402409	1	1	0
afbfb6df-b41f-534d-8dba-32d18bb690b4	chr18	20949392	29593600	3	3	0
afbfb6df-b41f-534d-8dba-32d18bb690b4	chr18	29603517	48766487	1	1	0
afbfb6df-b41f-534d-8dba-32d18bb690b4	chr18	48766602	49043062	2	2	0
afbfb6df-b41f-534d-8dba-32d18bb690b4	chr18	49044502	54449630	1	1	0
afbfb6df-b41f-534d-8dba-32d18bb690b4	chr18	54450991	55789245	2	2	0
afbfb6df-b41f-534d-8dba-32d18bb690b4	chr18	55789503	56198266	1	1	0
afbfb6df-b41f-534d-8dba-32d18bb690b4	chr18	56199143	61140436	2	2	0
afbfb6df-b41f-534d-8dba-32d18bb690b4	chr18	61146196	61506688	1	1	0
afbfb6df-b41f-534d-8dba-32d18bb690b4	chr18	61507002	61652098	2	2	0
afbfb6df-b41f-534d-8dba-32d18bb690b4	chr18	61657159	63950516	1	1	0
afbfb6df-b41f-534d-8dba-32d18bb690b4	chr18	63952945	63977930	2	2	0
afbfb6df-b41f-534d-8dba-32d18bb690b4	chr18	63980661	65347677	1	1	0
afbfb6df-b41f-534d-8dba-32d18bb690b4	chr18	65352433	65745725	2	2	0
afbfb6df-b41f-534d-8dba-32d18bb690b4	chr18	65748337	80257174	1	1	0
afbfb6df-b41f-534d-8dba-32d18bb690b4	chr19	90910	305304	2	1	1
afbfb6df-b41f-534d-8dba-32d18bb690b4	chr19	305405	7415800	3	2	1
afbfb6df-b41f-534d-8dba-32d18bb690b4	chr19	7415815	7438859	4	2	2
afbfb6df-b41f-534d-8dba-32d18bb690b4	chr19	7439612	19020513	3	2	1
afbfb6df-b41f-534d-8dba-32d18bb690b4	chr19	19020739	20320487	4	2	2
afbfb6df-b41f-534d-8dba-32d18bb690b4	chr19	20322121	23774437	5	3	2
afbfb6df-b41f-534d-8dba-32d18bb690b4	chr19	23774679	43990063	3	2	1
afbfb6df-b41f-534d-8dba-32d18bb690b4	chr19	43990278	44007875	2	1	1
afbfb6df-b41f-534d-8dba-32d18bb690b4	chr19	44008472	58586487	3	2	1
afbfb6df-b41f-534d-8dba-32d18bb690b4	chr20	80664	1103677	1	1	0
afbfb6df-b41f-534d-8dba-32d18bb690b4	chr20	1109738	8608115	2	2	0
afbfb6df-b41f-534d-8dba-32d18bb690b4	chr20	8608924	16759993	3	2	1
afbfb6df-b41f-534d-8dba-32d18bb690b4	chr20	16761684	20078363	4	2	2
afbfb6df-b41f-534d-8dba-32d18bb690b4	chr20	20079071	23678851	3	2	1
afbfb6df-b41f-534d-8dba-32d18bb690b4	chr20	23679203	31283384	4	2	2
afbfb6df-b41f-534d-8dba-32d18bb690b4	chr20	31286861	46346659	2	1	1
afbfb6df-b41f-534d-8dba-32d18bb690b4	chr20	46350085	57089675	3	2	1
afbfb6df-b41f-534d-8dba-32d18bb690b4	chr20	57089905	60219685	4	2	2
afbfb6df-b41f-534d-8dba-32d18bb690b4	chr20	60220478	61086606	3	2	1
afbfb6df-b41f-534d-8dba-32d18bb690b4	chr20	61087207	62753374	4	2	2
afbfb6df-b41f-534d-8dba-32d18bb690b4	chr20	62754216	64324800	3	2	1
afbfb6df-b41f-534d-8dba-32d18bb690b4	chr21	12973348	14512953	5	3	2
afbfb6df-b41f-534d-8dba-32d18bb690b4	chr21	14513327	14769402	4	2	2
afbfb6df-b41f-534d-8dba-32d18bb690b4	chr21	14769514	24336381	5	3	2
afbfb6df-b41f-534d-8dba-32d18bb690b4	chr21	24339528	40251687	4	2	2
afbfb6df-b41f-534d-8dba-32d18bb690b4	chr21	40252065	46677045	3	2	1
afbfb6df-b41f-534d-8dba-32d18bb690b4	chr22	16392123	25276015	3	2	1
afbfb6df-b41f-534d-8dba-32d18bb690b4	chr22	25276030	25519883	4	3	1
afbfb6df-b41f-534d-8dba-32d18bb690b4	chr22	25522742	43591030	3	2	1
afbfb6df-b41f-534d-8dba-32d18bb690b4	chr22	43592264	46032759	2	2	0
afbfb6df-b41f-534d-8dba-32d18bb690b4	chr22	46033113	50008825	1	1	0
afbfb6df-b41f-534d-8dba-32d18bb690b4	chr22	50008955	50796027	2	2	0
afbfb6df-b41f-534d-8dba-32d18bb690b4	chrX	251810	1774322	4	2	2
afbfb6df-b41f-534d-8dba-32d18bb690b4	chrX	1779555	1892047	5	3	2
afbfb6df-b41f-534d-8dba-32d18bb690b4	chrX	1897825	2719466	4	2	2
afbfb6df-b41f-534d-8dba-32d18bb690b4	chrX	2720458	2776199	5	3	2
afbfb6df-b41f-534d-8dba-32d18bb690b4	chrX	2785350	3048441	2	2	0
afbfb6df-b41f-534d-8dba-32d18bb690b4	chrX	3049096	68824648	1	1	0
afbfb6df-b41f-534d-8dba-32d18bb690b4	chrX	68825939	69371091	3	2	1
afbfb6df-b41f-534d-8dba-32d18bb690b4	chrX	69380212	156004181	1	1	0
afbfb6df-b41f-534d-8dba-32d18bb690b4	chrY	2782397	8820699	5	5	0
afbfb6df-b41f-534d-8dba-32d18bb690b4	chrY	8827561	9147451	9	9	0
afbfb6df-b41f-534d-8dba-32d18bb690b4	chrY	9150946	26653788	5	3	2
afbfb6df-b41f-534d-8dba-32d18bb690b4	chrY	56872112	56872112	1	1	0
