GDC_Aliquot	Chromosome	Start	End	Copy_Number	Major_Copy_Number	Minor_Copy_Number
f9edfd72-4614-52b6-94b2-504d96f8ce71	chr1	62920	15199756	4	2	2
f9edfd72-4614-52b6-94b2-504d96f8ce71	chr1	15200827	15397507	5	3	2
f9edfd72-4614-52b6-94b2-504d96f8ce71	chr1	15397537	94012379	4	2	2
f9edfd72-4614-52b6-94b2-504d96f8ce71	chr1	94012737	94022842	3	2	1
f9edfd72-4614-52b6-94b2-504d96f8ce71	chr1	94023687	116083284	4	2	2
f9edfd72-4614-52b6-94b2-504d96f8ce71	chr1	116083776	121705338	3	2	1
f9edfd72-4614-52b6-94b2-504d96f8ce71	chr1	143541857	169193492	4	2	2
f9edfd72-4614-52b6-94b2-504d96f8ce71	chr1	169195828	170134693	5	3	2
f9edfd72-4614-52b6-94b2-504d96f8ce71	chr1	170137840	175366415	6	4	2
f9edfd72-4614-52b6-94b2-504d96f8ce71	chr1	175366523	176220763	5	3	2
f9edfd72-4614-52b6-94b2-504d96f8ce71	chr1	176222759	177165573	6	4	2
f9edfd72-4614-52b6-94b2-504d96f8ce71	chr1	177168704	189230317	3	2	1
f9edfd72-4614-52b6-94b2-504d96f8ce71	chr1	189240544	190558492	6	4	2
f9edfd72-4614-52b6-94b2-504d96f8ce71	chr1	190558944	201271635	3	2	1
f9edfd72-4614-52b6-94b2-504d96f8ce71	chr1	201273691	201721350	5	3	2
f9edfd72-4614-52b6-94b2-504d96f8ce71	chr1	201721417	221389592	4	2	2
f9edfd72-4614-52b6-94b2-504d96f8ce71	chr1	221389801	221514124	3	2	1
f9edfd72-4614-52b6-94b2-504d96f8ce71	chr1	221515056	248930189	4	2	2
f9edfd72-4614-52b6-94b2-504d96f8ce71	chr2	12784	90191202	3	2	1
f9edfd72-4614-52b6-94b2-504d96f8ce71	chr2	90191270	96130766	2	2	0
f9edfd72-4614-52b6-94b2-504d96f8ce71	chr2	96132009	96431370	3	2	1
f9edfd72-4614-52b6-94b2-504d96f8ce71	chr2	96436097	102882320	2	2	0
f9edfd72-4614-52b6-94b2-504d96f8ce71	chr2	102884072	104259537	3	2	1
f9edfd72-4614-52b6-94b2-504d96f8ce71	chr2	104265689	107421703	4	2	2
f9edfd72-4614-52b6-94b2-504d96f8ce71	chr2	107422305	108930655	3	2	1
f9edfd72-4614-52b6-94b2-504d96f8ce71	chr2	108932212	109591613	2	2	0
f9edfd72-4614-52b6-94b2-504d96f8ce71	chr2	109594090	111476095	3	2	1
f9edfd72-4614-52b6-94b2-504d96f8ce71	chr2	111479976	112162766	6	3	3
f9edfd72-4614-52b6-94b2-504d96f8ce71	chr2	112166406	113166971	4	2	2
f9edfd72-4614-52b6-94b2-504d96f8ce71	chr2	113167161	114521161	3	2	1
f9edfd72-4614-52b6-94b2-504d96f8ce71	chr2	114522601	115628623	4	2	2
f9edfd72-4614-52b6-94b2-504d96f8ce71	chr2	115632128	116948099	5	3	2
f9edfd72-4614-52b6-94b2-504d96f8ce71	chr2	116962316	127012979	2	2	0
f9edfd72-4614-52b6-94b2-504d96f8ce71	chr2	127013430	140995219	3	2	1
f9edfd72-4614-52b6-94b2-504d96f8ce71	chr2	140995665	141320499	2	2	0
f9edfd72-4614-52b6-94b2-504d96f8ce71	chr2	141320578	141472623	4	2	2
f9edfd72-4614-52b6-94b2-504d96f8ce71	chr2	141472995	152557895	3	2	1
f9edfd72-4614-52b6-94b2-504d96f8ce71	chr2	152558430	157348709	4	2	2
f9edfd72-4614-52b6-94b2-504d96f8ce71	chr2	157352669	161086779	3	2	1
f9edfd72-4614-52b6-94b2-504d96f8ce71	chr2	161087763	162766782	4	2	2
f9edfd72-4614-52b6-94b2-504d96f8ce71	chr2	162771507	164419293	3	2	1
f9edfd72-4614-52b6-94b2-504d96f8ce71	chr2	164420086	164889304	4	2	2
f9edfd72-4614-52b6-94b2-504d96f8ce71	chr2	164889842	165610841	3	2	1
f9edfd72-4614-52b6-94b2-504d96f8ce71	chr2	165611023	165859188	4	2	2
f9edfd72-4614-52b6-94b2-504d96f8ce71	chr2	165859347	168144702	3	2	1
f9edfd72-4614-52b6-94b2-504d96f8ce71	chr2	168145174	170407972	4	2	2
f9edfd72-4614-52b6-94b2-504d96f8ce71	chr2	170408031	175868463	3	2	1
f9edfd72-4614-52b6-94b2-504d96f8ce71	chr2	175868504	177282008	4	2	2
f9edfd72-4614-52b6-94b2-504d96f8ce71	chr2	177282425	178712235	3	2	1
f9edfd72-4614-52b6-94b2-504d96f8ce71	chr2	178712485	182663943	4	2	2
f9edfd72-4614-52b6-94b2-504d96f8ce71	chr2	182664241	183724399	3	2	1
f9edfd72-4614-52b6-94b2-504d96f8ce71	chr2	183724578	184159477	2	2	0
f9edfd72-4614-52b6-94b2-504d96f8ce71	chr2	184163131	184215361	10	10	0
f9edfd72-4614-52b6-94b2-504d96f8ce71	chr2	184219993	184690720	2	2	0
f9edfd72-4614-52b6-94b2-504d96f8ce71	chr2	184691344	185344029	3	2	1
f9edfd72-4614-52b6-94b2-504d96f8ce71	chr2	185351374	186150962	5	3	2
f9edfd72-4614-52b6-94b2-504d96f8ce71	chr2	186151498	188223745	3	2	1
f9edfd72-4614-52b6-94b2-504d96f8ce71	chr2	188223996	189576709	2	2	0
f9edfd72-4614-52b6-94b2-504d96f8ce71	chr2	189576921	189754184	3	2	1
f9edfd72-4614-52b6-94b2-504d96f8ce71	chr2	189754958	190852087	2	2	0
f9edfd72-4614-52b6-94b2-504d96f8ce71	chr2	190855713	191875744	10	8	2
f9edfd72-4614-52b6-94b2-504d96f8ce71	chr2	191887358	192171513	2	2	0
f9edfd72-4614-52b6-94b2-504d96f8ce71	chr2	192172908	195411123	3	2	1
f9edfd72-4614-52b6-94b2-504d96f8ce71	chr2	195411587	202828591	2	2	0
f9edfd72-4614-52b6-94b2-504d96f8ce71	chr2	202828836	203449099	3	2	1
f9edfd72-4614-52b6-94b2-504d96f8ce71	chr2	203450671	207331092	2	2	0
f9edfd72-4614-52b6-94b2-504d96f8ce71	chr2	207331374	208162408	3	2	1
f9edfd72-4614-52b6-94b2-504d96f8ce71	chr2	208163147	209922297	4	2	2
f9edfd72-4614-52b6-94b2-504d96f8ce71	chr2	209924993	211915005	3	2	1
f9edfd72-4614-52b6-94b2-504d96f8ce71	chr2	211920231	212104240	2	2	0
f9edfd72-4614-52b6-94b2-504d96f8ce71	chr2	212104788	212253016	3	2	1
f9edfd72-4614-52b6-94b2-504d96f8ce71	chr2	212253044	214697209	4	2	2
f9edfd72-4614-52b6-94b2-504d96f8ce71	chr2	214697853	216017682	6	4	2
f9edfd72-4614-52b6-94b2-504d96f8ce71	chr2	216018617	217289319	6	3	3
f9edfd72-4614-52b6-94b2-504d96f8ce71	chr2	217292469	218562772	7	5	2
f9edfd72-4614-52b6-94b2-504d96f8ce71	chr2	218563576	219260551	6	3	3
f9edfd72-4614-52b6-94b2-504d96f8ce71	chr2	219262454	223177638	6	4	2
f9edfd72-4614-52b6-94b2-504d96f8ce71	chr2	223177651	223601157	7	5	2
f9edfd72-4614-52b6-94b2-504d96f8ce71	chr2	223601398	228683274	5	3	2
f9edfd72-4614-52b6-94b2-504d96f8ce71	chr2	228683729	233547610	4	2	2
f9edfd72-4614-52b6-94b2-504d96f8ce71	chr2	233548106	233884142	5	3	2
f9edfd72-4614-52b6-94b2-504d96f8ce71	chr2	233884756	234618921	4	2	2
f9edfd72-4614-52b6-94b2-504d96f8ce71	chr2	234620107	242147305	3	2	1
f9edfd72-4614-52b6-94b2-504d96f8ce71	chr3	20930	438490	2	2	0
f9edfd72-4614-52b6-94b2-504d96f8ce71	chr3	447858	800431	5	5	0
f9edfd72-4614-52b6-94b2-504d96f8ce71	chr3	803351	1045193	10	10	0
f9edfd72-4614-52b6-94b2-504d96f8ce71	chr3	1048118	1247662	4	4	0
f9edfd72-4614-52b6-94b2-504d96f8ce71	chr3	1247886	1272344	6	6	0
f9edfd72-4614-52b6-94b2-504d96f8ce71	chr3	1273515	1484469	8	8	0
f9edfd72-4614-52b6-94b2-504d96f8ce71	chr3	1485292	1649883	5	5	0
f9edfd72-4614-52b6-94b2-504d96f8ce71	chr3	1650846	1679464	2	2	0
f9edfd72-4614-52b6-94b2-504d96f8ce71	chr3	1688055	2234886	8	8	0
f9edfd72-4614-52b6-94b2-504d96f8ce71	chr3	2236267	2378816	4	4	0
f9edfd72-4614-52b6-94b2-504d96f8ce71	chr3	2379503	2614423	8	8	0
f9edfd72-4614-52b6-94b2-504d96f8ce71	chr3	2615571	3130439	4	4	0
f9edfd72-4614-52b6-94b2-504d96f8ce71	chr3	3136151	3434112	9	9	0
f9edfd72-4614-52b6-94b2-504d96f8ce71	chr3	3434175	4058193	11	11	0
f9edfd72-4614-52b6-94b2-504d96f8ce71	chr3	4061917	6604856	2	2	0
f9edfd72-4614-52b6-94b2-504d96f8ce71	chr3	6609441	6611645	0	0	0
f9edfd72-4614-52b6-94b2-504d96f8ce71	chr3	6613391	18035611	2	2	0
f9edfd72-4614-52b6-94b2-504d96f8ce71	chr3	18040973	19063967	13	13	0
f9edfd72-4614-52b6-94b2-504d96f8ce71	chr3	19067189	19941571	5	5	0
f9edfd72-4614-52b6-94b2-504d96f8ce71	chr3	19943499	20544215	7	7	0
f9edfd72-4614-52b6-94b2-504d96f8ce71	chr3	20547181	21022930	12	12	0
f9edfd72-4614-52b6-94b2-504d96f8ce71	chr3	21023021	21899861	10	10	0
f9edfd72-4614-52b6-94b2-504d96f8ce71	chr3	21901699	21993851	6	6	0
f9edfd72-4614-52b6-94b2-504d96f8ce71	chr3	21994997	22401575	4	4	0
f9edfd72-4614-52b6-94b2-504d96f8ce71	chr3	22401663	22682504	7	7	0
f9edfd72-4614-52b6-94b2-504d96f8ce71	chr3	22682659	23251401	9	9	0
f9edfd72-4614-52b6-94b2-504d96f8ce71	chr3	23251942	23445151	13	13	0
f9edfd72-4614-52b6-94b2-504d96f8ce71	chr3	23445609	29207045	2	2	0
f9edfd72-4614-52b6-94b2-504d96f8ce71	chr3	29207319	30627866	4	4	0
f9edfd72-4614-52b6-94b2-504d96f8ce71	chr3	30628933	31716993	10	10	0
f9edfd72-4614-52b6-94b2-504d96f8ce71	chr3	31718944	32432020	8	8	0
f9edfd72-4614-52b6-94b2-504d96f8ce71	chr3	32438095	33520622	6	6	0
f9edfd72-4614-52b6-94b2-504d96f8ce71	chr3	33521784	33559090	15	14	1
f9edfd72-4614-52b6-94b2-504d96f8ce71	chr3	33559210	34390101	5	5	0
f9edfd72-4614-52b6-94b2-504d96f8ce71	chr3	34390881	87689908	2	2	0
f9edfd72-4614-52b6-94b2-504d96f8ce71	chr3	87691939	93829655	3	2	1
f9edfd72-4614-52b6-94b2-504d96f8ce71	chr3	93832701	106454938	2	2	0
f9edfd72-4614-52b6-94b2-504d96f8ce71	chr3	106456677	106510329	6	4	2
f9edfd72-4614-52b6-94b2-504d96f8ce71	chr3	106512845	112482528	2	2	0
f9edfd72-4614-52b6-94b2-504d96f8ce71	chr3	112483537	112628232	4	3	1
f9edfd72-4614-52b6-94b2-504d96f8ce71	chr3	112629785	116544790	2	2	0
f9edfd72-4614-52b6-94b2-504d96f8ce71	chr3	116546195	117386493	0	0	0
f9edfd72-4614-52b6-94b2-504d96f8ce71	chr3	117388691	139982032	2	2	0
f9edfd72-4614-52b6-94b2-504d96f8ce71	chr3	139982250	154447349	1	1	0
f9edfd72-4614-52b6-94b2-504d96f8ce71	chr3	154449494	157545523	2	2	0
f9edfd72-4614-52b6-94b2-504d96f8ce71	chr3	157545656	158262894	3	3	0
f9edfd72-4614-52b6-94b2-504d96f8ce71	chr3	158264888	158952665	2	2	0
f9edfd72-4614-52b6-94b2-504d96f8ce71	chr3	158952919	159143223	3	3	0
f9edfd72-4614-52b6-94b2-504d96f8ce71	chr3	159143406	159378129	2	2	0
f9edfd72-4614-52b6-94b2-504d96f8ce71	chr3	159382021	162469051	3	3	0
f9edfd72-4614-52b6-94b2-504d96f8ce71	chr3	162469069	163127253	7	7	0
f9edfd72-4614-52b6-94b2-504d96f8ce71	chr3	163131547	163450799	3	3	0
f9edfd72-4614-52b6-94b2-504d96f8ce71	chr3	163452700	178807628	5	5	0
f9edfd72-4614-52b6-94b2-504d96f8ce71	chr3	178809548	180581502	4	4	0
f9edfd72-4614-52b6-94b2-504d96f8ce71	chr3	180586489	181942189	7	7	0
f9edfd72-4614-52b6-94b2-504d96f8ce71	chr3	181942977	184548619	4	4	0
f9edfd72-4614-52b6-94b2-504d96f8ce71	chr3	184548637	198169247	2	2	0
f9edfd72-4614-52b6-94b2-504d96f8ce71	chr4	68929	18616165	2	2	0
f9edfd72-4614-52b6-94b2-504d96f8ce71	chr4	18619466	18640545	1	1	0
f9edfd72-4614-52b6-94b2-504d96f8ce71	chr4	18642237	34755297	2	2	0
f9edfd72-4614-52b6-94b2-504d96f8ce71	chr4	34755317	34846782	0	0	0
f9edfd72-4614-52b6-94b2-504d96f8ce71	chr4	34847342	60730321	2	2	0
f9edfd72-4614-52b6-94b2-504d96f8ce71	chr4	60735118	89970763	3	2	1
f9edfd72-4614-52b6-94b2-504d96f8ce71	chr4	89973065	94561060	2	2	0
f9edfd72-4614-52b6-94b2-504d96f8ce71	chr4	94561224	97504926	3	2	1
f9edfd72-4614-52b6-94b2-504d96f8ce71	chr4	97506156	100182053	2	2	0
f9edfd72-4614-52b6-94b2-504d96f8ce71	chr4	100182374	137063077	3	2	1
f9edfd72-4614-52b6-94b2-504d96f8ce71	chr4	137064358	137127649	2	2	0
f9edfd72-4614-52b6-94b2-504d96f8ce71	chr4	137130562	190106768	3	2	1
f9edfd72-4614-52b6-94b2-504d96f8ce71	chr5	15532	123518697	4	2	2
f9edfd72-4614-52b6-94b2-504d96f8ce71	chr5	123524930	123698720	3	2	1
f9edfd72-4614-52b6-94b2-504d96f8ce71	chr5	123699886	181363319	4	2	2
f9edfd72-4614-52b6-94b2-504d96f8ce71	chr6	149661	254283	5	3	2
f9edfd72-4614-52b6-94b2-504d96f8ce71	chr6	257353	378703	2	1	1
f9edfd72-4614-52b6-94b2-504d96f8ce71	chr6	378970	19325739	5	3	2
f9edfd72-4614-52b6-94b2-504d96f8ce71	chr6	19327103	49326396	4	3	1
f9edfd72-4614-52b6-94b2-504d96f8ce71	chr6	49327381	103286950	3	2	1
f9edfd72-4614-52b6-94b2-504d96f8ce71	chr6	103286954	103317855	0	0	0
f9edfd72-4614-52b6-94b2-504d96f8ce71	chr6	103320903	121983714	3	2	1
f9edfd72-4614-52b6-94b2-504d96f8ce71	chr6	121984262	122000721	8	6	2
f9edfd72-4614-52b6-94b2-504d96f8ce71	chr6	122003745	122083950	10	8	2
f9edfd72-4614-52b6-94b2-504d96f8ce71	chr6	122084430	122277223	38	38	0
f9edfd72-4614-52b6-94b2-504d96f8ce71	chr6	122283039	122295949	6	6	0
f9edfd72-4614-52b6-94b2-504d96f8ce71	chr6	122296207	170741917	3	2	1
f9edfd72-4614-52b6-94b2-504d96f8ce71	chr7	43259	62617259	4	2	2
f9edfd72-4614-52b6-94b2-504d96f8ce71	chr7	62617314	71376611	3	2	1
f9edfd72-4614-52b6-94b2-504d96f8ce71	chr7	71379878	72261408	6	5	1
f9edfd72-4614-52b6-94b2-504d96f8ce71	chr7	72261889	78467737	5	4	1
f9edfd72-4614-52b6-94b2-504d96f8ce71	chr7	78468945	78599371	7	6	1
f9edfd72-4614-52b6-94b2-504d96f8ce71	chr7	78601155	78855655	0	0	0
f9edfd72-4614-52b6-94b2-504d96f8ce71	chr7	78855738	79511456	8	7	1
f9edfd72-4614-52b6-94b2-504d96f8ce71	chr7	79513184	83415910	5	4	1
f9edfd72-4614-52b6-94b2-504d96f8ce71	chr7	83416368	84106697	6	5	1
f9edfd72-4614-52b6-94b2-504d96f8ce71	chr7	84109165	84525160	9	8	1
f9edfd72-4614-52b6-94b2-504d96f8ce71	chr7	84528864	84555633	10	8	2
f9edfd72-4614-52b6-94b2-504d96f8ce71	chr7	84562645	85569985	6	5	1
f9edfd72-4614-52b6-94b2-504d96f8ce71	chr7	85571502	87061316	7	6	1
f9edfd72-4614-52b6-94b2-504d96f8ce71	chr7	87072265	101438705	5	4	1
f9edfd72-4614-52b6-94b2-504d96f8ce71	chr7	101442977	124079042	3	2	1
f9edfd72-4614-52b6-94b2-504d96f8ce71	chr7	124083694	159334314	2	1	1
f9edfd72-4614-52b6-94b2-504d96f8ce71	chr8	81254	55334578	3	2	1
f9edfd72-4614-52b6-94b2-504d96f8ce71	chr8	55334938	78969951	4	2	2
f9edfd72-4614-52b6-94b2-504d96f8ce71	chr8	78969952	78996034	2	1	1
f9edfd72-4614-52b6-94b2-504d96f8ce71	chr8	78998393	143843263	4	2	2
f9edfd72-4614-52b6-94b2-504d96f8ce71	chr8	143846488	145072769	2	2	0
f9edfd72-4614-52b6-94b2-504d96f8ce71	chr9	46587	8571826	3	2	1
f9edfd72-4614-52b6-94b2-504d96f8ce71	chr9	8573166	9975502	4	2	2
f9edfd72-4614-52b6-94b2-504d96f8ce71	chr9	9978623	10531905	2	2	0
f9edfd72-4614-52b6-94b2-504d96f8ce71	chr9	10531918	10803154	3	2	1
f9edfd72-4614-52b6-94b2-504d96f8ce71	chr9	10805881	10838144	2	2	0
f9edfd72-4614-52b6-94b2-504d96f8ce71	chr9	10838187	10955825	6	3	3
f9edfd72-4614-52b6-94b2-504d96f8ce71	chr9	10960675	11291395	2	2	0
f9edfd72-4614-52b6-94b2-504d96f8ce71	chr9	11291467	11340085	3	3	0
f9edfd72-4614-52b6-94b2-504d96f8ce71	chr9	11348433	11737404	5	3	2
f9edfd72-4614-52b6-94b2-504d96f8ce71	chr9	11739680	13667640	3	2	1
f9edfd72-4614-52b6-94b2-504d96f8ce71	chr9	13669875	16910679	2	2	0
f9edfd72-4614-52b6-94b2-504d96f8ce71	chr9	16911093	18801307	3	2	1
f9edfd72-4614-52b6-94b2-504d96f8ce71	chr9	18802531	21252871	2	2	0
f9edfd72-4614-52b6-94b2-504d96f8ce71	chr9	21255412	21303059	3	2	1
f9edfd72-4614-52b6-94b2-504d96f8ce71	chr9	21303125	22341595	2	2	0
f9edfd72-4614-52b6-94b2-504d96f8ce71	chr9	22342374	24133579	3	2	1
f9edfd72-4614-52b6-94b2-504d96f8ce71	chr9	24133648	25485942	4	2	2
f9edfd72-4614-52b6-94b2-504d96f8ce71	chr9	25486471	25816221	3	2	1
f9edfd72-4614-52b6-94b2-504d96f8ce71	chr9	25816368	27428326	2	2	0
f9edfd72-4614-52b6-94b2-504d96f8ce71	chr9	27428667	27802615	3	2	1
f9edfd72-4614-52b6-94b2-504d96f8ce71	chr9	27802680	28016826	4	2	2
f9edfd72-4614-52b6-94b2-504d96f8ce71	chr9	28016842	28673911	3	2	1
f9edfd72-4614-52b6-94b2-504d96f8ce71	chr9	28676297	38654252	2	2	0
f9edfd72-4614-52b6-94b2-504d96f8ce71	chr9	38654281	113282794	4	2	2
f9edfd72-4614-52b6-94b2-504d96f8ce71	chr9	113282808	113948712	6	4	2
f9edfd72-4614-52b6-94b2-504d96f8ce71	chr9	113948961	138200944	4	2	2
f9edfd72-4614-52b6-94b2-504d96f8ce71	chr10	45792	22464265	2	1	1
f9edfd72-4614-52b6-94b2-504d96f8ce71	chr10	22467998	24686244	3	2	1
f9edfd72-4614-52b6-94b2-504d96f8ce71	chr10	24686540	25487710	6	5	1
f9edfd72-4614-52b6-94b2-504d96f8ce71	chr10	25488185	37622397	2	1	1
f9edfd72-4614-52b6-94b2-504d96f8ce71	chr10	37624323	37825079	5	4	1
f9edfd72-4614-52b6-94b2-504d96f8ce71	chr10	37828592	133411599	2	1	1
f9edfd72-4614-52b6-94b2-504d96f8ce71	chr10	133415486	133576392	4	3	1
f9edfd72-4614-52b6-94b2-504d96f8ce71	chr10	133582780	133654968	2	1	1
f9edfd72-4614-52b6-94b2-504d96f8ce71	chr11	198510	42683328	3	2	1
f9edfd72-4614-52b6-94b2-504d96f8ce71	chr11	42683959	42723984	1	1	0
f9edfd72-4614-52b6-94b2-504d96f8ce71	chr11	42724743	78033359	3	2	1
f9edfd72-4614-52b6-94b2-504d96f8ce71	chr11	78034631	78044851	1	1	0
f9edfd72-4614-52b6-94b2-504d96f8ce71	chr11	78047512	84371032	3	2	1
f9edfd72-4614-52b6-94b2-504d96f8ce71	chr11	84371716	84461031	2	2	0
f9edfd72-4614-52b6-94b2-504d96f8ce71	chr11	84461395	90344732	8	7	1
f9edfd72-4614-52b6-94b2-504d96f8ce71	chr11	90348506	92033943	13	12	1
f9edfd72-4614-52b6-94b2-504d96f8ce71	chr11	92034999	95651894	12	11	1
f9edfd72-4614-52b6-94b2-504d96f8ce71	chr11	95652449	95901309	3	2	1
f9edfd72-4614-52b6-94b2-504d96f8ce71	chr11	95908438	95997007	20	16	4
f9edfd72-4614-52b6-94b2-504d96f8ce71	chr11	96002124	96303470	3	2	1
f9edfd72-4614-52b6-94b2-504d96f8ce71	chr11	96303680	103396016	12	11	1
f9edfd72-4614-52b6-94b2-504d96f8ce71	chr11	103396258	110202116	14	13	1
f9edfd72-4614-52b6-94b2-504d96f8ce71	chr11	110205710	117778960	3	2	1
f9edfd72-4614-52b6-94b2-504d96f8ce71	chr11	117788166	117985354	11	9	2
f9edfd72-4614-52b6-94b2-504d96f8ce71	chr11	117985736	118182441	3	2	1
f9edfd72-4614-52b6-94b2-504d96f8ce71	chr11	118186007	118519725	12	11	1
f9edfd72-4614-52b6-94b2-504d96f8ce71	chr11	118522058	118589948	19	17	2
f9edfd72-4614-52b6-94b2-504d96f8ce71	chr11	118593596	118593596	12	12	0
f9edfd72-4614-52b6-94b2-504d96f8ce71	chr11	118595407	119021725	18	18	0
f9edfd72-4614-52b6-94b2-504d96f8ce71	chr11	119024785	120680917	5	4	1
f9edfd72-4614-52b6-94b2-504d96f8ce71	chr11	120682473	127381378	0	0	0
f9edfd72-4614-52b6-94b2-504d96f8ce71	chr11	127381999	135074876	4	3	1
f9edfd72-4614-52b6-94b2-504d96f8ce71	chr12	51460	1349719	3	2	1
f9edfd72-4614-52b6-94b2-504d96f8ce71	chr12	1350579	1378653	1	1	0
f9edfd72-4614-52b6-94b2-504d96f8ce71	chr12	1380763	30269772	3	2	1
f9edfd72-4614-52b6-94b2-504d96f8ce71	chr12	30269916	33012778	4	2	2
f9edfd72-4614-52b6-94b2-504d96f8ce71	chr12	33014703	34701563	6	3	3
f9edfd72-4614-52b6-94b2-504d96f8ce71	chr12	37463949	38978149	3	2	1
f9edfd72-4614-52b6-94b2-504d96f8ce71	chr12	38978209	51202767	2	2	0
f9edfd72-4614-52b6-94b2-504d96f8ce71	chr12	51207512	56138198	3	2	1
f9edfd72-4614-52b6-94b2-504d96f8ce71	chr12	56144847	56616686	2	2	0
f9edfd72-4614-52b6-94b2-504d96f8ce71	chr12	56623731	67284873	3	2	1
f9edfd72-4614-52b6-94b2-504d96f8ce71	chr12	67285962	76819135	2	2	0
f9edfd72-4614-52b6-94b2-504d96f8ce71	chr12	76820313	77283110	3	2	1
f9edfd72-4614-52b6-94b2-504d96f8ce71	chr12	77284366	89191452	2	2	0
f9edfd72-4614-52b6-94b2-504d96f8ce71	chr12	89198262	94856219	3	2	1
f9edfd72-4614-52b6-94b2-504d96f8ce71	chr12	94858312	94912705	1	1	0
f9edfd72-4614-52b6-94b2-504d96f8ce71	chr12	94914214	113124343	3	2	1
f9edfd72-4614-52b6-94b2-504d96f8ce71	chr12	113135432	115292357	7	5	2
f9edfd72-4614-52b6-94b2-504d96f8ce71	chr12	115293118	116407485	8	6	2
f9edfd72-4614-52b6-94b2-504d96f8ce71	chr12	116408577	118776299	5	3	2
f9edfd72-4614-52b6-94b2-504d96f8ce71	chr12	118780440	128081566	3	2	1
f9edfd72-4614-52b6-94b2-504d96f8ce71	chr12	128088026	128999663	4	2	2
f9edfd72-4614-52b6-94b2-504d96f8ce71	chr12	129000966	133201603	3	2	1
f9edfd72-4614-52b6-94b2-504d96f8ce71	chr13	18452809	107151796	2	2	0
f9edfd72-4614-52b6-94b2-504d96f8ce71	chr13	107151889	107318884	0	0	0
f9edfd72-4614-52b6-94b2-504d96f8ce71	chr13	107319969	114342922	2	2	0
f9edfd72-4614-52b6-94b2-504d96f8ce71	chr14	18239283	78016067	4	2	2
f9edfd72-4614-52b6-94b2-504d96f8ce71	chr14	78022201	78910933	2	2	0
f9edfd72-4614-52b6-94b2-504d96f8ce71	chr14	78911297	79150878	4	2	2
f9edfd72-4614-52b6-94b2-504d96f8ce71	chr14	79151057	86450227	7	5	2
f9edfd72-4614-52b6-94b2-504d96f8ce71	chr14	86450670	106877229	6	4	2
f9edfd72-4614-52b6-94b2-504d96f8ce71	chr15	19811075	23415054	3	2	1
f9edfd72-4614-52b6-94b2-504d96f8ce71	chr15	23417449	25261432	8	7	1
f9edfd72-4614-52b6-94b2-504d96f8ce71	chr15	25264609	25616723	5	4	1
f9edfd72-4614-52b6-94b2-504d96f8ce71	chr15	25618915	26816822	3	2	1
f9edfd72-4614-52b6-94b2-504d96f8ce71	chr15	26817359	71112564	2	1	1
f9edfd72-4614-52b6-94b2-504d96f8ce71	chr15	71114206	75077277	3	2	1
f9edfd72-4614-52b6-94b2-504d96f8ce71	chr15	75079743	75429601	2	1	1
f9edfd72-4614-52b6-94b2-504d96f8ce71	chr15	75430720	78124842	3	2	1
f9edfd72-4614-52b6-94b2-504d96f8ce71	chr15	78125865	85617586	4	3	1
f9edfd72-4614-52b6-94b2-504d96f8ce71	chr15	85626156	101928837	2	1	1
f9edfd72-4614-52b6-94b2-504d96f8ce71	chr16	10777	6757705	4	2	2
f9edfd72-4614-52b6-94b2-504d96f8ce71	chr16	6757815	7059361	3	2	1
f9edfd72-4614-52b6-94b2-504d96f8ce71	chr16	7060312	36048855	4	2	2
f9edfd72-4614-52b6-94b2-504d96f8ce71	chr16	46441986	73090066	3	2	1
f9edfd72-4614-52b6-94b2-504d96f8ce71	chr16	73090457	90096867	1	1	0
f9edfd72-4614-52b6-94b2-504d96f8ce71	chr17	150733	9732444	2	2	0
f9edfd72-4614-52b6-94b2-504d96f8ce71	chr17	9735128	11222225	13	11	2
f9edfd72-4614-52b6-94b2-504d96f8ce71	chr17	11222653	11486163	10	8	2
f9edfd72-4614-52b6-94b2-504d96f8ce71	chr17	11486472	12901233	8	6	2
f9edfd72-4614-52b6-94b2-504d96f8ce71	chr17	12901277	12932174	14	11	3
f9edfd72-4614-52b6-94b2-504d96f8ce71	chr17	12935760	13417238	7	5	2
f9edfd72-4614-52b6-94b2-504d96f8ce71	chr17	13418248	14030001	9	7	2
f9edfd72-4614-52b6-94b2-504d96f8ce71	chr17	14033343	14679737	24	22	2
f9edfd72-4614-52b6-94b2-504d96f8ce71	chr17	14679972	15524177	13	11	2
f9edfd72-4614-52b6-94b2-504d96f8ce71	chr17	15524948	16937557	10	8	2
f9edfd72-4614-52b6-94b2-504d96f8ce71	chr17	16937575	18206014	5	3	2
f9edfd72-4614-52b6-94b2-504d96f8ce71	chr17	18219554	19735230	6	4	2
f9edfd72-4614-52b6-94b2-504d96f8ce71	chr17	19739639	20291477	10	8	2
f9edfd72-4614-52b6-94b2-504d96f8ce71	chr17	20293093	21280472	12	10	2
f9edfd72-4614-52b6-94b2-504d96f8ce71	chr17	21283048	22527685	10	8	2
f9edfd72-4614-52b6-94b2-504d96f8ce71	chr17	22530437	26943774	6	4	2
f9edfd72-4614-52b6-94b2-504d96f8ce71	chr17	26947350	41199837	4	2	2
f9edfd72-4614-52b6-94b2-504d96f8ce71	chr17	41200747	41364082	7	5	2
f9edfd72-4614-52b6-94b2-504d96f8ce71	chr17	41364102	43721487	4	2	2
f9edfd72-4614-52b6-94b2-504d96f8ce71	chr17	43722802	55530837	3	2	1
f9edfd72-4614-52b6-94b2-504d96f8ce71	chr17	55531256	55583099	2	1	1
f9edfd72-4614-52b6-94b2-504d96f8ce71	chr17	55585437	63572684	3	2	1
f9edfd72-4614-52b6-94b2-504d96f8ce71	chr17	63573104	83091923	4	2	2
f9edfd72-4614-52b6-94b2-504d96f8ce71	chr18	48133	5069497	4	2	2
f9edfd72-4614-52b6-94b2-504d96f8ce71	chr18	5069839	5102644	5	3	2
f9edfd72-4614-52b6-94b2-504d96f8ce71	chr18	5103647	11992972	4	2	2
f9edfd72-4614-52b6-94b2-504d96f8ce71	chr18	11993039	12003321	3	2	1
f9edfd72-4614-52b6-94b2-504d96f8ce71	chr18	12004091	32101487	4	2	2
f9edfd72-4614-52b6-94b2-504d96f8ce71	chr18	32104855	80257174	3	2	1
f9edfd72-4614-52b6-94b2-504d96f8ce71	chr19	90910	12471337	5	3	2
f9edfd72-4614-52b6-94b2-504d96f8ce71	chr19	12475571	15586386	7	4	3
f9edfd72-4614-52b6-94b2-504d96f8ce71	chr19	15590267	27816507	5	3	2
f9edfd72-4614-52b6-94b2-504d96f8ce71	chr19	27816724	28992090	9	6	3
f9edfd72-4614-52b6-94b2-504d96f8ce71	chr19	28992263	29581549	14	11	3
f9edfd72-4614-52b6-94b2-504d96f8ce71	chr19	29590781	30232468	17	14	3
f9edfd72-4614-52b6-94b2-504d96f8ce71	chr19	30234182	30277937	11	8	3
f9edfd72-4614-52b6-94b2-504d96f8ce71	chr19	30279733	30588700	21	18	3
f9edfd72-4614-52b6-94b2-504d96f8ce71	chr19	30590823	31381364	25	22	3
f9edfd72-4614-52b6-94b2-504d96f8ce71	chr19	31381832	31402138	32	29	3
f9edfd72-4614-52b6-94b2-504d96f8ce71	chr19	31407689	31456008	40	28	12
f9edfd72-4614-52b6-94b2-504d96f8ce71	chr19	31458730	31773524	24	16	8
f9edfd72-4614-52b6-94b2-504d96f8ce71	chr19	31776011	32520002	15	11	4
f9edfd72-4614-52b6-94b2-504d96f8ce71	chr19	32520554	32691188	6	4	2
f9edfd72-4614-52b6-94b2-504d96f8ce71	chr19	32691414	33398463	5	4	1
f9edfd72-4614-52b6-94b2-504d96f8ce71	chr19	33399389	34100850	7	5	2
f9edfd72-4614-52b6-94b2-504d96f8ce71	chr19	34108903	35161758	9	7	2
f9edfd72-4614-52b6-94b2-504d96f8ce71	chr19	35161806	35356251	11	9	2
f9edfd72-4614-52b6-94b2-504d96f8ce71	chr19	35358159	36250202	3	2	1
f9edfd72-4614-52b6-94b2-504d96f8ce71	chr19	36250821	37303972	1	1	0
f9edfd72-4614-52b6-94b2-504d96f8ce71	chr19	37304208	58586487	2	2	0
f9edfd72-4614-52b6-94b2-504d96f8ce71	chr20	80664	6564010	1	1	0
f9edfd72-4614-52b6-94b2-504d96f8ce71	chr20	6565050	6648145	2	1	1
f9edfd72-4614-52b6-94b2-504d96f8ce71	chr20	6648254	7219270	1	1	0
f9edfd72-4614-52b6-94b2-504d96f8ce71	chr20	7226248	9063970	2	1	1
f9edfd72-4614-52b6-94b2-504d96f8ce71	chr20	9066096	10507000	3	2	1
f9edfd72-4614-52b6-94b2-504d96f8ce71	chr20	10514417	14801271	1	1	0
f9edfd72-4614-52b6-94b2-504d96f8ce71	chr20	14801295	14807715	0	0	0
f9edfd72-4614-52b6-94b2-504d96f8ce71	chr20	14808097	24969393	1	1	0
f9edfd72-4614-52b6-94b2-504d96f8ce71	chr20	24970220	26324855	2	1	1
f9edfd72-4614-52b6-94b2-504d96f8ce71	chr20	26324943	32417646	4	2	2
f9edfd72-4614-52b6-94b2-504d96f8ce71	chr20	32420111	32985514	2	2	0
f9edfd72-4614-52b6-94b2-504d96f8ce71	chr20	32991659	38624671	3	2	1
f9edfd72-4614-52b6-94b2-504d96f8ce71	chr20	38625307	42164094	2	2	0
f9edfd72-4614-52b6-94b2-504d96f8ce71	chr20	42166171	42417875	3	2	1
f9edfd72-4614-52b6-94b2-504d96f8ce71	chr20	42417995	46694448	2	2	0
f9edfd72-4614-52b6-94b2-504d96f8ce71	chr20	46695328	47733403	3	2	1
f9edfd72-4614-52b6-94b2-504d96f8ce71	chr20	47736530	47892110	4	2	2
f9edfd72-4614-52b6-94b2-504d96f8ce71	chr20	47907004	48296245	2	2	0
f9edfd72-4614-52b6-94b2-504d96f8ce71	chr20	48297920	49933029	9	7	2
f9edfd72-4614-52b6-94b2-504d96f8ce71	chr20	49934112	51127847	12	10	2
f9edfd72-4614-52b6-94b2-504d96f8ce71	chr20	51129164	51316967	7	5	2
f9edfd72-4614-52b6-94b2-504d96f8ce71	chr20	51317500	51514326	5	3	2
f9edfd72-4614-52b6-94b2-504d96f8ce71	chr20	51515460	51790091	8	4	4
f9edfd72-4614-52b6-94b2-504d96f8ce71	chr20	51791427	51958707	6	5	1
f9edfd72-4614-52b6-94b2-504d96f8ce71	chr20	51959186	52281529	4	4	0
f9edfd72-4614-52b6-94b2-504d96f8ce71	chr20	52287780	53154858	6	5	1
f9edfd72-4614-52b6-94b2-504d96f8ce71	chr20	53160105	53244897	8	4	4
f9edfd72-4614-52b6-94b2-504d96f8ce71	chr20	53245509	62810463	6	5	1
f9edfd72-4614-52b6-94b2-504d96f8ce71	chr20	62813960	63997918	4	3	1
f9edfd72-4614-52b6-94b2-504d96f8ce71	chr20	64006728	64324800	3	3	0
f9edfd72-4614-52b6-94b2-504d96f8ce71	chr21	12973348	46677045	4	2	2
f9edfd72-4614-52b6-94b2-504d96f8ce71	chr22	16392123	50796027	2	2	0
f9edfd72-4614-52b6-94b2-504d96f8ce71	chrX	251810	47588525	4	2	2
f9edfd72-4614-52b6-94b2-504d96f8ce71	chrX	47588697	68703893	3	2	1
f9edfd72-4614-52b6-94b2-504d96f8ce71	chrX	68704950	70891919	2	2	0
f9edfd72-4614-52b6-94b2-504d96f8ce71	chrX	70897313	71964723	4	2	2
f9edfd72-4614-52b6-94b2-504d96f8ce71	chrX	71967967	78001789	2	2	0
f9edfd72-4614-52b6-94b2-504d96f8ce71	chrX	78002106	78811340	5	4	1
f9edfd72-4614-52b6-94b2-504d96f8ce71	chrX	78813254	79159781	4	4	0
f9edfd72-4614-52b6-94b2-504d96f8ce71	chrX	79160236	86093689	2	2	0
f9edfd72-4614-52b6-94b2-504d96f8ce71	chrX	86094280	102622475	3	2	1
f9edfd72-4614-52b6-94b2-504d96f8ce71	chrX	102628695	104164308	2	2	0
f9edfd72-4614-52b6-94b2-504d96f8ce71	chrX	104164946	105524770	3	2	1
f9edfd72-4614-52b6-94b2-504d96f8ce71	chrX	105527906	120413087	2	2	0
f9edfd72-4614-52b6-94b2-504d96f8ce71	chrX	120413473	120702767	3	2	1
f9edfd72-4614-52b6-94b2-504d96f8ce71	chrX	120702780	137636680	2	2	0
f9edfd72-4614-52b6-94b2-504d96f8ce71	chrX	137638854	142722987	3	2	1
f9edfd72-4614-52b6-94b2-504d96f8ce71	chrX	142728585	143359562	4	2	2
f9edfd72-4614-52b6-94b2-504d96f8ce71	chrX	143359754	143790926	3	2	1
f9edfd72-4614-52b6-94b2-504d96f8ce71	chrX	143790965	146120442	2	2	0
f9edfd72-4614-52b6-94b2-504d96f8ce71	chrX	146124827	146616485	3	2	1
f9edfd72-4614-52b6-94b2-504d96f8ce71	chrX	146617390	149899987	2	2	0
f9edfd72-4614-52b6-94b2-504d96f8ce71	chrX	149932109	151405927	6	3	3
f9edfd72-4614-52b6-94b2-504d96f8ce71	chrX	151409691	151611214	4	2	2
f9edfd72-4614-52b6-94b2-504d96f8ce71	chrX	151615256	151763869	3	2	1
f9edfd72-4614-52b6-94b2-504d96f8ce71	chrX	151764521	156004181	2	2	0
f9edfd72-4614-52b6-94b2-504d96f8ce71	chrY	2782397	26653788	0	0	0
f9edfd72-4614-52b6-94b2-504d96f8ce71	chrY	56872112	56872112	1	1	0
