GDC_Aliquot	Chromosome	Start	End	Copy_Number	Major_Copy_Number	Minor_Copy_Number
5fe8b5b3-2251-5dd3-a7b3-8d72c4994f59	chr1	62920	116181837	2	1	1
5fe8b5b3-2251-5dd3-a7b3-8d72c4994f59	chr1	116182839	116600599	1	1	0
5fe8b5b3-2251-5dd3-a7b3-8d72c4994f59	chr1	116601768	121705338	2	1	1
5fe8b5b3-2251-5dd3-a7b3-8d72c4994f59	chr1	143541857	152557623	3	2	1
5fe8b5b3-2251-5dd3-a7b3-8d72c4994f59	chr1	152557920	152613762	0	0	0
5fe8b5b3-2251-5dd3-a7b3-8d72c4994f59	chr1	152613802	162415721	3	2	1
5fe8b5b3-2251-5dd3-a7b3-8d72c4994f59	chr1	162416700	162729262	3	3	0
5fe8b5b3-2251-5dd3-a7b3-8d72c4994f59	chr1	162730715	174180907	3	2	1
5fe8b5b3-2251-5dd3-a7b3-8d72c4994f59	chr1	174185812	175015749	1	1	0
5fe8b5b3-2251-5dd3-a7b3-8d72c4994f59	chr1	175020084	176523396	3	2	1
5fe8b5b3-2251-5dd3-a7b3-8d72c4994f59	chr1	176529929	177348230	1	1	0
5fe8b5b3-2251-5dd3-a7b3-8d72c4994f59	chr1	177348495	177438661	3	2	1
5fe8b5b3-2251-5dd3-a7b3-8d72c4994f59	chr1	177440767	177512990	1	1	0
5fe8b5b3-2251-5dd3-a7b3-8d72c4994f59	chr1	177516533	178138764	3	2	1
5fe8b5b3-2251-5dd3-a7b3-8d72c4994f59	chr1	178151546	179208367	1	1	0
5fe8b5b3-2251-5dd3-a7b3-8d72c4994f59	chr1	179213356	179764621	3	2	1
5fe8b5b3-2251-5dd3-a7b3-8d72c4994f59	chr1	179764660	179769591	2	2	0
5fe8b5b3-2251-5dd3-a7b3-8d72c4994f59	chr1	179773639	179814787	1	1	0
5fe8b5b3-2251-5dd3-a7b3-8d72c4994f59	chr1	179816520	179852309	4	4	0
5fe8b5b3-2251-5dd3-a7b3-8d72c4994f59	chr1	179852395	180258179	1	1	0
5fe8b5b3-2251-5dd3-a7b3-8d72c4994f59	chr1	180260850	180331801	3	2	1
5fe8b5b3-2251-5dd3-a7b3-8d72c4994f59	chr1	180333333	180851658	1	1	0
5fe8b5b3-2251-5dd3-a7b3-8d72c4994f59	chr1	180856107	182785024	3	2	1
5fe8b5b3-2251-5dd3-a7b3-8d72c4994f59	chr1	182785410	187594278	1	1	0
5fe8b5b3-2251-5dd3-a7b3-8d72c4994f59	chr1	187603590	187907482	3	2	1
5fe8b5b3-2251-5dd3-a7b3-8d72c4994f59	chr1	187909977	217349149	1	1	0
5fe8b5b3-2251-5dd3-a7b3-8d72c4994f59	chr1	217350098	217374510	2	2	0
5fe8b5b3-2251-5dd3-a7b3-8d72c4994f59	chr1	217374694	230077226	1	1	0
5fe8b5b3-2251-5dd3-a7b3-8d72c4994f59	chr1	230083723	230332186	2	1	1
5fe8b5b3-2251-5dd3-a7b3-8d72c4994f59	chr1	230332317	230576767	1	1	0
5fe8b5b3-2251-5dd3-a7b3-8d72c4994f59	chr1	230581656	233648870	2	1	1
5fe8b5b3-2251-5dd3-a7b3-8d72c4994f59	chr1	233652570	248930189	1	1	0
5fe8b5b3-2251-5dd3-a7b3-8d72c4994f59	chr2	12784	3868474	2	1	1
5fe8b5b3-2251-5dd3-a7b3-8d72c4994f59	chr2	3868835	5729557	2	2	0
5fe8b5b3-2251-5dd3-a7b3-8d72c4994f59	chr2	5729758	19751963	2	1	1
5fe8b5b3-2251-5dd3-a7b3-8d72c4994f59	chr2	19752031	19754052	4	2	2
5fe8b5b3-2251-5dd3-a7b3-8d72c4994f59	chr2	19754277	48605877	2	1	1
5fe8b5b3-2251-5dd3-a7b3-8d72c4994f59	chr2	48605958	48716067	1	1	0
5fe8b5b3-2251-5dd3-a7b3-8d72c4994f59	chr2	48717122	64437331	2	1	1
5fe8b5b3-2251-5dd3-a7b3-8d72c4994f59	chr2	64437432	64441135	3	2	1
5fe8b5b3-2251-5dd3-a7b3-8d72c4994f59	chr2	64441163	152066247	2	1	1
5fe8b5b3-2251-5dd3-a7b3-8d72c4994f59	chr2	152067967	153153080	3	2	1
5fe8b5b3-2251-5dd3-a7b3-8d72c4994f59	chr2	153159493	242147305	2	1	1
5fe8b5b3-2251-5dd3-a7b3-8d72c4994f59	chr3	20930	11883204	1	1	0
5fe8b5b3-2251-5dd3-a7b3-8d72c4994f59	chr3	11883909	11912166	2	2	0
5fe8b5b3-2251-5dd3-a7b3-8d72c4994f59	chr3	11912374	76630981	1	1	0
5fe8b5b3-2251-5dd3-a7b3-8d72c4994f59	chr3	76631834	76938662	2	1	1
5fe8b5b3-2251-5dd3-a7b3-8d72c4994f59	chr3	76941597	79350438	1	1	0
5fe8b5b3-2251-5dd3-a7b3-8d72c4994f59	chr3	79355543	88176416	2	1	1
5fe8b5b3-2251-5dd3-a7b3-8d72c4994f59	chr3	88179807	88893891	1	1	0
5fe8b5b3-2251-5dd3-a7b3-8d72c4994f59	chr3	88896010	90453712	2	1	1
5fe8b5b3-2251-5dd3-a7b3-8d72c4994f59	chr3	93800634	117161837	1	1	0
5fe8b5b3-2251-5dd3-a7b3-8d72c4994f59	chr3	117162867	149173197	2	1	1
5fe8b5b3-2251-5dd3-a7b3-8d72c4994f59	chr3	149177264	149560513	3	2	1
5fe8b5b3-2251-5dd3-a7b3-8d72c4994f59	chr3	149560548	192574234	2	1	1
5fe8b5b3-2251-5dd3-a7b3-8d72c4994f59	chr3	192574486	193358635	2	2	0
5fe8b5b3-2251-5dd3-a7b3-8d72c4994f59	chr3	193358721	198169247	2	1	1
5fe8b5b3-2251-5dd3-a7b3-8d72c4994f59	chr4	68929	49146905	1	1	0
5fe8b5b3-2251-5dd3-a7b3-8d72c4994f59	chr4	49152601	51893058	2	2	0
5fe8b5b3-2251-5dd3-a7b3-8d72c4994f59	chr4	51895982	91322925	2	1	1
5fe8b5b3-2251-5dd3-a7b3-8d72c4994f59	chr4	91323149	91342298	3	2	1
5fe8b5b3-2251-5dd3-a7b3-8d72c4994f59	chr4	91342649	120667854	2	1	1
5fe8b5b3-2251-5dd3-a7b3-8d72c4994f59	chr4	120668191	122576701	1	1	0
5fe8b5b3-2251-5dd3-a7b3-8d72c4994f59	chr4	122578590	156635864	2	1	1
5fe8b5b3-2251-5dd3-a7b3-8d72c4994f59	chr4	156636076	158040108	2	2	0
5fe8b5b3-2251-5dd3-a7b3-8d72c4994f59	chr4	158040409	190106768	2	1	1
5fe8b5b3-2251-5dd3-a7b3-8d72c4994f59	chr5	15532	1349896	4	2	2
5fe8b5b3-2251-5dd3-a7b3-8d72c4994f59	chr5	1350479	9353603	3	2	1
5fe8b5b3-2251-5dd3-a7b3-8d72c4994f59	chr5	9353776	9403862	5	3	2
5fe8b5b3-2251-5dd3-a7b3-8d72c4994f59	chr5	9406154	11564255	3	2	1
5fe8b5b3-2251-5dd3-a7b3-8d72c4994f59	chr5	11567917	12699141	4	3	1
5fe8b5b3-2251-5dd3-a7b3-8d72c4994f59	chr5	12699873	14655590	4	2	2
5fe8b5b3-2251-5dd3-a7b3-8d72c4994f59	chr5	14656273	18330842	3	2	1
5fe8b5b3-2251-5dd3-a7b3-8d72c4994f59	chr5	18331450	18793692	2	2	0
5fe8b5b3-2251-5dd3-a7b3-8d72c4994f59	chr5	18793736	21325027	3	2	1
5fe8b5b3-2251-5dd3-a7b3-8d72c4994f59	chr5	21325041	22876848	5	3	2
5fe8b5b3-2251-5dd3-a7b3-8d72c4994f59	chr5	22881672	23711588	3	2	1
5fe8b5b3-2251-5dd3-a7b3-8d72c4994f59	chr5	23711737	24405032	5	3	2
5fe8b5b3-2251-5dd3-a7b3-8d72c4994f59	chr5	24405734	25840833	3	2	1
5fe8b5b3-2251-5dd3-a7b3-8d72c4994f59	chr5	25841054	25987786	5	3	2
5fe8b5b3-2251-5dd3-a7b3-8d72c4994f59	chr5	25988575	26655510	4	3	1
5fe8b5b3-2251-5dd3-a7b3-8d72c4994f59	chr5	26655688	27770447	5	3	2
5fe8b5b3-2251-5dd3-a7b3-8d72c4994f59	chr5	27770790	35465883	2	2	0
5fe8b5b3-2251-5dd3-a7b3-8d72c4994f59	chr5	35465979	35533349	5	4	1
5fe8b5b3-2251-5dd3-a7b3-8d72c4994f59	chr5	35538059	41036979	2	2	0
5fe8b5b3-2251-5dd3-a7b3-8d72c4994f59	chr5	41042182	42207487	4	2	2
5fe8b5b3-2251-5dd3-a7b3-8d72c4994f59	chr5	42209563	43194316	7	5	2
5fe8b5b3-2251-5dd3-a7b3-8d72c4994f59	chr5	43200254	46246558	3	2	1
5fe8b5b3-2251-5dd3-a7b3-8d72c4994f59	chr5	46251204	89478148	2	1	1
5fe8b5b3-2251-5dd3-a7b3-8d72c4994f59	chr5	89478431	89492041	3	2	1
5fe8b5b3-2251-5dd3-a7b3-8d72c4994f59	chr5	89492668	154442596	2	1	1
5fe8b5b3-2251-5dd3-a7b3-8d72c4994f59	chr5	154442782	155023836	1	1	0
5fe8b5b3-2251-5dd3-a7b3-8d72c4994f59	chr5	155024317	176574522	2	1	1
5fe8b5b3-2251-5dd3-a7b3-8d72c4994f59	chr5	176574974	176670064	2	2	0
5fe8b5b3-2251-5dd3-a7b3-8d72c4994f59	chr5	176670568	180947523	2	1	1
5fe8b5b3-2251-5dd3-a7b3-8d72c4994f59	chr5	180951710	180990614	0	0	0
5fe8b5b3-2251-5dd3-a7b3-8d72c4994f59	chr5	180990660	181363319	2	1	1
5fe8b5b3-2251-5dd3-a7b3-8d72c4994f59	chr6	149661	63805107	2	1	1
5fe8b5b3-2251-5dd3-a7b3-8d72c4994f59	chr6	63806353	73984904	1	1	0
5fe8b5b3-2251-5dd3-a7b3-8d72c4994f59	chr6	73986266	74062363	19	14	5
5fe8b5b3-2251-5dd3-a7b3-8d72c4994f59	chr6	74062837	75121719	21	15	6
5fe8b5b3-2251-5dd3-a7b3-8d72c4994f59	chr6	75122372	170741917	1	1	0
5fe8b5b3-2251-5dd3-a7b3-8d72c4994f59	chr7	43259	35496350	2	1	1
5fe8b5b3-2251-5dd3-a7b3-8d72c4994f59	chr7	35496895	35556468	3	2	1
5fe8b5b3-2251-5dd3-a7b3-8d72c4994f59	chr7	35556631	36501226	2	1	1
5fe8b5b3-2251-5dd3-a7b3-8d72c4994f59	chr7	36502086	45629825	2	2	0
5fe8b5b3-2251-5dd3-a7b3-8d72c4994f59	chr7	45632816	78039985	2	1	1
5fe8b5b3-2251-5dd3-a7b3-8d72c4994f59	chr7	78040960	78066941	3	2	1
5fe8b5b3-2251-5dd3-a7b3-8d72c4994f59	chr7	78068039	146492560	2	1	1
5fe8b5b3-2251-5dd3-a7b3-8d72c4994f59	chr7	146492657	146519323	3	2	1
5fe8b5b3-2251-5dd3-a7b3-8d72c4994f59	chr7	146525085	159334314	2	1	1
5fe8b5b3-2251-5dd3-a7b3-8d72c4994f59	chr8	81254	38089568	1	1	0
5fe8b5b3-2251-5dd3-a7b3-8d72c4994f59	chr8	38094625	38861532	5	4	1
5fe8b5b3-2251-5dd3-a7b3-8d72c4994f59	chr8	38863038	41721059	3	2	1
5fe8b5b3-2251-5dd3-a7b3-8d72c4994f59	chr8	41721230	42282732	2	1	1
5fe8b5b3-2251-5dd3-a7b3-8d72c4994f59	chr8	42283031	46000405	3	2	1
5fe8b5b3-2251-5dd3-a7b3-8d72c4994f59	chr8	46000692	114223200	2	1	1
5fe8b5b3-2251-5dd3-a7b3-8d72c4994f59	chr8	114223538	114717599	2	2	0
5fe8b5b3-2251-5dd3-a7b3-8d72c4994f59	chr8	114719658	121403421	2	1	1
5fe8b5b3-2251-5dd3-a7b3-8d72c4994f59	chr8	121407437	124870994	3	2	1
5fe8b5b3-2251-5dd3-a7b3-8d72c4994f59	chr8	124872180	127064300	2	1	1
5fe8b5b3-2251-5dd3-a7b3-8d72c4994f59	chr8	127065276	130012788	4	3	1
5fe8b5b3-2251-5dd3-a7b3-8d72c4994f59	chr8	130013572	140277567	3	2	1
5fe8b5b3-2251-5dd3-a7b3-8d72c4994f59	chr8	140277893	140561960	4	3	1
5fe8b5b3-2251-5dd3-a7b3-8d72c4994f59	chr8	140562068	143691919	3	2	1
5fe8b5b3-2251-5dd3-a7b3-8d72c4994f59	chr8	143695072	144441636	4	3	1
5fe8b5b3-2251-5dd3-a7b3-8d72c4994f59	chr8	144443098	145072769	2	1	1
5fe8b5b3-2251-5dd3-a7b3-8d72c4994f59	chr9	46587	21679765	1	1	0
5fe8b5b3-2251-5dd3-a7b3-8d72c4994f59	chr9	21680461	21683806	0	0	0
5fe8b5b3-2251-5dd3-a7b3-8d72c4994f59	chr9	21683956	27049085	1	1	0
5fe8b5b3-2251-5dd3-a7b3-8d72c4994f59	chr9	27050581	87096387	2	1	1
5fe8b5b3-2251-5dd3-a7b3-8d72c4994f59	chr9	87098500	89513730	2	2	0
5fe8b5b3-2251-5dd3-a7b3-8d72c4994f59	chr9	89514658	108760820	2	1	1
5fe8b5b3-2251-5dd3-a7b3-8d72c4994f59	chr9	108760918	109262972	1	1	0
5fe8b5b3-2251-5dd3-a7b3-8d72c4994f59	chr9	109263583	138200944	2	1	1
5fe8b5b3-2251-5dd3-a7b3-8d72c4994f59	chr10	45792	1314599	2	1	1
5fe8b5b3-2251-5dd3-a7b3-8d72c4994f59	chr10	1315797	3016730	1	1	0
5fe8b5b3-2251-5dd3-a7b3-8d72c4994f59	chr10	3017233	4801186	2	1	1
5fe8b5b3-2251-5dd3-a7b3-8d72c4994f59	chr10	4802270	5400010	1	1	0
5fe8b5b3-2251-5dd3-a7b3-8d72c4994f59	chr10	5401778	6685594	2	1	1
5fe8b5b3-2251-5dd3-a7b3-8d72c4994f59	chr10	6685658	6824080	2	2	0
5fe8b5b3-2251-5dd3-a7b3-8d72c4994f59	chr10	6833351	22103473	2	1	1
5fe8b5b3-2251-5dd3-a7b3-8d72c4994f59	chr10	22103546	22861578	1	1	0
5fe8b5b3-2251-5dd3-a7b3-8d72c4994f59	chr10	22862135	43927568	2	1	1
5fe8b5b3-2251-5dd3-a7b3-8d72c4994f59	chr10	43927696	44264083	1	1	0
5fe8b5b3-2251-5dd3-a7b3-8d72c4994f59	chr10	44274500	44812492	2	1	1
5fe8b5b3-2251-5dd3-a7b3-8d72c4994f59	chr10	44813138	48212023	1	1	0
5fe8b5b3-2251-5dd3-a7b3-8d72c4994f59	chr10	48212983	48286743	2	2	0
5fe8b5b3-2251-5dd3-a7b3-8d72c4994f59	chr10	48287843	48998187	1	1	0
5fe8b5b3-2251-5dd3-a7b3-8d72c4994f59	chr10	48999443	49102478	2	1	1
5fe8b5b3-2251-5dd3-a7b3-8d72c4994f59	chr10	49107035	49238522	1	1	0
5fe8b5b3-2251-5dd3-a7b3-8d72c4994f59	chr10	49239050	50020849	2	1	1
5fe8b5b3-2251-5dd3-a7b3-8d72c4994f59	chr10	50024831	50494434	1	1	0
5fe8b5b3-2251-5dd3-a7b3-8d72c4994f59	chr10	50496407	50719256	2	1	1
5fe8b5b3-2251-5dd3-a7b3-8d72c4994f59	chr10	50720012	51228940	1	1	0
5fe8b5b3-2251-5dd3-a7b3-8d72c4994f59	chr10	51229504	52195472	2	1	1
5fe8b5b3-2251-5dd3-a7b3-8d72c4994f59	chr10	52195507	53464627	1	1	0
5fe8b5b3-2251-5dd3-a7b3-8d72c4994f59	chr10	53465626	54236368	2	1	1
5fe8b5b3-2251-5dd3-a7b3-8d72c4994f59	chr10	54236648	133654968	1	1	0
5fe8b5b3-2251-5dd3-a7b3-8d72c4994f59	chr11	198510	4949137	2	1	1
5fe8b5b3-2251-5dd3-a7b3-8d72c4994f59	chr11	4950775	4952503	0	0	0
5fe8b5b3-2251-5dd3-a7b3-8d72c4994f59	chr11	4952518	25478014	2	1	1
5fe8b5b3-2251-5dd3-a7b3-8d72c4994f59	chr11	25479017	26229347	3	2	1
5fe8b5b3-2251-5dd3-a7b3-8d72c4994f59	chr11	26229452	62944047	2	1	1
5fe8b5b3-2251-5dd3-a7b3-8d72c4994f59	chr11	62947319	73624123	2	2	0
5fe8b5b3-2251-5dd3-a7b3-8d72c4994f59	chr11	73626884	89624171	2	1	1
5fe8b5b3-2251-5dd3-a7b3-8d72c4994f59	chr11	89642789	95148338	2	2	0
5fe8b5b3-2251-5dd3-a7b3-8d72c4994f59	chr11	95149012	102790143	2	1	1
5fe8b5b3-2251-5dd3-a7b3-8d72c4994f59	chr11	102790368	106475455	3	2	1
5fe8b5b3-2251-5dd3-a7b3-8d72c4994f59	chr11	106479147	135074876	2	1	1
5fe8b5b3-2251-5dd3-a7b3-8d72c4994f59	chr12	51460	34358810	1	1	0
5fe8b5b3-2251-5dd3-a7b3-8d72c4994f59	chr12	34359832	34701563	2	2	0
5fe8b5b3-2251-5dd3-a7b3-8d72c4994f59	chr12	37463949	38620316	16	15	1
5fe8b5b3-2251-5dd3-a7b3-8d72c4994f59	chr12	38620777	38777872	11	10	1
5fe8b5b3-2251-5dd3-a7b3-8d72c4994f59	chr12	38778613	39107437	19	18	1
5fe8b5b3-2251-5dd3-a7b3-8d72c4994f59	chr12	39108653	39141338	35	34	1
5fe8b5b3-2251-5dd3-a7b3-8d72c4994f59	chr12	39142220	39906047	16	15	1
5fe8b5b3-2251-5dd3-a7b3-8d72c4994f59	chr12	39906111	57588597	2	1	1
5fe8b5b3-2251-5dd3-a7b3-8d72c4994f59	chr12	57592941	57822054	13	13	0
5fe8b5b3-2251-5dd3-a7b3-8d72c4994f59	chr12	57828056	58934782	26	25	1
5fe8b5b3-2251-5dd3-a7b3-8d72c4994f59	chr12	58938751	59414904	18	17	1
5fe8b5b3-2251-5dd3-a7b3-8d72c4994f59	chr12	59421801	65818538	2	1	1
5fe8b5b3-2251-5dd3-a7b3-8d72c4994f59	chr12	65821404	66521071	18	17	1
5fe8b5b3-2251-5dd3-a7b3-8d72c4994f59	chr12	66521515	67445382	9	8	1
5fe8b5b3-2251-5dd3-a7b3-8d72c4994f59	chr12	67447616	68856768	19	18	1
5fe8b5b3-2251-5dd3-a7b3-8d72c4994f59	chr12	68866648	68990702	1	1	0
5fe8b5b3-2251-5dd3-a7b3-8d72c4994f59	chr12	69002931	100974486	2	1	1
5fe8b5b3-2251-5dd3-a7b3-8d72c4994f59	chr12	100976374	101528624	1	1	0
5fe8b5b3-2251-5dd3-a7b3-8d72c4994f59	chr12	101530891	133201603	2	1	1
5fe8b5b3-2251-5dd3-a7b3-8d72c4994f59	chr13	18452809	51800353	1	1	0
5fe8b5b3-2251-5dd3-a7b3-8d72c4994f59	chr13	51802350	51835084	2	2	0
5fe8b5b3-2251-5dd3-a7b3-8d72c4994f59	chr13	51835101	63396201	1	1	0
5fe8b5b3-2251-5dd3-a7b3-8d72c4994f59	chr13	63396555	63544137	2	2	0
5fe8b5b3-2251-5dd3-a7b3-8d72c4994f59	chr13	63545014	63620201	1	1	0
5fe8b5b3-2251-5dd3-a7b3-8d72c4994f59	chr13	63620783	65292398	2	1	1
5fe8b5b3-2251-5dd3-a7b3-8d72c4994f59	chr13	65294373	74675321	1	1	0
5fe8b5b3-2251-5dd3-a7b3-8d72c4994f59	chr13	74675464	74968900	2	1	1
5fe8b5b3-2251-5dd3-a7b3-8d72c4994f59	chr13	74973407	114342922	1	1	0
5fe8b5b3-2251-5dd3-a7b3-8d72c4994f59	chr14	18239283	47121265	2	1	1
5fe8b5b3-2251-5dd3-a7b3-8d72c4994f59	chr14	47121462	47731288	3	2	1
5fe8b5b3-2251-5dd3-a7b3-8d72c4994f59	chr14	47731679	106877229	2	1	1
5fe8b5b3-2251-5dd3-a7b3-8d72c4994f59	chr15	19811075	23396367	1	1	0
5fe8b5b3-2251-5dd3-a7b3-8d72c4994f59	chr15	23398898	101928837	2	1	1
5fe8b5b3-2251-5dd3-a7b3-8d72c4994f59	chr16	10777	9534796	2	1	1
5fe8b5b3-2251-5dd3-a7b3-8d72c4994f59	chr16	9535586	24393837	1	1	0
5fe8b5b3-2251-5dd3-a7b3-8d72c4994f59	chr16	24395159	34032852	2	1	1
5fe8b5b3-2251-5dd3-a7b3-8d72c4994f59	chr16	34035431	90096867	1	1	0
5fe8b5b3-2251-5dd3-a7b3-8d72c4994f59	chr17	150733	326553	3	2	1
5fe8b5b3-2251-5dd3-a7b3-8d72c4994f59	chr17	331041	11307763	2	1	1
5fe8b5b3-2251-5dd3-a7b3-8d72c4994f59	chr17	11310284	11333823	3	2	1
5fe8b5b3-2251-5dd3-a7b3-8d72c4994f59	chr17	11335718	17005444	2	1	1
5fe8b5b3-2251-5dd3-a7b3-8d72c4994f59	chr17	17006587	19494963	1	1	0
5fe8b5b3-2251-5dd3-a7b3-8d72c4994f59	chr17	19495910	75074693	2	1	1
5fe8b5b3-2251-5dd3-a7b3-8d72c4994f59	chr17	75082406	75769418	1	1	0
5fe8b5b3-2251-5dd3-a7b3-8d72c4994f59	chr17	75777863	83091923	2	1	1
5fe8b5b3-2251-5dd3-a7b3-8d72c4994f59	chr18	48133	21506198	2	1	1
5fe8b5b3-2251-5dd3-a7b3-8d72c4994f59	chr18	21508430	26505238	3	2	1
5fe8b5b3-2251-5dd3-a7b3-8d72c4994f59	chr18	26505268	26830973	5	4	1
5fe8b5b3-2251-5dd3-a7b3-8d72c4994f59	chr18	26831021	45171844	1	1	0
5fe8b5b3-2251-5dd3-a7b3-8d72c4994f59	chr18	45173794	50362969	3	2	1
5fe8b5b3-2251-5dd3-a7b3-8d72c4994f59	chr18	50364716	51303429	1	1	0
5fe8b5b3-2251-5dd3-a7b3-8d72c4994f59	chr18	51304297	51567448	3	2	1
5fe8b5b3-2251-5dd3-a7b3-8d72c4994f59	chr18	51569281	53601407	1	1	0
5fe8b5b3-2251-5dd3-a7b3-8d72c4994f59	chr18	53607756	54414275	3	2	1
5fe8b5b3-2251-5dd3-a7b3-8d72c4994f59	chr18	54414463	80257174	1	1	0
5fe8b5b3-2251-5dd3-a7b3-8d72c4994f59	chr19	90910	6623877	2	1	1
5fe8b5b3-2251-5dd3-a7b3-8d72c4994f59	chr19	6623890	7554353	4	3	1
5fe8b5b3-2251-5dd3-a7b3-8d72c4994f59	chr19	7557818	7804252	2	1	1
5fe8b5b3-2251-5dd3-a7b3-8d72c4994f59	chr19	7810357	8828380	4	3	1
5fe8b5b3-2251-5dd3-a7b3-8d72c4994f59	chr19	8836223	13897790	5	4	1
5fe8b5b3-2251-5dd3-a7b3-8d72c4994f59	chr19	13900683	15228293	4	3	1
5fe8b5b3-2251-5dd3-a7b3-8d72c4994f59	chr19	15238434	15418209	2	2	0
5fe8b5b3-2251-5dd3-a7b3-8d72c4994f59	chr19	15421470	19503441	2	1	1
5fe8b5b3-2251-5dd3-a7b3-8d72c4994f59	chr19	19503639	21100240	4	3	1
5fe8b5b3-2251-5dd3-a7b3-8d72c4994f59	chr19	21101414	27330071	2	1	1
5fe8b5b3-2251-5dd3-a7b3-8d72c4994f59	chr19	27337678	58586487	1	1	0
5fe8b5b3-2251-5dd3-a7b3-8d72c4994f59	chr20	80664	1580156	1	1	0
5fe8b5b3-2251-5dd3-a7b3-8d72c4994f59	chr20	1580276	1617300	11	11	0
5fe8b5b3-2251-5dd3-a7b3-8d72c4994f59	chr20	1617460	11898284	1	1	0
5fe8b5b3-2251-5dd3-a7b3-8d72c4994f59	chr20	11898415	13353658	2	1	1
5fe8b5b3-2251-5dd3-a7b3-8d72c4994f59	chr20	13356655	14781394	1	1	0
5fe8b5b3-2251-5dd3-a7b3-8d72c4994f59	chr20	14781457	14849950	0	0	0
5fe8b5b3-2251-5dd3-a7b3-8d72c4994f59	chr20	14850979	15309055	1	1	0
5fe8b5b3-2251-5dd3-a7b3-8d72c4994f59	chr20	15310906	19973957	2	1	1
5fe8b5b3-2251-5dd3-a7b3-8d72c4994f59	chr20	19975640	19983630	1	1	0
5fe8b5b3-2251-5dd3-a7b3-8d72c4994f59	chr20	19984446	20012682	2	1	1
5fe8b5b3-2251-5dd3-a7b3-8d72c4994f59	chr20	20017118	20434488	3	2	1
5fe8b5b3-2251-5dd3-a7b3-8d72c4994f59	chr20	20435692	21673709	2	1	1
5fe8b5b3-2251-5dd3-a7b3-8d72c4994f59	chr20	21679671	22587304	1	1	0
5fe8b5b3-2251-5dd3-a7b3-8d72c4994f59	chr20	22589264	22701432	2	2	0
5fe8b5b3-2251-5dd3-a7b3-8d72c4994f59	chr20	22702223	24746466	2	1	1
5fe8b5b3-2251-5dd3-a7b3-8d72c4994f59	chr20	24746690	31258478	1	1	0
5fe8b5b3-2251-5dd3-a7b3-8d72c4994f59	chr20	31258500	31693031	4	3	1
5fe8b5b3-2251-5dd3-a7b3-8d72c4994f59	chr20	31694420	31790581	4	4	0
5fe8b5b3-2251-5dd3-a7b3-8d72c4994f59	chr20	31791878	32339195	2	2	0
5fe8b5b3-2251-5dd3-a7b3-8d72c4994f59	chr20	32341244	37321843	1	1	0
5fe8b5b3-2251-5dd3-a7b3-8d72c4994f59	chr20	37324033	42614384	2	1	1
5fe8b5b3-2251-5dd3-a7b3-8d72c4994f59	chr20	42614596	42686142	3	2	1
5fe8b5b3-2251-5dd3-a7b3-8d72c4994f59	chr20	42688542	43554493	2	1	1
5fe8b5b3-2251-5dd3-a7b3-8d72c4994f59	chr20	43556896	55854717	3	2	1
5fe8b5b3-2251-5dd3-a7b3-8d72c4994f59	chr20	55855089	55875326	6	4	2
5fe8b5b3-2251-5dd3-a7b3-8d72c4994f59	chr20	55876382	64324800	3	2	1
5fe8b5b3-2251-5dd3-a7b3-8d72c4994f59	chr21	12973348	46677045	2	1	1
5fe8b5b3-2251-5dd3-a7b3-8d72c4994f59	chr22	16392123	50796027	2	1	1
5fe8b5b3-2251-5dd3-a7b3-8d72c4994f59	chrX	251810	7989760	2	1	1
5fe8b5b3-2251-5dd3-a7b3-8d72c4994f59	chrX	7992689	8392034	3	2	1
5fe8b5b3-2251-5dd3-a7b3-8d72c4994f59	chrX	8393394	32493875	2	1	1
5fe8b5b3-2251-5dd3-a7b3-8d72c4994f59	chrX	32497000	34164894	1	1	0
5fe8b5b3-2251-5dd3-a7b3-8d72c4994f59	chrX	34165655	34284939	2	1	1
5fe8b5b3-2251-5dd3-a7b3-8d72c4994f59	chrX	34288070	35640250	3	2	1
5fe8b5b3-2251-5dd3-a7b3-8d72c4994f59	chrX	35640383	35642671	7	4	3
5fe8b5b3-2251-5dd3-a7b3-8d72c4994f59	chrX	35642965	55522684	3	2	1
5fe8b5b3-2251-5dd3-a7b3-8d72c4994f59	chrX	55522699	56765278	2	1	1
5fe8b5b3-2251-5dd3-a7b3-8d72c4994f59	chrX	56781150	81852967	1	1	0
5fe8b5b3-2251-5dd3-a7b3-8d72c4994f59	chrX	81856791	81875072	3	2	1
5fe8b5b3-2251-5dd3-a7b3-8d72c4994f59	chrX	81875173	156004181	1	1	0
5fe8b5b3-2251-5dd3-a7b3-8d72c4994f59	chrY	2782397	26653788	0	0	0
5fe8b5b3-2251-5dd3-a7b3-8d72c4994f59	chrY	56872112	56872112	2	2	0
