GDC_Aliquot	Chromosome	Start	End	Copy_Number	Major_Copy_Number	Minor_Copy_Number
f3f6eee9-1168-5dfb-a768-113ee687f38c	chr1	62920	25256850	5	3	2
f3f6eee9-1168-5dfb-a768-113ee687f38c	chr1	25266637	25320455	0	0	0
f3f6eee9-1168-5dfb-a768-113ee687f38c	chr1	25336819	48740262	5	3	2
f3f6eee9-1168-5dfb-a768-113ee687f38c	chr1	48740633	71646543	6	3	3
f3f6eee9-1168-5dfb-a768-113ee687f38c	chr1	71648598	71894399	2	2	0
f3f6eee9-1168-5dfb-a768-113ee687f38c	chr1	71902269	99317946	6	3	3
f3f6eee9-1168-5dfb-a768-113ee687f38c	chr1	99318335	101982650	5	3	2
f3f6eee9-1168-5dfb-a768-113ee687f38c	chr1	101987638	108921084	6	3	3
f3f6eee9-1168-5dfb-a768-113ee687f38c	chr1	108926583	121705338	5	3	2
f3f6eee9-1168-5dfb-a768-113ee687f38c	chr1	143541857	152787202	6	4	2
f3f6eee9-1168-5dfb-a768-113ee687f38c	chr1	152789447	152796224	0	0	0
f3f6eee9-1168-5dfb-a768-113ee687f38c	chr1	152801429	204551695	6	4	2
f3f6eee9-1168-5dfb-a768-113ee687f38c	chr1	204554376	245248542	2	2	0
f3f6eee9-1168-5dfb-a768-113ee687f38c	chr1	245250326	245464299	4	4	0
f3f6eee9-1168-5dfb-a768-113ee687f38c	chr1	245473108	248930189	2	2	0
f3f6eee9-1168-5dfb-a768-113ee687f38c	chr2	12784	14526255	4	2	2
f3f6eee9-1168-5dfb-a768-113ee687f38c	chr2	14531874	14935156	2	2	0
f3f6eee9-1168-5dfb-a768-113ee687f38c	chr2	14935697	86538674	4	2	2
f3f6eee9-1168-5dfb-a768-113ee687f38c	chr2	86539161	88118840	5	3	2
f3f6eee9-1168-5dfb-a768-113ee687f38c	chr2	88119029	132431666	4	2	2
f3f6eee9-1168-5dfb-a768-113ee687f38c	chr2	132432925	242147305	2	2	0
f3f6eee9-1168-5dfb-a768-113ee687f38c	chr3	20930	3925783	5	3	2
f3f6eee9-1168-5dfb-a768-113ee687f38c	chr3	3928744	3935472	3	2	1
f3f6eee9-1168-5dfb-a768-113ee687f38c	chr3	3949468	17956817	4	2	2
f3f6eee9-1168-5dfb-a768-113ee687f38c	chr3	17960311	36112491	5	3	2
f3f6eee9-1168-5dfb-a768-113ee687f38c	chr3	36112516	36115371	2	1	1
f3f6eee9-1168-5dfb-a768-113ee687f38c	chr3	36115599	45699406	4	2	2
f3f6eee9-1168-5dfb-a768-113ee687f38c	chr3	45708230	46113349	5	3	2
f3f6eee9-1168-5dfb-a768-113ee687f38c	chr3	46115691	46258902	3	2	1
f3f6eee9-1168-5dfb-a768-113ee687f38c	chr3	46263115	88361441	2	2	0
f3f6eee9-1168-5dfb-a768-113ee687f38c	chr3	88364007	89017994	7	5	2
f3f6eee9-1168-5dfb-a768-113ee687f38c	chr3	89020983	90369509	2	2	0
f3f6eee9-1168-5dfb-a768-113ee687f38c	chr3	90375879	98067184	4	2	2
f3f6eee9-1168-5dfb-a768-113ee687f38c	chr3	98067359	98069005	2	1	1
f3f6eee9-1168-5dfb-a768-113ee687f38c	chr3	98072180	155301127	4	2	2
f3f6eee9-1168-5dfb-a768-113ee687f38c	chr3	155304038	162606507	2	2	0
f3f6eee9-1168-5dfb-a768-113ee687f38c	chr3	162607383	162665844	4	3	1
f3f6eee9-1168-5dfb-a768-113ee687f38c	chr3	162666549	165152346	2	2	0
f3f6eee9-1168-5dfb-a768-113ee687f38c	chr3	165152747	168022405	4	2	2
f3f6eee9-1168-5dfb-a768-113ee687f38c	chr3	168023570	174978814	2	2	0
f3f6eee9-1168-5dfb-a768-113ee687f38c	chr3	174980169	175206839	0	0	0
f3f6eee9-1168-5dfb-a768-113ee687f38c	chr3	175208185	198169247	2	2	0
f3f6eee9-1168-5dfb-a768-113ee687f38c	chr4	68929	483173	6	6	0
f3f6eee9-1168-5dfb-a768-113ee687f38c	chr4	488020	603060	4	4	0
f3f6eee9-1168-5dfb-a768-113ee687f38c	chr4	604299	1143644	1	1	0
f3f6eee9-1168-5dfb-a768-113ee687f38c	chr4	1148720	4527055	3	2	1
f3f6eee9-1168-5dfb-a768-113ee687f38c	chr4	4532852	6819968	6	4	2
f3f6eee9-1168-5dfb-a768-113ee687f38c	chr4	6821814	8287293	3	2	1
f3f6eee9-1168-5dfb-a768-113ee687f38c	chr4	8288080	8526019	6	4	2
f3f6eee9-1168-5dfb-a768-113ee687f38c	chr4	8526241	9389204	4	4	0
f3f6eee9-1168-5dfb-a768-113ee687f38c	chr4	9389545	9407910	2	2	0
f3f6eee9-1168-5dfb-a768-113ee687f38c	chr4	9415909	10696641	1	1	0
f3f6eee9-1168-5dfb-a768-113ee687f38c	chr4	10697532	11091198	3	2	1
f3f6eee9-1168-5dfb-a768-113ee687f38c	chr4	11091217	11571280	1	1	0
f3f6eee9-1168-5dfb-a768-113ee687f38c	chr4	11571763	34777353	3	2	1
f3f6eee9-1168-5dfb-a768-113ee687f38c	chr4	34777382	34817589	0	0	0
f3f6eee9-1168-5dfb-a768-113ee687f38c	chr4	34819718	35966835	3	2	1
f3f6eee9-1168-5dfb-a768-113ee687f38c	chr4	35967126	41043950	4	2	2
f3f6eee9-1168-5dfb-a768-113ee687f38c	chr4	41046297	42250678	3	2	1
f3f6eee9-1168-5dfb-a768-113ee687f38c	chr4	42253034	44188377	4	2	2
f3f6eee9-1168-5dfb-a768-113ee687f38c	chr4	44190233	46809358	3	2	1
f3f6eee9-1168-5dfb-a768-113ee687f38c	chr4	46817789	60108275	4	2	2
f3f6eee9-1168-5dfb-a768-113ee687f38c	chr4	60115737	61853609	2	2	0
f3f6eee9-1168-5dfb-a768-113ee687f38c	chr4	61855849	63619257	1	1	0
f3f6eee9-1168-5dfb-a768-113ee687f38c	chr4	63619329	67341360	4	3	1
f3f6eee9-1168-5dfb-a768-113ee687f38c	chr4	67341445	68000059	2	2	0
f3f6eee9-1168-5dfb-a768-113ee687f38c	chr4	68001000	68971493	5	3	2
f3f6eee9-1168-5dfb-a768-113ee687f38c	chr4	68986667	87538194	2	2	0
f3f6eee9-1168-5dfb-a768-113ee687f38c	chr4	87540750	95961385	3	3	0
f3f6eee9-1168-5dfb-a768-113ee687f38c	chr4	95967331	96697729	4	3	1
f3f6eee9-1168-5dfb-a768-113ee687f38c	chr4	96698131	121506104	2	2	0
f3f6eee9-1168-5dfb-a768-113ee687f38c	chr4	121506709	121894876	3	2	1
f3f6eee9-1168-5dfb-a768-113ee687f38c	chr4	121897989	125630740	2	2	0
f3f6eee9-1168-5dfb-a768-113ee687f38c	chr4	125634448	126371416	4	3	1
f3f6eee9-1168-5dfb-a768-113ee687f38c	chr4	126371491	128664008	2	2	0
f3f6eee9-1168-5dfb-a768-113ee687f38c	chr4	128664584	131685054	4	3	1
f3f6eee9-1168-5dfb-a768-113ee687f38c	chr4	131685812	133401444	5	3	2
f3f6eee9-1168-5dfb-a768-113ee687f38c	chr4	133411396	135897808	2	2	0
f3f6eee9-1168-5dfb-a768-113ee687f38c	chr4	135899932	141543569	3	2	1
f3f6eee9-1168-5dfb-a768-113ee687f38c	chr4	141543692	142546050	2	2	0
f3f6eee9-1168-5dfb-a768-113ee687f38c	chr4	142546246	153939172	4	2	2
f3f6eee9-1168-5dfb-a768-113ee687f38c	chr4	153941000	182927919	5	3	2
f3f6eee9-1168-5dfb-a768-113ee687f38c	chr4	182931990	186451421	4	2	2
f3f6eee9-1168-5dfb-a768-113ee687f38c	chr4	186451495	190106768	5	3	2
f3f6eee9-1168-5dfb-a768-113ee687f38c	chr5	15532	6572245	6	4	2
f3f6eee9-1168-5dfb-a768-113ee687f38c	chr5	6573975	12081448	7	5	2
f3f6eee9-1168-5dfb-a768-113ee687f38c	chr5	12084402	13376809	6	4	2
f3f6eee9-1168-5dfb-a768-113ee687f38c	chr5	13377839	14379354	7	5	2
f3f6eee9-1168-5dfb-a768-113ee687f38c	chr5	14379701	15314314	6	4	2
f3f6eee9-1168-5dfb-a768-113ee687f38c	chr5	15314321	24729572	7	5	2
f3f6eee9-1168-5dfb-a768-113ee687f38c	chr5	24729609	35159380	5	3	2
f3f6eee9-1168-5dfb-a768-113ee687f38c	chr5	35160061	38935391	6	4	2
f3f6eee9-1168-5dfb-a768-113ee687f38c	chr5	38936529	39692230	5	3	2
f3f6eee9-1168-5dfb-a768-113ee687f38c	chr5	39694403	41234541	7	5	2
f3f6eee9-1168-5dfb-a768-113ee687f38c	chr5	41234806	43525472	5	3	2
f3f6eee9-1168-5dfb-a768-113ee687f38c	chr5	43526004	46389171	7	5	2
f3f6eee9-1168-5dfb-a768-113ee687f38c	chr5	50146124	61934232	2	2	0
f3f6eee9-1168-5dfb-a768-113ee687f38c	chr5	61941059	147393516	4	2	2
f3f6eee9-1168-5dfb-a768-113ee687f38c	chr5	147393723	150234219	5	3	2
f3f6eee9-1168-5dfb-a768-113ee687f38c	chr5	150235051	172463926	2	2	0
f3f6eee9-1168-5dfb-a768-113ee687f38c	chr5	172469542	172509928	3	3	0
f3f6eee9-1168-5dfb-a768-113ee687f38c	chr5	172513040	181363319	2	2	0
f3f6eee9-1168-5dfb-a768-113ee687f38c	chr6	149661	25212854	4	2	2
f3f6eee9-1168-5dfb-a768-113ee687f38c	chr6	25213466	33308993	2	2	0
f3f6eee9-1168-5dfb-a768-113ee687f38c	chr6	33334889	46340944	5	3	2
f3f6eee9-1168-5dfb-a768-113ee687f38c	chr6	46345294	97083800	4	2	2
f3f6eee9-1168-5dfb-a768-113ee687f38c	chr6	97085713	100632551	5	3	2
f3f6eee9-1168-5dfb-a768-113ee687f38c	chr6	100636757	100716666	3	2	1
f3f6eee9-1168-5dfb-a768-113ee687f38c	chr6	100718399	101802997	5	3	2
f3f6eee9-1168-5dfb-a768-113ee687f38c	chr6	101804922	170741917	2	2	0
f3f6eee9-1168-5dfb-a768-113ee687f38c	chr7	43259	39748196	4	2	2
f3f6eee9-1168-5dfb-a768-113ee687f38c	chr7	39748209	64074102	2	2	0
f3f6eee9-1168-5dfb-a768-113ee687f38c	chr7	64075823	130343895	3	3	0
f3f6eee9-1168-5dfb-a768-113ee687f38c	chr7	130344082	130360838	6	6	0
f3f6eee9-1168-5dfb-a768-113ee687f38c	chr7	130362476	139606778	3	3	0
f3f6eee9-1168-5dfb-a768-113ee687f38c	chr7	139607479	147320800	4	4	0
f3f6eee9-1168-5dfb-a768-113ee687f38c	chr7	147324366	153923187	3	3	0
f3f6eee9-1168-5dfb-a768-113ee687f38c	chr7	153923824	153938180	6	6	0
f3f6eee9-1168-5dfb-a768-113ee687f38c	chr7	153938555	159262263	3	3	0
f3f6eee9-1168-5dfb-a768-113ee687f38c	chr7	159263012	159334314	2	2	0
f3f6eee9-1168-5dfb-a768-113ee687f38c	chr8	81254	483418	2	2	0
f3f6eee9-1168-5dfb-a768-113ee687f38c	chr8	484668	12816752	4	2	2
f3f6eee9-1168-5dfb-a768-113ee687f38c	chr8	12819193	20276772	5	3	2
f3f6eee9-1168-5dfb-a768-113ee687f38c	chr8	20276866	110968433	4	2	2
f3f6eee9-1168-5dfb-a768-113ee687f38c	chr8	110968728	127301402	5	3	2
f3f6eee9-1168-5dfb-a768-113ee687f38c	chr8	127303337	128776888	4	2	2
f3f6eee9-1168-5dfb-a768-113ee687f38c	chr8	128776922	129347500	5	3	2
f3f6eee9-1168-5dfb-a768-113ee687f38c	chr8	129347846	145072769	3	2	1
f3f6eee9-1168-5dfb-a768-113ee687f38c	chr9	46587	1430163	2	2	0
f3f6eee9-1168-5dfb-a768-113ee687f38c	chr9	1430627	29934087	4	2	2
f3f6eee9-1168-5dfb-a768-113ee687f38c	chr9	29934165	30015538	5	3	2
f3f6eee9-1168-5dfb-a768-113ee687f38c	chr9	30018158	41741113	4	2	2
f3f6eee9-1168-5dfb-a768-113ee687f38c	chr9	60863881	72520532	5	4	1
f3f6eee9-1168-5dfb-a768-113ee687f38c	chr9	72520909	72781122	4	2	2
f3f6eee9-1168-5dfb-a768-113ee687f38c	chr9	72783825	74054836	6	4	2
f3f6eee9-1168-5dfb-a768-113ee687f38c	chr9	74057040	78067953	4	2	2
f3f6eee9-1168-5dfb-a768-113ee687f38c	chr9	78069924	78141176	6	4	2
f3f6eee9-1168-5dfb-a768-113ee687f38c	chr9	78141452	80542451	4	2	2
f3f6eee9-1168-5dfb-a768-113ee687f38c	chr9	80542725	80862227	7	5	2
f3f6eee9-1168-5dfb-a768-113ee687f38c	chr9	80862416	82746642	4	2	2
f3f6eee9-1168-5dfb-a768-113ee687f38c	chr9	82746746	83015719	6	4	2
f3f6eee9-1168-5dfb-a768-113ee687f38c	chr9	83016802	86774619	3	2	1
f3f6eee9-1168-5dfb-a768-113ee687f38c	chr9	86779307	87007381	6	4	2
f3f6eee9-1168-5dfb-a768-113ee687f38c	chr9	87007607	95144038	3	2	1
f3f6eee9-1168-5dfb-a768-113ee687f38c	chr9	95144346	95357588	6	4	2
f3f6eee9-1168-5dfb-a768-113ee687f38c	chr9	95358026	138200944	3	2	1
f3f6eee9-1168-5dfb-a768-113ee687f38c	chr10	45792	4072823	4	2	2
f3f6eee9-1168-5dfb-a768-113ee687f38c	chr10	4072859	5971009	7	5	2
f3f6eee9-1168-5dfb-a768-113ee687f38c	chr10	5979359	6942516	5	3	2
f3f6eee9-1168-5dfb-a768-113ee687f38c	chr10	6945980	7618420	8	6	2
f3f6eee9-1168-5dfb-a768-113ee687f38c	chr10	7618503	8744811	6	4	2
f3f6eee9-1168-5dfb-a768-113ee687f38c	chr10	8744863	9066555	3	2	1
f3f6eee9-1168-5dfb-a768-113ee687f38c	chr10	9066580	9469547	7	5	2
f3f6eee9-1168-5dfb-a768-113ee687f38c	chr10	9470129	9695532	5	3	2
f3f6eee9-1168-5dfb-a768-113ee687f38c	chr10	9696312	12499857	6	4	2
f3f6eee9-1168-5dfb-a768-113ee687f38c	chr10	12502239	17491286	9	7	2
f3f6eee9-1168-5dfb-a768-113ee687f38c	chr10	17492159	18650553	6	4	2
f3f6eee9-1168-5dfb-a768-113ee687f38c	chr10	18655757	18749336	8	6	2
f3f6eee9-1168-5dfb-a768-113ee687f38c	chr10	18749721	18887502	5	3	2
f3f6eee9-1168-5dfb-a768-113ee687f38c	chr10	18890461	19829015	8	6	2
f3f6eee9-1168-5dfb-a768-113ee687f38c	chr10	19829435	22652044	7	5	2
f3f6eee9-1168-5dfb-a768-113ee687f38c	chr10	22652108	26534116	3	2	1
f3f6eee9-1168-5dfb-a768-113ee687f38c	chr10	26534340	46174452	4	2	2
f3f6eee9-1168-5dfb-a768-113ee687f38c	chr10	46174655	46526086	7	5	2
f3f6eee9-1168-5dfb-a768-113ee687f38c	chr10	46526248	51070875	4	2	2
f3f6eee9-1168-5dfb-a768-113ee687f38c	chr10	51071244	52181315	5	3	2
f3f6eee9-1168-5dfb-a768-113ee687f38c	chr10	52183409	56921298	4	2	2
f3f6eee9-1168-5dfb-a768-113ee687f38c	chr10	56921343	58868743	5	3	2
f3f6eee9-1168-5dfb-a768-113ee687f38c	chr10	58869870	60310892	4	2	2
f3f6eee9-1168-5dfb-a768-113ee687f38c	chr10	60310995	60899130	5	3	2
f3f6eee9-1168-5dfb-a768-113ee687f38c	chr10	60899133	69057238	4	2	2
f3f6eee9-1168-5dfb-a768-113ee687f38c	chr10	69057413	73758981	5	3	2
f3f6eee9-1168-5dfb-a768-113ee687f38c	chr10	73765001	83773742	3	2	1
f3f6eee9-1168-5dfb-a768-113ee687f38c	chr10	83773996	84057389	5	3	2
f3f6eee9-1168-5dfb-a768-113ee687f38c	chr10	84058488	85925327	3	2	1
f3f6eee9-1168-5dfb-a768-113ee687f38c	chr10	85925984	91498125	5	3	2
f3f6eee9-1168-5dfb-a768-113ee687f38c	chr10	91502858	126192853	3	2	1
f3f6eee9-1168-5dfb-a768-113ee687f38c	chr10	126193449	126353305	5	3	2
f3f6eee9-1168-5dfb-a768-113ee687f38c	chr10	126354967	130448088	3	2	1
f3f6eee9-1168-5dfb-a768-113ee687f38c	chr10	130449900	132489915	5	3	2
f3f6eee9-1168-5dfb-a768-113ee687f38c	chr10	132490228	133654968	4	3	1
f3f6eee9-1168-5dfb-a768-113ee687f38c	chr11	198510	78035023	3	2	1
f3f6eee9-1168-5dfb-a768-113ee687f38c	chr11	78035072	78044064	1	1	0
f3f6eee9-1168-5dfb-a768-113ee687f38c	chr11	78044851	80874704	3	2	1
f3f6eee9-1168-5dfb-a768-113ee687f38c	chr11	80875114	80946347	2	2	0
f3f6eee9-1168-5dfb-a768-113ee687f38c	chr11	80947734	84177196	3	2	1
f3f6eee9-1168-5dfb-a768-113ee687f38c	chr11	84177533	84400341	1	1	0
f3f6eee9-1168-5dfb-a768-113ee687f38c	chr11	84400602	84433056	0	0	0
f3f6eee9-1168-5dfb-a768-113ee687f38c	chr11	84435099	84483796	1	1	0
f3f6eee9-1168-5dfb-a768-113ee687f38c	chr11	84486552	97304226	3	2	1
f3f6eee9-1168-5dfb-a768-113ee687f38c	chr11	97304232	98155089	6	5	1
f3f6eee9-1168-5dfb-a768-113ee687f38c	chr11	98155418	98953894	3	2	1
f3f6eee9-1168-5dfb-a768-113ee687f38c	chr11	98954634	99341517	6	5	1
f3f6eee9-1168-5dfb-a768-113ee687f38c	chr11	99341609	135074876	3	2	1
f3f6eee9-1168-5dfb-a768-113ee687f38c	chr12	51460	954253	10	10	0
f3f6eee9-1168-5dfb-a768-113ee687f38c	chr12	955272	1620182	10	9	1
f3f6eee9-1168-5dfb-a768-113ee687f38c	chr12	1620469	14732793	4	2	2
f3f6eee9-1168-5dfb-a768-113ee687f38c	chr12	14733001	23619660	5	3	2
f3f6eee9-1168-5dfb-a768-113ee687f38c	chr12	23622469	48337092	4	2	2
f3f6eee9-1168-5dfb-a768-113ee687f38c	chr12	48339301	48364498	7	4	3
f3f6eee9-1168-5dfb-a768-113ee687f38c	chr12	48364596	131573333	4	2	2
f3f6eee9-1168-5dfb-a768-113ee687f38c	chr12	131573484	131792155	6	4	2
f3f6eee9-1168-5dfb-a768-113ee687f38c	chr12	131793417	131988869	4	2	2
f3f6eee9-1168-5dfb-a768-113ee687f38c	chr12	131994547	132282089	5	3	2
f3f6eee9-1168-5dfb-a768-113ee687f38c	chr12	132310804	133201603	1	1	0
f3f6eee9-1168-5dfb-a768-113ee687f38c	chr13	18452809	114342922	2	2	0
f3f6eee9-1168-5dfb-a768-113ee687f38c	chr14	18239283	21334420	6	4	2
f3f6eee9-1168-5dfb-a768-113ee687f38c	chr14	21339640	21463123	5	4	1
f3f6eee9-1168-5dfb-a768-113ee687f38c	chr14	21468686	106877229	6	4	2
f3f6eee9-1168-5dfb-a768-113ee687f38c	chr15	19811075	101928837	3	2	1
f3f6eee9-1168-5dfb-a768-113ee687f38c	chr16	10777	16200861	2	2	0
f3f6eee9-1168-5dfb-a768-113ee687f38c	chr16	16201950	65922951	4	2	2
f3f6eee9-1168-5dfb-a768-113ee687f38c	chr16	65923436	72783082	3	2	1
f3f6eee9-1168-5dfb-a768-113ee687f38c	chr16	72800064	72926728	1	1	0
f3f6eee9-1168-5dfb-a768-113ee687f38c	chr16	72926943	80520006	4	2	2
f3f6eee9-1168-5dfb-a768-113ee687f38c	chr16	80521051	90096867	3	2	1
f3f6eee9-1168-5dfb-a768-113ee687f38c	chr17	150733	8094181	3	3	0
f3f6eee9-1168-5dfb-a768-113ee687f38c	chr17	8094287	10591281	5	5	0
f3f6eee9-1168-5dfb-a768-113ee687f38c	chr17	10591928	11333384	7	7	0
f3f6eee9-1168-5dfb-a768-113ee687f38c	chr17	11333474	13587561	5	5	0
f3f6eee9-1168-5dfb-a768-113ee687f38c	chr17	13587631	15185093	2	2	0
f3f6eee9-1168-5dfb-a768-113ee687f38c	chr17	15190863	17520567	10	9	1
f3f6eee9-1168-5dfb-a768-113ee687f38c	chr17	17521246	19283031	7	6	1
f3f6eee9-1168-5dfb-a768-113ee687f38c	chr17	19283709	22191101	9	7	2
f3f6eee9-1168-5dfb-a768-113ee687f38c	chr17	22191121	29485207	4	2	2
f3f6eee9-1168-5dfb-a768-113ee687f38c	chr17	29486014	34220317	5	3	2
f3f6eee9-1168-5dfb-a768-113ee687f38c	chr17	34221498	46135062	4	2	2
f3f6eee9-1168-5dfb-a768-113ee687f38c	chr17	46135838	46215389	3	2	1
f3f6eee9-1168-5dfb-a768-113ee687f38c	chr17	46218468	47315663	5	3	2
f3f6eee9-1168-5dfb-a768-113ee687f38c	chr17	47316299	64411943	3	3	0
f3f6eee9-1168-5dfb-a768-113ee687f38c	chr17	64412906	65077238	4	3	1
f3f6eee9-1168-5dfb-a768-113ee687f38c	chr17	65083792	65305085	10	8	2
f3f6eee9-1168-5dfb-a768-113ee687f38c	chr17	65305419	67782457	5	3	2
f3f6eee9-1168-5dfb-a768-113ee687f38c	chr17	67784234	68029767	9	9	0
f3f6eee9-1168-5dfb-a768-113ee687f38c	chr17	68041227	68153082	0	0	0
f3f6eee9-1168-5dfb-a768-113ee687f38c	chr17	68154085	73399034	1	1	0
f3f6eee9-1168-5dfb-a768-113ee687f38c	chr17	73399567	73449494	9	8	1
f3f6eee9-1168-5dfb-a768-113ee687f38c	chr17	73450084	73860625	4	3	1
f3f6eee9-1168-5dfb-a768-113ee687f38c	chr17	73867346	74286764	12	12	0
f3f6eee9-1168-5dfb-a768-113ee687f38c	chr17	74286983	75248953	4	3	1
f3f6eee9-1168-5dfb-a768-113ee687f38c	chr17	75256972	76660156	8	7	1
f3f6eee9-1168-5dfb-a768-113ee687f38c	chr17	76667364	76867813	3	2	1
f3f6eee9-1168-5dfb-a768-113ee687f38c	chr17	76867904	81418886	8	7	1
f3f6eee9-1168-5dfb-a768-113ee687f38c	chr17	81418901	83091923	6	5	1
f3f6eee9-1168-5dfb-a768-113ee687f38c	chr18	48133	15402409	2	2	0
f3f6eee9-1168-5dfb-a768-113ee687f38c	chr18	20949392	36344918	4	2	2
f3f6eee9-1168-5dfb-a768-113ee687f38c	chr18	36345792	62814468	3	2	1
f3f6eee9-1168-5dfb-a768-113ee687f38c	chr18	62828287	80257174	4	2	2
f3f6eee9-1168-5dfb-a768-113ee687f38c	chr19	90910	47731099	3	2	1
f3f6eee9-1168-5dfb-a768-113ee687f38c	chr19	47738213	47768127	5	3	2
f3f6eee9-1168-5dfb-a768-113ee687f38c	chr19	47775578	58586487	3	2	1
f3f6eee9-1168-5dfb-a768-113ee687f38c	chr20	80664	36133633	3	2	1
f3f6eee9-1168-5dfb-a768-113ee687f38c	chr20	36138183	61701338	4	2	2
f3f6eee9-1168-5dfb-a768-113ee687f38c	chr20	61701511	64324800	3	2	1
f3f6eee9-1168-5dfb-a768-113ee687f38c	chr21	12973348	46677045	3	2	1
f3f6eee9-1168-5dfb-a768-113ee687f38c	chr22	16392123	16777423	9	7	2
f3f6eee9-1168-5dfb-a768-113ee687f38c	chr22	16777841	17289291	8	6	2
f3f6eee9-1168-5dfb-a768-113ee687f38c	chr22	17300145	20167669	4	2	2
f3f6eee9-1168-5dfb-a768-113ee687f38c	chr22	20174409	20309017	3	2	1
f3f6eee9-1168-5dfb-a768-113ee687f38c	chr22	20317011	42605604	4	2	2
f3f6eee9-1168-5dfb-a768-113ee687f38c	chr22	42611921	42626687	3	3	0
f3f6eee9-1168-5dfb-a768-113ee687f38c	chr22	42627816	47813259	2	2	0
f3f6eee9-1168-5dfb-a768-113ee687f38c	chr22	47813460	48064872	3	3	0
f3f6eee9-1168-5dfb-a768-113ee687f38c	chr22	48067771	48176161	2	2	0
f3f6eee9-1168-5dfb-a768-113ee687f38c	chr22	48180051	48498580	0	0	0
f3f6eee9-1168-5dfb-a768-113ee687f38c	chr22	48499460	50796027	1	1	0
f3f6eee9-1168-5dfb-a768-113ee687f38c	chrX	251810	2377218	5	3	2
f3f6eee9-1168-5dfb-a768-113ee687f38c	chrX	2387078	2473305	4	2	2
f3f6eee9-1168-5dfb-a768-113ee687f38c	chrX	2474297	2740258	5	3	2
f3f6eee9-1168-5dfb-a768-113ee687f38c	chrX	2740275	2776199	4	2	2
f3f6eee9-1168-5dfb-a768-113ee687f38c	chrX	2785350	58259304	2	2	0
f3f6eee9-1168-5dfb-a768-113ee687f38c	chrX	58259796	156004181	1	1	0
f3f6eee9-1168-5dfb-a768-113ee687f38c	chrY	2782397	26653788	4	3	1
f3f6eee9-1168-5dfb-a768-113ee687f38c	chrY	56872112	56872112	3	3	0
