GDC_Aliquot	Chromosome	Start	End	Copy_Number	Major_Copy_Number	Minor_Copy_Number
366c488a-cfe1-5b31-b34a-50d1eb75756e	chr1	62920	1958847	1	1	0
366c488a-cfe1-5b31-b34a-50d1eb75756e	chr1	1959113	4009627	3	2	1
366c488a-cfe1-5b31-b34a-50d1eb75756e	chr1	4013004	4375615	2	1	1
366c488a-cfe1-5b31-b34a-50d1eb75756e	chr1	4375961	9104074	3	2	1
366c488a-cfe1-5b31-b34a-50d1eb75756e	chr1	9106285	11900776	2	1	1
366c488a-cfe1-5b31-b34a-50d1eb75756e	chr1	11909975	12158991	3	2	1
366c488a-cfe1-5b31-b34a-50d1eb75756e	chr1	12162491	13475756	2	1	1
366c488a-cfe1-5b31-b34a-50d1eb75756e	chr1	13475857	14874691	3	2	1
366c488a-cfe1-5b31-b34a-50d1eb75756e	chr1	14875708	66614693	2	1	1
366c488a-cfe1-5b31-b34a-50d1eb75756e	chr1	66616683	66672355	1	1	0
366c488a-cfe1-5b31-b34a-50d1eb75756e	chr1	66673739	121705338	2	1	1
366c488a-cfe1-5b31-b34a-50d1eb75756e	chr1	143541857	176357228	3	2	1
366c488a-cfe1-5b31-b34a-50d1eb75756e	chr1	176361730	182061111	2	1	1
366c488a-cfe1-5b31-b34a-50d1eb75756e	chr1	182061558	182904032	1	1	0
366c488a-cfe1-5b31-b34a-50d1eb75756e	chr1	182905678	183847132	2	1	1
366c488a-cfe1-5b31-b34a-50d1eb75756e	chr1	183847882	188715487	3	2	1
366c488a-cfe1-5b31-b34a-50d1eb75756e	chr1	188721753	232673087	1	1	0
366c488a-cfe1-5b31-b34a-50d1eb75756e	chr1	232677781	233618743	2	1	1
366c488a-cfe1-5b31-b34a-50d1eb75756e	chr1	233621799	234759299	3	2	1
366c488a-cfe1-5b31-b34a-50d1eb75756e	chr1	234760165	235028243	2	1	1
366c488a-cfe1-5b31-b34a-50d1eb75756e	chr1	235029937	236538439	3	2	1
366c488a-cfe1-5b31-b34a-50d1eb75756e	chr1	236546688	248930189	1	1	0
366c488a-cfe1-5b31-b34a-50d1eb75756e	chr2	12784	94703691	2	1	1
366c488a-cfe1-5b31-b34a-50d1eb75756e	chr2	94706535	98175573	1	1	0
366c488a-cfe1-5b31-b34a-50d1eb75756e	chr2	98176848	102595949	2	1	1
366c488a-cfe1-5b31-b34a-50d1eb75756e	chr2	102596281	113836413	1	1	0
366c488a-cfe1-5b31-b34a-50d1eb75756e	chr2	113836522	115030977	2	1	1
366c488a-cfe1-5b31-b34a-50d1eb75756e	chr2	115032076	118820001	1	1	0
366c488a-cfe1-5b31-b34a-50d1eb75756e	chr2	118820022	119118277	2	1	1
366c488a-cfe1-5b31-b34a-50d1eb75756e	chr2	119118859	126608179	1	1	0
366c488a-cfe1-5b31-b34a-50d1eb75756e	chr2	126610853	127201018	2	1	1
366c488a-cfe1-5b31-b34a-50d1eb75756e	chr2	127203207	127391628	3	2	1
366c488a-cfe1-5b31-b34a-50d1eb75756e	chr2	127394758	129991896	2	1	1
366c488a-cfe1-5b31-b34a-50d1eb75756e	chr2	129995800	133770509	1	1	0
366c488a-cfe1-5b31-b34a-50d1eb75756e	chr2	133771383	134510980	2	1	1
366c488a-cfe1-5b31-b34a-50d1eb75756e	chr2	134514561	142831931	1	1	0
366c488a-cfe1-5b31-b34a-50d1eb75756e	chr2	142834540	142842593	2	2	0
366c488a-cfe1-5b31-b34a-50d1eb75756e	chr2	142842597	142843666	1	1	0
366c488a-cfe1-5b31-b34a-50d1eb75756e	chr2	142844934	144502693	2	1	1
366c488a-cfe1-5b31-b34a-50d1eb75756e	chr2	144509675	145064813	3	2	1
366c488a-cfe1-5b31-b34a-50d1eb75756e	chr2	145064989	147349156	2	1	1
366c488a-cfe1-5b31-b34a-50d1eb75756e	chr2	147349511	148583133	1	1	0
366c488a-cfe1-5b31-b34a-50d1eb75756e	chr2	148586835	149119000	2	1	1
366c488a-cfe1-5b31-b34a-50d1eb75756e	chr2	149119514	149135892	2	2	0
366c488a-cfe1-5b31-b34a-50d1eb75756e	chr2	149137641	149635307	1	1	0
366c488a-cfe1-5b31-b34a-50d1eb75756e	chr2	149635723	151482605	2	1	1
366c488a-cfe1-5b31-b34a-50d1eb75756e	chr2	151484171	152469364	1	1	0
366c488a-cfe1-5b31-b34a-50d1eb75756e	chr2	152475375	153560618	2	1	1
366c488a-cfe1-5b31-b34a-50d1eb75756e	chr2	153568701	196311371	1	1	0
366c488a-cfe1-5b31-b34a-50d1eb75756e	chr2	196324078	196545122	2	1	1
366c488a-cfe1-5b31-b34a-50d1eb75756e	chr2	196545682	206920220	1	1	0
366c488a-cfe1-5b31-b34a-50d1eb75756e	chr2	206921188	206976956	2	2	0
366c488a-cfe1-5b31-b34a-50d1eb75756e	chr2	206977296	211158143	1	1	0
366c488a-cfe1-5b31-b34a-50d1eb75756e	chr2	211162206	211173950	0	0	0
366c488a-cfe1-5b31-b34a-50d1eb75756e	chr2	211174834	239891926	1	1	0
366c488a-cfe1-5b31-b34a-50d1eb75756e	chr2	239892262	240323079	2	1	1
366c488a-cfe1-5b31-b34a-50d1eb75756e	chr2	240326494	240866434	1	1	0
366c488a-cfe1-5b31-b34a-50d1eb75756e	chr2	240870998	242147305	2	1	1
366c488a-cfe1-5b31-b34a-50d1eb75756e	chr3	20930	782437	0	0	0
366c488a-cfe1-5b31-b34a-50d1eb75756e	chr3	782465	73349052	1	1	0
366c488a-cfe1-5b31-b34a-50d1eb75756e	chr3	73349532	73363367	2	2	0
366c488a-cfe1-5b31-b34a-50d1eb75756e	chr3	73363448	85615018	1	1	0
366c488a-cfe1-5b31-b34a-50d1eb75756e	chr3	85615382	85715759	3	2	1
366c488a-cfe1-5b31-b34a-50d1eb75756e	chr3	85716875	88847049	1	1	0
366c488a-cfe1-5b31-b34a-50d1eb75756e	chr3	88847098	88933037	3	2	1
366c488a-cfe1-5b31-b34a-50d1eb75756e	chr3	88936001	90315775	1	1	0
366c488a-cfe1-5b31-b34a-50d1eb75756e	chr3	90316083	98047931	2	1	1
366c488a-cfe1-5b31-b34a-50d1eb75756e	chr3	98048338	98068497	1	1	0
366c488a-cfe1-5b31-b34a-50d1eb75756e	chr3	98068842	195795450	2	1	1
366c488a-cfe1-5b31-b34a-50d1eb75756e	chr3	195799712	197022537	3	2	1
366c488a-cfe1-5b31-b34a-50d1eb75756e	chr3	197025047	198169247	2	1	1
366c488a-cfe1-5b31-b34a-50d1eb75756e	chr4	68929	17283509	1	1	0
366c488a-cfe1-5b31-b34a-50d1eb75756e	chr4	17287921	17289161	0	0	0
366c488a-cfe1-5b31-b34a-50d1eb75756e	chr4	17289256	104570107	1	1	0
366c488a-cfe1-5b31-b34a-50d1eb75756e	chr4	104570214	104580942	2	2	0
366c488a-cfe1-5b31-b34a-50d1eb75756e	chr4	104586517	190106768	1	1	0
366c488a-cfe1-5b31-b34a-50d1eb75756e	chr5	15532	58882059	1	1	0
366c488a-cfe1-5b31-b34a-50d1eb75756e	chr5	58882256	58907103	2	2	0
366c488a-cfe1-5b31-b34a-50d1eb75756e	chr5	58907410	80976981	1	1	0
366c488a-cfe1-5b31-b34a-50d1eb75756e	chr5	80979650	88017456	2	1	1
366c488a-cfe1-5b31-b34a-50d1eb75756e	chr5	88017591	151084045	1	1	0
366c488a-cfe1-5b31-b34a-50d1eb75756e	chr5	151084134	151102036	2	2	0
366c488a-cfe1-5b31-b34a-50d1eb75756e	chr5	151103534	181363319	1	1	0
366c488a-cfe1-5b31-b34a-50d1eb75756e	chr6	149661	54844894	2	1	1
366c488a-cfe1-5b31-b34a-50d1eb75756e	chr6	54844997	54987314	3	2	1
366c488a-cfe1-5b31-b34a-50d1eb75756e	chr6	54992409	60351931	2	1	1
366c488a-cfe1-5b31-b34a-50d1eb75756e	chr6	60352984	170741917	1	1	0
366c488a-cfe1-5b31-b34a-50d1eb75756e	chr7	43259	665647	3	2	1
366c488a-cfe1-5b31-b34a-50d1eb75756e	chr7	669137	4451012	2	1	1
366c488a-cfe1-5b31-b34a-50d1eb75756e	chr7	4451223	6399878	3	2	1
366c488a-cfe1-5b31-b34a-50d1eb75756e	chr7	6404183	42227972	2	1	1
366c488a-cfe1-5b31-b34a-50d1eb75756e	chr7	42230723	42248034	3	2	1
366c488a-cfe1-5b31-b34a-50d1eb75756e	chr7	42251897	50144474	2	1	1
366c488a-cfe1-5b31-b34a-50d1eb75756e	chr7	50146782	50286099	3	2	1
366c488a-cfe1-5b31-b34a-50d1eb75756e	chr7	50286121	62553951	2	1	1
366c488a-cfe1-5b31-b34a-50d1eb75756e	chr7	62559778	64232576	3	3	0
366c488a-cfe1-5b31-b34a-50d1eb75756e	chr7	64237817	64365438	4	4	0
366c488a-cfe1-5b31-b34a-50d1eb75756e	chr7	64369591	78563026	2	2	0
366c488a-cfe1-5b31-b34a-50d1eb75756e	chr7	78563812	78784113	0	0	0
366c488a-cfe1-5b31-b34a-50d1eb75756e	chr7	78796967	159334314	2	2	0
366c488a-cfe1-5b31-b34a-50d1eb75756e	chr8	81254	7080377	2	2	0
366c488a-cfe1-5b31-b34a-50d1eb75756e	chr8	7082704	7185818	0	0	0
366c488a-cfe1-5b31-b34a-50d1eb75756e	chr8	7296545	20251981	2	2	0
366c488a-cfe1-5b31-b34a-50d1eb75756e	chr8	20252298	20276772	3	3	0
366c488a-cfe1-5b31-b34a-50d1eb75756e	chr8	20276866	24968433	2	2	0
366c488a-cfe1-5b31-b34a-50d1eb75756e	chr8	24968997	30920635	1	1	0
366c488a-cfe1-5b31-b34a-50d1eb75756e	chr8	30921597	38613677	2	2	0
366c488a-cfe1-5b31-b34a-50d1eb75756e	chr8	38616057	39115658	3	3	0
366c488a-cfe1-5b31-b34a-50d1eb75756e	chr8	39117378	39600811	2	2	0
366c488a-cfe1-5b31-b34a-50d1eb75756e	chr8	39600835	42434987	3	3	0
366c488a-cfe1-5b31-b34a-50d1eb75756e	chr8	42435369	43121404	2	2	0
366c488a-cfe1-5b31-b34a-50d1eb75756e	chr8	43122191	45951913	1	1	0
366c488a-cfe1-5b31-b34a-50d1eb75756e	chr8	46000405	46838916	2	1	1
366c488a-cfe1-5b31-b34a-50d1eb75756e	chr8	46841458	46960797	3	2	1
366c488a-cfe1-5b31-b34a-50d1eb75756e	chr8	46961512	47682872	2	1	1
366c488a-cfe1-5b31-b34a-50d1eb75756e	chr8	47690332	48671254	3	2	1
366c488a-cfe1-5b31-b34a-50d1eb75756e	chr8	48671503	50523181	2	2	0
366c488a-cfe1-5b31-b34a-50d1eb75756e	chr8	50526560	50609564	5	4	1
366c488a-cfe1-5b31-b34a-50d1eb75756e	chr8	50610371	65197651	2	2	0
366c488a-cfe1-5b31-b34a-50d1eb75756e	chr8	65198555	65870279	4	2	2
366c488a-cfe1-5b31-b34a-50d1eb75756e	chr8	65882254	66223396	2	2	0
366c488a-cfe1-5b31-b34a-50d1eb75756e	chr8	66224048	66252991	1	1	0
366c488a-cfe1-5b31-b34a-50d1eb75756e	chr8	66257901	66727593	2	2	0
366c488a-cfe1-5b31-b34a-50d1eb75756e	chr8	66730572	67022161	4	4	0
366c488a-cfe1-5b31-b34a-50d1eb75756e	chr8	67022494	87664776	2	2	0
366c488a-cfe1-5b31-b34a-50d1eb75756e	chr8	87666663	88259175	3	2	1
366c488a-cfe1-5b31-b34a-50d1eb75756e	chr8	88260249	111639098	2	2	0
366c488a-cfe1-5b31-b34a-50d1eb75756e	chr8	111639468	111761494	4	3	1
366c488a-cfe1-5b31-b34a-50d1eb75756e	chr8	111763221	123008663	2	2	0
366c488a-cfe1-5b31-b34a-50d1eb75756e	chr8	123008989	129472576	3	3	0
366c488a-cfe1-5b31-b34a-50d1eb75756e	chr8	129473179	132527526	2	2	0
366c488a-cfe1-5b31-b34a-50d1eb75756e	chr8	132528607	135099991	3	3	0
366c488a-cfe1-5b31-b34a-50d1eb75756e	chr8	135100783	135565860	8	5	3
366c488a-cfe1-5b31-b34a-50d1eb75756e	chr8	135565898	136734701	7	4	3
366c488a-cfe1-5b31-b34a-50d1eb75756e	chr8	136735449	144569415	3	3	0
366c488a-cfe1-5b31-b34a-50d1eb75756e	chr8	144575804	145072769	4	3	1
366c488a-cfe1-5b31-b34a-50d1eb75756e	chr9	46587	122565635	1	1	0
366c488a-cfe1-5b31-b34a-50d1eb75756e	chr9	122565866	122571146	0	0	0
366c488a-cfe1-5b31-b34a-50d1eb75756e	chr9	122571214	138200944	1	1	0
366c488a-cfe1-5b31-b34a-50d1eb75756e	chr10	45792	38783090	1	1	0
366c488a-cfe1-5b31-b34a-50d1eb75756e	chr10	42118988	45998155	2	1	1
366c488a-cfe1-5b31-b34a-50d1eb75756e	chr10	46169953	48079560	3	2	1
366c488a-cfe1-5b31-b34a-50d1eb75756e	chr10	48084420	133654968	2	1	1
366c488a-cfe1-5b31-b34a-50d1eb75756e	chr11	198510	4949013	1	1	0
366c488a-cfe1-5b31-b34a-50d1eb75756e	chr11	4949047	4955042	0	0	0
366c488a-cfe1-5b31-b34a-50d1eb75756e	chr11	4955781	54953347	1	1	0
366c488a-cfe1-5b31-b34a-50d1eb75756e	chr11	54990467	78035023	2	1	1
366c488a-cfe1-5b31-b34a-50d1eb75756e	chr11	78035072	78050030	1	1	0
366c488a-cfe1-5b31-b34a-50d1eb75756e	chr11	78050139	87273832	2	1	1
366c488a-cfe1-5b31-b34a-50d1eb75756e	chr11	87274539	87281301	1	1	0
366c488a-cfe1-5b31-b34a-50d1eb75756e	chr11	87282034	135074876	2	1	1
366c488a-cfe1-5b31-b34a-50d1eb75756e	chr12	51460	133201603	2	1	1
366c488a-cfe1-5b31-b34a-50d1eb75756e	chr13	18452809	50789612	1	1	0
366c488a-cfe1-5b31-b34a-50d1eb75756e	chr13	50789856	57679099	2	1	1
366c488a-cfe1-5b31-b34a-50d1eb75756e	chr13	57694113	65662535	1	1	0
366c488a-cfe1-5b31-b34a-50d1eb75756e	chr13	65665775	67048036	2	1	1
366c488a-cfe1-5b31-b34a-50d1eb75756e	chr13	67048797	67474360	1	1	0
366c488a-cfe1-5b31-b34a-50d1eb75756e	chr13	67479044	114342922	2	1	1
366c488a-cfe1-5b31-b34a-50d1eb75756e	chr14	18239283	21527568	3	2	1
366c488a-cfe1-5b31-b34a-50d1eb75756e	chr14	21530624	106877229	2	1	1
366c488a-cfe1-5b31-b34a-50d1eb75756e	chr15	19811075	59434411	1	1	0
366c488a-cfe1-5b31-b34a-50d1eb75756e	chr15	59436284	59538571	2	2	0
366c488a-cfe1-5b31-b34a-50d1eb75756e	chr15	59542641	61814663	1	1	0
366c488a-cfe1-5b31-b34a-50d1eb75756e	chr15	61814694	61829409	2	2	0
366c488a-cfe1-5b31-b34a-50d1eb75756e	chr15	61830096	64966256	1	1	0
366c488a-cfe1-5b31-b34a-50d1eb75756e	chr15	64970778	69795081	2	1	1
366c488a-cfe1-5b31-b34a-50d1eb75756e	chr15	69796724	69843222	1	1	0
366c488a-cfe1-5b31-b34a-50d1eb75756e	chr15	69846911	76598900	2	1	1
366c488a-cfe1-5b31-b34a-50d1eb75756e	chr15	76599170	76603434	0	0	0
366c488a-cfe1-5b31-b34a-50d1eb75756e	chr15	76609838	80985203	2	1	1
366c488a-cfe1-5b31-b34a-50d1eb75756e	chr15	80985393	101928837	3	2	1
366c488a-cfe1-5b31-b34a-50d1eb75756e	chr16	10777	90096867	1	1	0
366c488a-cfe1-5b31-b34a-50d1eb75756e	chr17	150733	8855830	1	1	0
366c488a-cfe1-5b31-b34a-50d1eb75756e	chr17	8859227	26943774	2	1	1
366c488a-cfe1-5b31-b34a-50d1eb75756e	chr17	26947350	46130967	1	1	0
366c488a-cfe1-5b31-b34a-50d1eb75756e	chr17	46131308	46214714	0	0	0
366c488a-cfe1-5b31-b34a-50d1eb75756e	chr17	46214760	55888719	1	1	0
366c488a-cfe1-5b31-b34a-50d1eb75756e	chr17	55888774	56144318	2	1	1
366c488a-cfe1-5b31-b34a-50d1eb75756e	chr17	56145871	63553020	1	1	0
366c488a-cfe1-5b31-b34a-50d1eb75756e	chr17	63554732	82551739	2	1	1
366c488a-cfe1-5b31-b34a-50d1eb75756e	chr17	82551800	83091923	1	1	0
366c488a-cfe1-5b31-b34a-50d1eb75756e	chr18	48133	1604035	2	2	0
366c488a-cfe1-5b31-b34a-50d1eb75756e	chr18	1607582	2565104	1	1	0
366c488a-cfe1-5b31-b34a-50d1eb75756e	chr18	2572057	4971660	2	2	0
366c488a-cfe1-5b31-b34a-50d1eb75756e	chr18	4973590	4985483	1	1	0
366c488a-cfe1-5b31-b34a-50d1eb75756e	chr18	4987699	5012918	2	2	0
366c488a-cfe1-5b31-b34a-50d1eb75756e	chr18	5013859	6051247	1	1	0
366c488a-cfe1-5b31-b34a-50d1eb75756e	chr18	6051636	9851653	2	2	0
366c488a-cfe1-5b31-b34a-50d1eb75756e	chr18	9854304	12947361	1	1	0
366c488a-cfe1-5b31-b34a-50d1eb75756e	chr18	12953137	13246487	2	2	0
366c488a-cfe1-5b31-b34a-50d1eb75756e	chr18	13247483	21702482	1	1	0
366c488a-cfe1-5b31-b34a-50d1eb75756e	chr18	21707999	30340116	2	2	0
366c488a-cfe1-5b31-b34a-50d1eb75756e	chr18	30340278	31590520	3	3	0
366c488a-cfe1-5b31-b34a-50d1eb75756e	chr18	31591434	32478486	4	3	1
366c488a-cfe1-5b31-b34a-50d1eb75756e	chr18	32478862	34260622	3	3	0
366c488a-cfe1-5b31-b34a-50d1eb75756e	chr18	34262316	34880551	4	3	1
366c488a-cfe1-5b31-b34a-50d1eb75756e	chr18	34882281	35536860	3	3	0
366c488a-cfe1-5b31-b34a-50d1eb75756e	chr18	35537811	44470911	4	3	1
366c488a-cfe1-5b31-b34a-50d1eb75756e	chr18	44471300	47599520	3	2	1
366c488a-cfe1-5b31-b34a-50d1eb75756e	chr18	47602550	62425703	2	2	0
366c488a-cfe1-5b31-b34a-50d1eb75756e	chr18	62427455	67871803	3	3	0
366c488a-cfe1-5b31-b34a-50d1eb75756e	chr18	67871891	75075313	5	5	0
366c488a-cfe1-5b31-b34a-50d1eb75756e	chr18	75075430	77073754	4	4	0
366c488a-cfe1-5b31-b34a-50d1eb75756e	chr18	77073856	77354195	3	3	0
366c488a-cfe1-5b31-b34a-50d1eb75756e	chr18	77354977	80058479	4	4	0
366c488a-cfe1-5b31-b34a-50d1eb75756e	chr18	80061248	80257174	5	4	1
366c488a-cfe1-5b31-b34a-50d1eb75756e	chr19	90910	10729810	2	2	0
366c488a-cfe1-5b31-b34a-50d1eb75756e	chr19	10730255	28423495	1	1	0
366c488a-cfe1-5b31-b34a-50d1eb75756e	chr19	28423768	32519982	2	2	0
366c488a-cfe1-5b31-b34a-50d1eb75756e	chr19	32520002	32622807	1	1	0
366c488a-cfe1-5b31-b34a-50d1eb75756e	chr19	32623152	58586487	2	2	0
366c488a-cfe1-5b31-b34a-50d1eb75756e	chr20	80664	14775377	1	1	0
366c488a-cfe1-5b31-b34a-50d1eb75756e	chr20	14775520	14937547	0	0	0
366c488a-cfe1-5b31-b34a-50d1eb75756e	chr20	14940419	43051412	1	1	0
366c488a-cfe1-5b31-b34a-50d1eb75756e	chr20	43057219	43174295	2	1	1
366c488a-cfe1-5b31-b34a-50d1eb75756e	chr20	43177093	64324800	1	1	0
366c488a-cfe1-5b31-b34a-50d1eb75756e	chr21	12973348	28939398	1	1	0
366c488a-cfe1-5b31-b34a-50d1eb75756e	chr21	28949888	32967769	2	1	1
366c488a-cfe1-5b31-b34a-50d1eb75756e	chr21	32970267	33771264	1	1	0
366c488a-cfe1-5b31-b34a-50d1eb75756e	chr21	33779579	46677045	2	1	1
366c488a-cfe1-5b31-b34a-50d1eb75756e	chr22	16392123	50796027	1	1	0
366c488a-cfe1-5b31-b34a-50d1eb75756e	chrX	251810	2653684	2	1	1
366c488a-cfe1-5b31-b34a-50d1eb75756e	chrX	2656935	2670878	1	1	0
366c488a-cfe1-5b31-b34a-50d1eb75756e	chrX	2671220	2775134	2	1	1
366c488a-cfe1-5b31-b34a-50d1eb75756e	chrX	2775583	156004181	1	1	0
366c488a-cfe1-5b31-b34a-50d1eb75756e	chrY	2782397	4030524	3	3	0
366c488a-cfe1-5b31-b34a-50d1eb75756e	chrY	4045348	9811130	2	2	0
366c488a-cfe1-5b31-b34a-50d1eb75756e	chrY	9870332	13458041	0	0	0
366c488a-cfe1-5b31-b34a-50d1eb75756e	chrY	13459070	15437847	2	1	1
366c488a-cfe1-5b31-b34a-50d1eb75756e	chrY	15438081	17192223	2	2	0
366c488a-cfe1-5b31-b34a-50d1eb75756e	chrY	17196064	26653788	0	0	0
366c488a-cfe1-5b31-b34a-50d1eb75756e	chrY	56872112	56872112	11	11	0
