GDC_Aliquot	Chromosome	Start	End	Copy_Number	Major_Copy_Number	Minor_Copy_Number
cf949c11-8afe-53c1-a0f9-9b6127f57cda	chr1	62920	67850408	4	3	1
cf949c11-8afe-53c1-a0f9-9b6127f57cda	chr1	67850739	75243991	7	4	3
cf949c11-8afe-53c1-a0f9-9b6127f57cda	chr1	75244224	75248869	3	2	1
cf949c11-8afe-53c1-a0f9-9b6127f57cda	chr1	75249570	121705338	7	4	3
cf949c11-8afe-53c1-a0f9-9b6127f57cda	chr1	143541857	192609633	4	2	2
cf949c11-8afe-53c1-a0f9-9b6127f57cda	chr1	192609862	192620068	1	1	0
cf949c11-8afe-53c1-a0f9-9b6127f57cda	chr1	192620288	214786652	4	2	2
cf949c11-8afe-53c1-a0f9-9b6127f57cda	chr1	214787106	214800147	8	4	4
cf949c11-8afe-53c1-a0f9-9b6127f57cda	chr1	214801395	234534101	4	2	2
cf949c11-8afe-53c1-a0f9-9b6127f57cda	chr1	234535521	234559442	7	5	2
cf949c11-8afe-53c1-a0f9-9b6127f57cda	chr1	234559777	245851031	4	2	2
cf949c11-8afe-53c1-a0f9-9b6127f57cda	chr1	245851118	248930189	4	3	1
cf949c11-8afe-53c1-a0f9-9b6127f57cda	chr2	12784	3763577	3	2	1
cf949c11-8afe-53c1-a0f9-9b6127f57cda	chr2	3764949	3773662	7	4	3
cf949c11-8afe-53c1-a0f9-9b6127f57cda	chr2	3776231	43119650	3	2	1
cf949c11-8afe-53c1-a0f9-9b6127f57cda	chr2	43119988	43145495	4	3	1
cf949c11-8afe-53c1-a0f9-9b6127f57cda	chr2	43145980	74620765	3	2	1
cf949c11-8afe-53c1-a0f9-9b6127f57cda	chr2	74625331	88833611	4	2	2
cf949c11-8afe-53c1-a0f9-9b6127f57cda	chr2	88834118	89268711	12	12	0
cf949c11-8afe-53c1-a0f9-9b6127f57cda	chr2	89271229	101449482	4	2	2
cf949c11-8afe-53c1-a0f9-9b6127f57cda	chr2	101449543	102344124	5	3	2
cf949c11-8afe-53c1-a0f9-9b6127f57cda	chr2	102348872	108274847	4	2	2
cf949c11-8afe-53c1-a0f9-9b6127f57cda	chr2	108274950	112561332	5	3	2
cf949c11-8afe-53c1-a0f9-9b6127f57cda	chr2	112561349	113280772	4	2	2
cf949c11-8afe-53c1-a0f9-9b6127f57cda	chr2	113283164	137048477	6	4	2
cf949c11-8afe-53c1-a0f9-9b6127f57cda	chr2	137052849	138858309	7	5	2
cf949c11-8afe-53c1-a0f9-9b6127f57cda	chr2	138858354	140256350	8	6	2
cf949c11-8afe-53c1-a0f9-9b6127f57cda	chr2	140261838	141156763	3	2	1
cf949c11-8afe-53c1-a0f9-9b6127f57cda	chr2	141157666	141320315	5	4	1
cf949c11-8afe-53c1-a0f9-9b6127f57cda	chr2	141320434	141353614	4	3	1
cf949c11-8afe-53c1-a0f9-9b6127f57cda	chr2	141354349	141472623	1	1	0
cf949c11-8afe-53c1-a0f9-9b6127f57cda	chr2	141472995	141496550	0	0	0
cf949c11-8afe-53c1-a0f9-9b6127f57cda	chr2	141497227	145587602	4	3	1
cf949c11-8afe-53c1-a0f9-9b6127f57cda	chr2	145588717	149746553	3	2	1
cf949c11-8afe-53c1-a0f9-9b6127f57cda	chr2	149746710	149751614	7	4	3
cf949c11-8afe-53c1-a0f9-9b6127f57cda	chr2	149753407	154361936	3	2	1
cf949c11-8afe-53c1-a0f9-9b6127f57cda	chr2	154366359	154401022	6	4	2
cf949c11-8afe-53c1-a0f9-9b6127f57cda	chr2	154405807	211787102	3	2	1
cf949c11-8afe-53c1-a0f9-9b6127f57cda	chr2	211787713	211870614	0	0	0
cf949c11-8afe-53c1-a0f9-9b6127f57cda	chr2	211871865	216849902	3	2	1
cf949c11-8afe-53c1-a0f9-9b6127f57cda	chr2	216850225	221040170	4	3	1
cf949c11-8afe-53c1-a0f9-9b6127f57cda	chr2	221040229	224462666	3	2	1
cf949c11-8afe-53c1-a0f9-9b6127f57cda	chr2	224462855	225182404	4	3	1
cf949c11-8afe-53c1-a0f9-9b6127f57cda	chr2	225182460	236519763	3	2	1
cf949c11-8afe-53c1-a0f9-9b6127f57cda	chr2	236520946	240569342	4	3	1
cf949c11-8afe-53c1-a0f9-9b6127f57cda	chr2	240569381	242147305	2	1	1
cf949c11-8afe-53c1-a0f9-9b6127f57cda	chr3	20930	69429678	2	2	0
cf949c11-8afe-53c1-a0f9-9b6127f57cda	chr3	69431887	71823512	3	3	0
cf949c11-8afe-53c1-a0f9-9b6127f57cda	chr3	71825309	75390630	2	2	0
cf949c11-8afe-53c1-a0f9-9b6127f57cda	chr3	75392096	75904323	3	3	0
cf949c11-8afe-53c1-a0f9-9b6127f57cda	chr3	75904354	94272356	2	2	0
cf949c11-8afe-53c1-a0f9-9b6127f57cda	chr3	94278565	94715970	0	0	0
cf949c11-8afe-53c1-a0f9-9b6127f57cda	chr3	94726136	95291460	2	2	0
cf949c11-8afe-53c1-a0f9-9b6127f57cda	chr3	95293489	95327126	0	0	0
cf949c11-8afe-53c1-a0f9-9b6127f57cda	chr3	95327821	95355517	2	1	1
cf949c11-8afe-53c1-a0f9-9b6127f57cda	chr3	95360148	96794315	0	0	0
cf949c11-8afe-53c1-a0f9-9b6127f57cda	chr3	96796149	96811508	4	4	0
cf949c11-8afe-53c1-a0f9-9b6127f57cda	chr3	96815753	97748433	0	0	0
cf949c11-8afe-53c1-a0f9-9b6127f57cda	chr3	97755786	106705246	2	2	0
cf949c11-8afe-53c1-a0f9-9b6127f57cda	chr3	106705381	108379115	3	2	1
cf949c11-8afe-53c1-a0f9-9b6127f57cda	chr3	108381426	109328344	2	2	0
cf949c11-8afe-53c1-a0f9-9b6127f57cda	chr3	109329700	109700112	5	4	1
cf949c11-8afe-53c1-a0f9-9b6127f57cda	chr3	109700874	110284809	2	2	0
cf949c11-8afe-53c1-a0f9-9b6127f57cda	chr3	110290884	110517722	0	0	0
cf949c11-8afe-53c1-a0f9-9b6127f57cda	chr3	110517944	110563426	1	1	0
cf949c11-8afe-53c1-a0f9-9b6127f57cda	chr3	110566006	111543236	0	0	0
cf949c11-8afe-53c1-a0f9-9b6127f57cda	chr3	111543365	114234906	2	2	0
cf949c11-8afe-53c1-a0f9-9b6127f57cda	chr3	114239545	115451303	0	0	0
cf949c11-8afe-53c1-a0f9-9b6127f57cda	chr3	115451599	116652832	1	1	0
cf949c11-8afe-53c1-a0f9-9b6127f57cda	chr3	116653835	116774159	0	0	0
cf949c11-8afe-53c1-a0f9-9b6127f57cda	chr3	116775038	116808854	2	2	0
cf949c11-8afe-53c1-a0f9-9b6127f57cda	chr3	116808908	117234207	0	0	0
cf949c11-8afe-53c1-a0f9-9b6127f57cda	chr3	117239160	149335166	2	2	0
cf949c11-8afe-53c1-a0f9-9b6127f57cda	chr3	149337105	159481730	5	5	0
cf949c11-8afe-53c1-a0f9-9b6127f57cda	chr3	159484134	171571227	3	3	0
cf949c11-8afe-53c1-a0f9-9b6127f57cda	chr3	171571457	175176193	2	2	0
cf949c11-8afe-53c1-a0f9-9b6127f57cda	chr3	175176776	177340359	3	3	0
cf949c11-8afe-53c1-a0f9-9b6127f57cda	chr3	177345484	187966522	2	2	0
cf949c11-8afe-53c1-a0f9-9b6127f57cda	chr3	187966552	195826313	3	3	0
cf949c11-8afe-53c1-a0f9-9b6127f57cda	chr3	195826388	198169247	4	4	0
cf949c11-8afe-53c1-a0f9-9b6127f57cda	chr4	68929	3715854	4	2	2
cf949c11-8afe-53c1-a0f9-9b6127f57cda	chr4	3717299	3742284	1	1	0
cf949c11-8afe-53c1-a0f9-9b6127f57cda	chr4	3743687	18616152	4	2	2
cf949c11-8afe-53c1-a0f9-9b6127f57cda	chr4	18616165	18637458	1	1	0
cf949c11-8afe-53c1-a0f9-9b6127f57cda	chr4	18638078	34777432	4	2	2
cf949c11-8afe-53c1-a0f9-9b6127f57cda	chr4	34784878	34823103	0	0	0
cf949c11-8afe-53c1-a0f9-9b6127f57cda	chr4	34828250	52832461	4	2	2
cf949c11-8afe-53c1-a0f9-9b6127f57cda	chr4	52836129	53868171	3	2	1
cf949c11-8afe-53c1-a0f9-9b6127f57cda	chr4	53868344	59174343	4	2	2
cf949c11-8afe-53c1-a0f9-9b6127f57cda	chr4	59174954	161925731	3	2	1
cf949c11-8afe-53c1-a0f9-9b6127f57cda	chr4	161930665	164512993	1	1	0
cf949c11-8afe-53c1-a0f9-9b6127f57cda	chr4	164513416	166836655	2	2	0
cf949c11-8afe-53c1-a0f9-9b6127f57cda	chr4	166839024	186787268	1	1	0
cf949c11-8afe-53c1-a0f9-9b6127f57cda	chr4	186787702	190106768	2	2	0
cf949c11-8afe-53c1-a0f9-9b6127f57cda	chr5	15532	2693489	3	2	1
cf949c11-8afe-53c1-a0f9-9b6127f57cda	chr5	2696239	23748546	4	2	2
cf949c11-8afe-53c1-a0f9-9b6127f57cda	chr5	23748699	23782415	7	4	3
cf949c11-8afe-53c1-a0f9-9b6127f57cda	chr5	23782932	78507648	4	2	2
cf949c11-8afe-53c1-a0f9-9b6127f57cda	chr5	78507788	78520604	1	1	0
cf949c11-8afe-53c1-a0f9-9b6127f57cda	chr5	78521153	143708091	3	2	1
cf949c11-8afe-53c1-a0f9-9b6127f57cda	chr5	143709359	143717821	7	4	3
cf949c11-8afe-53c1-a0f9-9b6127f57cda	chr5	143718222	165446142	3	2	1
cf949c11-8afe-53c1-a0f9-9b6127f57cda	chr5	165456805	165584124	1	1	0
cf949c11-8afe-53c1-a0f9-9b6127f57cda	chr5	165588263	181363319	3	2	1
cf949c11-8afe-53c1-a0f9-9b6127f57cda	chr6	149661	10460755	4	2	2
cf949c11-8afe-53c1-a0f9-9b6127f57cda	chr6	10465938	10530771	1	1	0
cf949c11-8afe-53c1-a0f9-9b6127f57cda	chr6	10534810	18884260	4	2	2
cf949c11-8afe-53c1-a0f9-9b6127f57cda	chr6	18886038	18908661	1	1	0
cf949c11-8afe-53c1-a0f9-9b6127f57cda	chr6	18916334	61793151	4	2	2
cf949c11-8afe-53c1-a0f9-9b6127f57cda	chr6	61793798	61823807	1	1	0
cf949c11-8afe-53c1-a0f9-9b6127f57cda	chr6	61824593	61842667	0	0	0
cf949c11-8afe-53c1-a0f9-9b6127f57cda	chr6	61842989	63448172	4	2	2
cf949c11-8afe-53c1-a0f9-9b6127f57cda	chr6	63449746	64273209	1	1	0
cf949c11-8afe-53c1-a0f9-9b6127f57cda	chr6	64273690	64358868	2	2	0
cf949c11-8afe-53c1-a0f9-9b6127f57cda	chr6	64358896	65191039	4	2	2
cf949c11-8afe-53c1-a0f9-9b6127f57cda	chr6	65192749	72483900	2	2	0
cf949c11-8afe-53c1-a0f9-9b6127f57cda	chr6	72488315	74417005	3	3	0
cf949c11-8afe-53c1-a0f9-9b6127f57cda	chr6	74419668	87544249	1	1	0
cf949c11-8afe-53c1-a0f9-9b6127f57cda	chr6	87545640	87779576	2	1	1
cf949c11-8afe-53c1-a0f9-9b6127f57cda	chr6	87779698	117319750	0	0	0
cf949c11-8afe-53c1-a0f9-9b6127f57cda	chr6	117319853	118006302	2	1	1
cf949c11-8afe-53c1-a0f9-9b6127f57cda	chr6	118007835	126555460	0	0	0
cf949c11-8afe-53c1-a0f9-9b6127f57cda	chr6	126556377	134903231	1	1	0
cf949c11-8afe-53c1-a0f9-9b6127f57cda	chr6	134903615	136132840	2	2	0
cf949c11-8afe-53c1-a0f9-9b6127f57cda	chr6	136133146	141846894	1	1	0
cf949c11-8afe-53c1-a0f9-9b6127f57cda	chr6	141846960	146075563	2	2	0
cf949c11-8afe-53c1-a0f9-9b6127f57cda	chr6	146076662	147174615	4	4	0
cf949c11-8afe-53c1-a0f9-9b6127f57cda	chr6	147174881	150991475	3	3	0
cf949c11-8afe-53c1-a0f9-9b6127f57cda	chr6	150991512	152654551	2	2	0
cf949c11-8afe-53c1-a0f9-9b6127f57cda	chr6	152655777	153432337	3	3	0
cf949c11-8afe-53c1-a0f9-9b6127f57cda	chr6	153435079	155103434	1	1	0
cf949c11-8afe-53c1-a0f9-9b6127f57cda	chr6	155105912	155126011	0	0	0
cf949c11-8afe-53c1-a0f9-9b6127f57cda	chr6	155127068	158456530	2	2	0
cf949c11-8afe-53c1-a0f9-9b6127f57cda	chr6	158456900	158475295	0	0	0
cf949c11-8afe-53c1-a0f9-9b6127f57cda	chr6	158475744	160482590	2	2	0
cf949c11-8afe-53c1-a0f9-9b6127f57cda	chr6	160485054	164070805	4	4	0
cf949c11-8afe-53c1-a0f9-9b6127f57cda	chr6	164070831	165175118	3	3	0
cf949c11-8afe-53c1-a0f9-9b6127f57cda	chr6	165175137	170741917	1	1	0
cf949c11-8afe-53c1-a0f9-9b6127f57cda	chr7	43259	6710047	4	2	2
cf949c11-8afe-53c1-a0f9-9b6127f57cda	chr7	6713784	25165784	5	3	2
cf949c11-8afe-53c1-a0f9-9b6127f57cda	chr7	25167571	25689084	4	2	2
cf949c11-8afe-53c1-a0f9-9b6127f57cda	chr7	25692405	33195940	5	3	2
cf949c11-8afe-53c1-a0f9-9b6127f57cda	chr7	33196587	66038858	4	2	2
cf949c11-8afe-53c1-a0f9-9b6127f57cda	chr7	66044271	67218729	5	4	1
cf949c11-8afe-53c1-a0f9-9b6127f57cda	chr7	67225584	70610752	2	2	0
cf949c11-8afe-53c1-a0f9-9b6127f57cda	chr7	70612692	70709837	5	3	2
cf949c11-8afe-53c1-a0f9-9b6127f57cda	chr7	70711927	71543614	2	2	0
cf949c11-8afe-53c1-a0f9-9b6127f57cda	chr7	71546485	71905483	4	2	2
cf949c11-8afe-53c1-a0f9-9b6127f57cda	chr7	71910775	72139251	1	1	0
cf949c11-8afe-53c1-a0f9-9b6127f57cda	chr7	72146680	75115775	3	3	0
cf949c11-8afe-53c1-a0f9-9b6127f57cda	chr7	75415352	75814643	5	3	2
cf949c11-8afe-53c1-a0f9-9b6127f57cda	chr7	75816059	78045627	3	3	0
cf949c11-8afe-53c1-a0f9-9b6127f57cda	chr7	78045914	78648363	5	3	2
cf949c11-8afe-53c1-a0f9-9b6127f57cda	chr7	78648997	78691815	0	0	0
cf949c11-8afe-53c1-a0f9-9b6127f57cda	chr7	78692640	105568387	3	3	0
cf949c11-8afe-53c1-a0f9-9b6127f57cda	chr7	105568564	105864495	6	3	3
cf949c11-8afe-53c1-a0f9-9b6127f57cda	chr7	105869434	110504610	3	3	0
cf949c11-8afe-53c1-a0f9-9b6127f57cda	chr7	110512830	110557355	9	8	1
cf949c11-8afe-53c1-a0f9-9b6127f57cda	chr7	110564380	118486583	3	3	0
cf949c11-8afe-53c1-a0f9-9b6127f57cda	chr7	118491168	121393067	2	2	0
cf949c11-8afe-53c1-a0f9-9b6127f57cda	chr7	121393137	122229956	3	3	0
cf949c11-8afe-53c1-a0f9-9b6127f57cda	chr7	122236460	129235207	2	2	0
cf949c11-8afe-53c1-a0f9-9b6127f57cda	chr7	129235755	130897965	3	3	0
cf949c11-8afe-53c1-a0f9-9b6127f57cda	chr7	130900864	133748761	4	4	0
cf949c11-8afe-53c1-a0f9-9b6127f57cda	chr7	133748976	136017274	2	2	0
cf949c11-8afe-53c1-a0f9-9b6127f57cda	chr7	136017596	136149054	3	3	0
cf949c11-8afe-53c1-a0f9-9b6127f57cda	chr7	136149411	137252545	2	2	0
cf949c11-8afe-53c1-a0f9-9b6127f57cda	chr7	137255575	142252547	3	3	0
cf949c11-8afe-53c1-a0f9-9b6127f57cda	chr7	142252798	146860193	0	0	0
cf949c11-8afe-53c1-a0f9-9b6127f57cda	chr7	146865952	147741574	3	3	0
cf949c11-8afe-53c1-a0f9-9b6127f57cda	chr7	147745198	151421518	1	1	0
cf949c11-8afe-53c1-a0f9-9b6127f57cda	chr7	151422179	151694567	2	2	0
cf949c11-8afe-53c1-a0f9-9b6127f57cda	chr7	151695342	153373334	3	3	0
cf949c11-8afe-53c1-a0f9-9b6127f57cda	chr7	153373985	156787608	1	1	0
cf949c11-8afe-53c1-a0f9-9b6127f57cda	chr7	156793898	157522471	2	2	0
cf949c11-8afe-53c1-a0f9-9b6127f57cda	chr7	157527997	159334314	1	1	0
cf949c11-8afe-53c1-a0f9-9b6127f57cda	chr8	81254	6775045	3	3	0
cf949c11-8afe-53c1-a0f9-9b6127f57cda	chr8	6775089	6786811	6	5	1
cf949c11-8afe-53c1-a0f9-9b6127f57cda	chr8	6787873	8310952	3	3	0
cf949c11-8afe-53c1-a0f9-9b6127f57cda	chr8	8313949	12419769	2	2	0
cf949c11-8afe-53c1-a0f9-9b6127f57cda	chr8	12454103	12720581	4	4	0
cf949c11-8afe-53c1-a0f9-9b6127f57cda	chr8	12727927	21731191	2	2	0
cf949c11-8afe-53c1-a0f9-9b6127f57cda	chr8	21734634	24089629	3	2	1
cf949c11-8afe-53c1-a0f9-9b6127f57cda	chr8	24089692	25695328	2	2	0
cf949c11-8afe-53c1-a0f9-9b6127f57cda	chr8	25695676	25889658	4	2	2
cf949c11-8afe-53c1-a0f9-9b6127f57cda	chr8	25891179	35031396	2	2	0
cf949c11-8afe-53c1-a0f9-9b6127f57cda	chr8	35033098	35071464	3	3	0
cf949c11-8afe-53c1-a0f9-9b6127f57cda	chr8	35071769	40204854	2	2	0
cf949c11-8afe-53c1-a0f9-9b6127f57cda	chr8	40204974	40216666	5	4	1
cf949c11-8afe-53c1-a0f9-9b6127f57cda	chr8	40218229	40708080	2	2	0
cf949c11-8afe-53c1-a0f9-9b6127f57cda	chr8	40708790	41663492	3	2	1
cf949c11-8afe-53c1-a0f9-9b6127f57cda	chr8	41663951	61944378	2	1	1
cf949c11-8afe-53c1-a0f9-9b6127f57cda	chr8	61947292	64472801	4	3	1
cf949c11-8afe-53c1-a0f9-9b6127f57cda	chr8	64474791	66035104	5	4	1
cf949c11-8afe-53c1-a0f9-9b6127f57cda	chr8	66035705	66573484	8	7	1
cf949c11-8afe-53c1-a0f9-9b6127f57cda	chr8	66574662	66770320	6	5	1
cf949c11-8afe-53c1-a0f9-9b6127f57cda	chr8	66773340	67969188	5	4	1
cf949c11-8afe-53c1-a0f9-9b6127f57cda	chr8	67969698	70885584	4	3	1
cf949c11-8afe-53c1-a0f9-9b6127f57cda	chr8	70886160	75099668	5	4	1
cf949c11-8afe-53c1-a0f9-9b6127f57cda	chr8	75100315	77257348	4	3	1
cf949c11-8afe-53c1-a0f9-9b6127f57cda	chr8	77257689	78566759	6	5	1
cf949c11-8afe-53c1-a0f9-9b6127f57cda	chr8	78573293	79134375	9	8	1
cf949c11-8afe-53c1-a0f9-9b6127f57cda	chr8	79134699	80014254	15	14	1
cf949c11-8afe-53c1-a0f9-9b6127f57cda	chr8	80018330	80398456	4	3	1
cf949c11-8afe-53c1-a0f9-9b6127f57cda	chr8	80399309	84276000	6	5	1
cf949c11-8afe-53c1-a0f9-9b6127f57cda	chr8	84282112	84625757	10	9	1
cf949c11-8afe-53c1-a0f9-9b6127f57cda	chr8	84626094	85192633	20	19	1
cf949c11-8afe-53c1-a0f9-9b6127f57cda	chr8	85193580	93858430	14	13	1
cf949c11-8afe-53c1-a0f9-9b6127f57cda	chr8	93859706	98546445	13	12	1
cf949c11-8afe-53c1-a0f9-9b6127f57cda	chr8	98550665	103108142	15	14	1
cf949c11-8afe-53c1-a0f9-9b6127f57cda	chr8	103108868	103126358	10	10	0
cf949c11-8afe-53c1-a0f9-9b6127f57cda	chr8	103126496	109462874	16	15	1
cf949c11-8afe-53c1-a0f9-9b6127f57cda	chr8	109463347	113490404	18	17	1
cf949c11-8afe-53c1-a0f9-9b6127f57cda	chr8	113493548	118522006	14	13	1
cf949c11-8afe-53c1-a0f9-9b6127f57cda	chr8	118522090	118540853	6	5	1
cf949c11-8afe-53c1-a0f9-9b6127f57cda	chr8	118543121	121304820	10	9	1
cf949c11-8afe-53c1-a0f9-9b6127f57cda	chr8	121305496	123559581	9	8	1
cf949c11-8afe-53c1-a0f9-9b6127f57cda	chr8	123559837	123915945	11	9	2
cf949c11-8afe-53c1-a0f9-9b6127f57cda	chr8	123916022	132057207	9	8	1
cf949c11-8afe-53c1-a0f9-9b6127f57cda	chr8	132057970	134387761	13	12	1
cf949c11-8afe-53c1-a0f9-9b6127f57cda	chr8	134388501	134898916	9	8	1
cf949c11-8afe-53c1-a0f9-9b6127f57cda	chr8	134902626	135972596	12	11	1
cf949c11-8afe-53c1-a0f9-9b6127f57cda	chr8	135972904	136294464	9	8	1
cf949c11-8afe-53c1-a0f9-9b6127f57cda	chr8	136294487	140048624	6	5	1
cf949c11-8afe-53c1-a0f9-9b6127f57cda	chr8	140049317	142014164	5	4	1
cf949c11-8afe-53c1-a0f9-9b6127f57cda	chr8	142014242	143490953	8	7	1
cf949c11-8afe-53c1-a0f9-9b6127f57cda	chr8	143491285	144600728	6	5	1
cf949c11-8afe-53c1-a0f9-9b6127f57cda	chr8	144607334	145072769	2	1	1
cf949c11-8afe-53c1-a0f9-9b6127f57cda	chr9	46587	660354	3	2	1
cf949c11-8afe-53c1-a0f9-9b6127f57cda	chr9	660566	9778494	4	2	2
cf949c11-8afe-53c1-a0f9-9b6127f57cda	chr9	9778653	9878687	2	2	0
cf949c11-8afe-53c1-a0f9-9b6127f57cda	chr9	9880593	9924724	3	2	1
cf949c11-8afe-53c1-a0f9-9b6127f57cda	chr9	9924799	10113409	10	8	2
cf949c11-8afe-53c1-a0f9-9b6127f57cda	chr9	10113900	10838055	6	3	3
cf949c11-8afe-53c1-a0f9-9b6127f57cda	chr9	10838144	14734447	2	2	0
cf949c11-8afe-53c1-a0f9-9b6127f57cda	chr9	14737745	14860469	8	6	2
cf949c11-8afe-53c1-a0f9-9b6127f57cda	chr9	14863407	14987265	2	2	0
cf949c11-8afe-53c1-a0f9-9b6127f57cda	chr9	14990487	15430225	5	3	2
cf949c11-8afe-53c1-a0f9-9b6127f57cda	chr9	15430690	41741113	2	2	0
cf949c11-8afe-53c1-a0f9-9b6127f57cda	chr9	60863881	85571279	4	2	2
cf949c11-8afe-53c1-a0f9-9b6127f57cda	chr9	85575011	102795289	1	1	0
cf949c11-8afe-53c1-a0f9-9b6127f57cda	chr9	102798649	133721141	3	2	1
cf949c11-8afe-53c1-a0f9-9b6127f57cda	chr9	133721245	133753192	7	4	3
cf949c11-8afe-53c1-a0f9-9b6127f57cda	chr9	133753594	138200944	3	2	1
cf949c11-8afe-53c1-a0f9-9b6127f57cda	chr10	45792	29977992	2	2	0
cf949c11-8afe-53c1-a0f9-9b6127f57cda	chr10	29978040	29987726	0	0	0
cf949c11-8afe-53c1-a0f9-9b6127f57cda	chr10	29989510	42118988	2	2	0
cf949c11-8afe-53c1-a0f9-9b6127f57cda	chr10	42125733	42332543	5	5	0
cf949c11-8afe-53c1-a0f9-9b6127f57cda	chr10	42335359	85021836	2	2	0
cf949c11-8afe-53c1-a0f9-9b6127f57cda	chr10	85024515	86402925	1	1	0
cf949c11-8afe-53c1-a0f9-9b6127f57cda	chr10	86403494	87435985	2	2	0
cf949c11-8afe-53c1-a0f9-9b6127f57cda	chr10	87451233	99470282	1	1	0
cf949c11-8afe-53c1-a0f9-9b6127f57cda	chr10	99470425	104278949	2	2	0
cf949c11-8afe-53c1-a0f9-9b6127f57cda	chr10	104279369	108831357	1	1	0
cf949c11-8afe-53c1-a0f9-9b6127f57cda	chr10	108831861	125641110	2	2	0
cf949c11-8afe-53c1-a0f9-9b6127f57cda	chr10	125645078	127830320	3	3	0
cf949c11-8afe-53c1-a0f9-9b6127f57cda	chr10	127830557	127859555	1	1	0
cf949c11-8afe-53c1-a0f9-9b6127f57cda	chr10	127859831	130936814	2	2	0
cf949c11-8afe-53c1-a0f9-9b6127f57cda	chr10	130938007	131656895	3	3	0
cf949c11-8afe-53c1-a0f9-9b6127f57cda	chr10	131658061	133654968	2	2	0
cf949c11-8afe-53c1-a0f9-9b6127f57cda	chr11	198510	71864144	4	2	2
cf949c11-8afe-53c1-a0f9-9b6127f57cda	chr11	71864248	96241953	2	2	0
cf949c11-8afe-53c1-a0f9-9b6127f57cda	chr11	96242245	96246636	6	5	1
cf949c11-8afe-53c1-a0f9-9b6127f57cda	chr11	96249404	135074876	2	2	0
cf949c11-8afe-53c1-a0f9-9b6127f57cda	chr12	51460	42270303	5	3	2
cf949c11-8afe-53c1-a0f9-9b6127f57cda	chr12	42277467	128244698	4	2	2
cf949c11-8afe-53c1-a0f9-9b6127f57cda	chr12	128245321	128246357	10	5	5
cf949c11-8afe-53c1-a0f9-9b6127f57cda	chr12	128249465	133201603	4	2	2
cf949c11-8afe-53c1-a0f9-9b6127f57cda	chr13	18452809	18920846	3	3	0
cf949c11-8afe-53c1-a0f9-9b6127f57cda	chr13	18922788	60078251	2	2	0
cf949c11-8afe-53c1-a0f9-9b6127f57cda	chr13	60083591	60691825	6	3	3
cf949c11-8afe-53c1-a0f9-9b6127f57cda	chr13	60692241	60703863	6	5	1
cf949c11-8afe-53c1-a0f9-9b6127f57cda	chr13	60704408	61112026	13	10	3
cf949c11-8afe-53c1-a0f9-9b6127f57cda	chr13	61112410	61134141	12	6	6
cf949c11-8afe-53c1-a0f9-9b6127f57cda	chr13	61136188	62003880	6	3	3
cf949c11-8afe-53c1-a0f9-9b6127f57cda	chr13	62010420	62105919	1	1	0
cf949c11-8afe-53c1-a0f9-9b6127f57cda	chr13	62109526	63247927	9	7	2
cf949c11-8afe-53c1-a0f9-9b6127f57cda	chr13	63248758	63692962	4	2	2
cf949c11-8afe-53c1-a0f9-9b6127f57cda	chr13	63693752	63850006	5	4	1
cf949c11-8afe-53c1-a0f9-9b6127f57cda	chr13	63850118	66962486	2	2	0
cf949c11-8afe-53c1-a0f9-9b6127f57cda	chr13	66963361	67086456	7	6	1
cf949c11-8afe-53c1-a0f9-9b6127f57cda	chr13	67087615	77291882	2	2	0
cf949c11-8afe-53c1-a0f9-9b6127f57cda	chr13	77300917	78133929	6	3	3
cf949c11-8afe-53c1-a0f9-9b6127f57cda	chr13	78135118	79018672	2	2	0
cf949c11-8afe-53c1-a0f9-9b6127f57cda	chr13	79020245	79044586	6	5	1
cf949c11-8afe-53c1-a0f9-9b6127f57cda	chr13	79053120	82210127	2	2	0
cf949c11-8afe-53c1-a0f9-9b6127f57cda	chr13	82211827	84562024	7	5	2
cf949c11-8afe-53c1-a0f9-9b6127f57cda	chr13	84563726	85910016	2	2	0
cf949c11-8afe-53c1-a0f9-9b6127f57cda	chr13	85910268	88644525	6	3	3
cf949c11-8afe-53c1-a0f9-9b6127f57cda	chr13	88645524	90858988	2	2	0
cf949c11-8afe-53c1-a0f9-9b6127f57cda	chr13	90861989	90955142	4	2	2
cf949c11-8afe-53c1-a0f9-9b6127f57cda	chr13	90956116	92250932	11	9	2
cf949c11-8afe-53c1-a0f9-9b6127f57cda	chr13	92251285	93388782	15	13	2
cf949c11-8afe-53c1-a0f9-9b6127f57cda	chr13	93391019	93396653	3	3	0
cf949c11-8afe-53c1-a0f9-9b6127f57cda	chr13	93398673	94072747	3	2	1
cf949c11-8afe-53c1-a0f9-9b6127f57cda	chr13	94075986	94606690	14	12	2
cf949c11-8afe-53c1-a0f9-9b6127f57cda	chr13	94606730	94954695	10	8	2
cf949c11-8afe-53c1-a0f9-9b6127f57cda	chr13	94958573	95954683	15	13	2
cf949c11-8afe-53c1-a0f9-9b6127f57cda	chr13	95956883	96822306	9	7	2
cf949c11-8afe-53c1-a0f9-9b6127f57cda	chr13	96824073	97661504	4	2	2
cf949c11-8afe-53c1-a0f9-9b6127f57cda	chr13	97661570	97681669	5	4	1
cf949c11-8afe-53c1-a0f9-9b6127f57cda	chr13	97686463	97830161	8	6	2
cf949c11-8afe-53c1-a0f9-9b6127f57cda	chr13	97832007	99145237	13	11	2
cf949c11-8afe-53c1-a0f9-9b6127f57cda	chr13	99145675	99728996	10	8	2
cf949c11-8afe-53c1-a0f9-9b6127f57cda	chr13	99731790	99737864	4	4	0
cf949c11-8afe-53c1-a0f9-9b6127f57cda	chr13	99742150	100672046	11	9	2
cf949c11-8afe-53c1-a0f9-9b6127f57cda	chr13	100672798	106899591	17	15	2
cf949c11-8afe-53c1-a0f9-9b6127f57cda	chr13	106900417	107601025	10	8	2
cf949c11-8afe-53c1-a0f9-9b6127f57cda	chr13	107602795	107681662	13	7	6
cf949c11-8afe-53c1-a0f9-9b6127f57cda	chr13	107686712	108174806	11	9	2
cf949c11-8afe-53c1-a0f9-9b6127f57cda	chr13	108180936	109704384	4	2	2
cf949c11-8afe-53c1-a0f9-9b6127f57cda	chr13	109710038	114342922	3	2	1
cf949c11-8afe-53c1-a0f9-9b6127f57cda	chr14	18239283	22228876	6	3	3
cf949c11-8afe-53c1-a0f9-9b6127f57cda	chr14	22229074	22509777	6	5	1
cf949c11-8afe-53c1-a0f9-9b6127f57cda	chr14	22509792	22530666	3	2	1
cf949c11-8afe-53c1-a0f9-9b6127f57cda	chr14	22530968	27480515	7	4	3
cf949c11-8afe-53c1-a0f9-9b6127f57cda	chr14	27480630	105541843	2	2	0
cf949c11-8afe-53c1-a0f9-9b6127f57cda	chr14	105542308	105862987	5	5	0
cf949c11-8afe-53c1-a0f9-9b6127f57cda	chr14	105876458	105974395	16	16	0
cf949c11-8afe-53c1-a0f9-9b6127f57cda	chr14	105981975	106475361	4	4	0
cf949c11-8afe-53c1-a0f9-9b6127f57cda	chr14	106487515	106877229	1	1	0
cf949c11-8afe-53c1-a0f9-9b6127f57cda	chr15	19811075	43934655	5	3	2
cf949c11-8afe-53c1-a0f9-9b6127f57cda	chr15	43934736	47462585	4	3	1
cf949c11-8afe-53c1-a0f9-9b6127f57cda	chr15	47463335	48626624	5	3	2
cf949c11-8afe-53c1-a0f9-9b6127f57cda	chr15	48627022	87428643	4	3	1
cf949c11-8afe-53c1-a0f9-9b6127f57cda	chr15	87429198	90049871	5	3	2
cf949c11-8afe-53c1-a0f9-9b6127f57cda	chr15	90050715	90493809	10	7	3
cf949c11-8afe-53c1-a0f9-9b6127f57cda	chr15	90494068	95907393	7	4	3
cf949c11-8afe-53c1-a0f9-9b6127f57cda	chr15	95907775	96220435	4	3	1
cf949c11-8afe-53c1-a0f9-9b6127f57cda	chr15	96221104	97637675	7	4	3
cf949c11-8afe-53c1-a0f9-9b6127f57cda	chr15	97646267	99469191	5	4	1
cf949c11-8afe-53c1-a0f9-9b6127f57cda	chr15	99469285	99572652	7	6	1
cf949c11-8afe-53c1-a0f9-9b6127f57cda	chr15	99574925	99711969	2	1	1
cf949c11-8afe-53c1-a0f9-9b6127f57cda	chr15	99715115	101928837	6	5	1
cf949c11-8afe-53c1-a0f9-9b6127f57cda	chr16	10777	1897412	2	1	1
cf949c11-8afe-53c1-a0f9-9b6127f57cda	chr16	1903039	69361694	3	2	1
cf949c11-8afe-53c1-a0f9-9b6127f57cda	chr16	69363396	72945164	4	2	2
cf949c11-8afe-53c1-a0f9-9b6127f57cda	chr16	72945475	73103705	0	0	0
cf949c11-8afe-53c1-a0f9-9b6127f57cda	chr16	73104025	73344937	2	2	0
cf949c11-8afe-53c1-a0f9-9b6127f57cda	chr16	73345035	80512286	4	2	2
cf949c11-8afe-53c1-a0f9-9b6127f57cda	chr16	80512600	90096867	3	2	1
cf949c11-8afe-53c1-a0f9-9b6127f57cda	chr17	150733	7693809	2	2	0
cf949c11-8afe-53c1-a0f9-9b6127f57cda	chr17	7700029	9825294	10	10	0
cf949c11-8afe-53c1-a0f9-9b6127f57cda	chr17	9827447	11681381	12	12	0
cf949c11-8afe-53c1-a0f9-9b6127f57cda	chr17	11682464	11899888	19	19	0
cf949c11-8afe-53c1-a0f9-9b6127f57cda	chr17	11900144	11959213	15	14	1
cf949c11-8afe-53c1-a0f9-9b6127f57cda	chr17	11959524	12400181	8	8	0
cf949c11-8afe-53c1-a0f9-9b6127f57cda	chr17	12400982	13078508	11	11	0
cf949c11-8afe-53c1-a0f9-9b6127f57cda	chr17	13078860	14204262	9	9	0
cf949c11-8afe-53c1-a0f9-9b6127f57cda	chr17	14205472	14291585	20	20	0
cf949c11-8afe-53c1-a0f9-9b6127f57cda	chr17	14291646	14420056	7	7	0
cf949c11-8afe-53c1-a0f9-9b6127f57cda	chr17	14422771	14826572	13	13	0
cf949c11-8afe-53c1-a0f9-9b6127f57cda	chr17	14827886	15447437	0	0	0
cf949c11-8afe-53c1-a0f9-9b6127f57cda	chr17	15451611	15510561	10	10	0
cf949c11-8afe-53c1-a0f9-9b6127f57cda	chr17	15513494	16018358	0	0	0
cf949c11-8afe-53c1-a0f9-9b6127f57cda	chr17	16019784	16428872	12	12	0
cf949c11-8afe-53c1-a0f9-9b6127f57cda	chr17	16432767	17193720	22	21	1
cf949c11-8afe-53c1-a0f9-9b6127f57cda	chr17	17195821	18333147	18	17	1
cf949c11-8afe-53c1-a0f9-9b6127f57cda	chr17	18333236	20966585	18	16	2
cf949c11-8afe-53c1-a0f9-9b6127f57cda	chr17	20975159	21112486	9	8	1
cf949c11-8afe-53c1-a0f9-9b6127f57cda	chr17	21112934	21263567	10	9	1
cf949c11-8afe-53c1-a0f9-9b6127f57cda	chr17	21263659	21501387	2	2	0
cf949c11-8afe-53c1-a0f9-9b6127f57cda	chr17	21502968	36865313	4	2	2
cf949c11-8afe-53c1-a0f9-9b6127f57cda	chr17	36866056	37596647	4	3	1
cf949c11-8afe-53c1-a0f9-9b6127f57cda	chr17	37598042	41000508	4	2	2
cf949c11-8afe-53c1-a0f9-9b6127f57cda	chr17	41001003	41853084	5	3	2
cf949c11-8afe-53c1-a0f9-9b6127f57cda	chr17	41853703	53634671	4	2	2
cf949c11-8afe-53c1-a0f9-9b6127f57cda	chr17	53637058	55305468	5	3	2
cf949c11-8afe-53c1-a0f9-9b6127f57cda	chr17	55306408	64667139	4	2	2
cf949c11-8afe-53c1-a0f9-9b6127f57cda	chr17	64669074	67922394	6	4	2
cf949c11-8afe-53c1-a0f9-9b6127f57cda	chr17	67922614	69769658	8	6	2
cf949c11-8afe-53c1-a0f9-9b6127f57cda	chr17	69772350	72910797	9	7	2
cf949c11-8afe-53c1-a0f9-9b6127f57cda	chr17	72912913	77372055	8	6	2
cf949c11-8afe-53c1-a0f9-9b6127f57cda	chr17	77374386	77394155	4	3	1
cf949c11-8afe-53c1-a0f9-9b6127f57cda	chr17	77394582	83091923	7	5	2
cf949c11-8afe-53c1-a0f9-9b6127f57cda	chr18	48133	1444995	2	2	0
cf949c11-8afe-53c1-a0f9-9b6127f57cda	chr18	1446011	1568605	7	5	2
cf949c11-8afe-53c1-a0f9-9b6127f57cda	chr18	1569257	1705393	5	4	1
cf949c11-8afe-53c1-a0f9-9b6127f57cda	chr18	1707244	1802442	1	1	0
cf949c11-8afe-53c1-a0f9-9b6127f57cda	chr18	1802916	1845837	5	3	2
cf949c11-8afe-53c1-a0f9-9b6127f57cda	chr18	1847741	2168596	1	1	0
cf949c11-8afe-53c1-a0f9-9b6127f57cda	chr18	2168672	7370334	4	3	1
cf949c11-8afe-53c1-a0f9-9b6127f57cda	chr18	7372804	7591706	6	4	2
cf949c11-8afe-53c1-a0f9-9b6127f57cda	chr18	7595563	10340810	5	4	1
cf949c11-8afe-53c1-a0f9-9b6127f57cda	chr18	10341254	15402409	4	3	1
cf949c11-8afe-53c1-a0f9-9b6127f57cda	chr18	20949392	21914795	5	3	2
cf949c11-8afe-53c1-a0f9-9b6127f57cda	chr18	21915707	24170619	2	2	0
cf949c11-8afe-53c1-a0f9-9b6127f57cda	chr18	24172402	27339339	3	2	1
cf949c11-8afe-53c1-a0f9-9b6127f57cda	chr18	27339680	27666041	2	2	0
cf949c11-8afe-53c1-a0f9-9b6127f57cda	chr18	27670203	28455117	4	2	2
cf949c11-8afe-53c1-a0f9-9b6127f57cda	chr18	28457472	31209052	2	2	0
cf949c11-8afe-53c1-a0f9-9b6127f57cda	chr18	31212865	32606122	4	2	2
cf949c11-8afe-53c1-a0f9-9b6127f57cda	chr18	32608545	32656935	2	2	0
cf949c11-8afe-53c1-a0f9-9b6127f57cda	chr18	32661033	37622303	4	2	2
cf949c11-8afe-53c1-a0f9-9b6127f57cda	chr18	37629693	37725613	2	1	1
cf949c11-8afe-53c1-a0f9-9b6127f57cda	chr18	37731005	37731005	5	5	0
cf949c11-8afe-53c1-a0f9-9b6127f57cda	chr18	37733538	40680506	2	2	0
cf949c11-8afe-53c1-a0f9-9b6127f57cda	chr18	40680516	40685425	0	0	0
cf949c11-8afe-53c1-a0f9-9b6127f57cda	chr18	40688060	74884238	2	2	0
cf949c11-8afe-53c1-a0f9-9b6127f57cda	chr18	74887018	80257174	1	1	0
cf949c11-8afe-53c1-a0f9-9b6127f57cda	chr19	90910	3911093	1	1	0
cf949c11-8afe-53c1-a0f9-9b6127f57cda	chr19	3911771	5385624	5	3	2
cf949c11-8afe-53c1-a0f9-9b6127f57cda	chr19	5386528	6454913	1	1	0
cf949c11-8afe-53c1-a0f9-9b6127f57cda	chr19	6466471	8630575	6	3	3
cf949c11-8afe-53c1-a0f9-9b6127f57cda	chr19	8641510	8810308	2	2	0
cf949c11-8afe-53c1-a0f9-9b6127f57cda	chr19	8810810	9156643	6	3	3
cf949c11-8afe-53c1-a0f9-9b6127f57cda	chr19	9160094	9207188	2	2	0
cf949c11-8afe-53c1-a0f9-9b6127f57cda	chr19	9211074	10866574	6	3	3
cf949c11-8afe-53c1-a0f9-9b6127f57cda	chr19	10867298	24142869	2	2	0
cf949c11-8afe-53c1-a0f9-9b6127f57cda	chr19	24146875	24413948	5	3	2
cf949c11-8afe-53c1-a0f9-9b6127f57cda	chr19	27257085	31381364	45	41	4
cf949c11-8afe-53c1-a0f9-9b6127f57cda	chr19	31381832	31395341	110	100	10
cf949c11-8afe-53c1-a0f9-9b6127f57cda	chr19	31395384	31968390	42	39	3
cf949c11-8afe-53c1-a0f9-9b6127f57cda	chr19	31968416	32926978	29	26	3
cf949c11-8afe-53c1-a0f9-9b6127f57cda	chr19	32927269	35123096	15	13	2
cf949c11-8afe-53c1-a0f9-9b6127f57cda	chr19	35124553	37065771	1	1	0
cf949c11-8afe-53c1-a0f9-9b6127f57cda	chr19	37067134	37373477	6	6	0
cf949c11-8afe-53c1-a0f9-9b6127f57cda	chr19	37374402	39024204	1	1	0
cf949c11-8afe-53c1-a0f9-9b6127f57cda	chr19	39026060	40704455	6	6	0
cf949c11-8afe-53c1-a0f9-9b6127f57cda	chr19	40704732	43170134	2	2	0
cf949c11-8afe-53c1-a0f9-9b6127f57cda	chr19	43181999	43266414	7	6	1
cf949c11-8afe-53c1-a0f9-9b6127f57cda	chr19	43271565	43372195	4	4	0
cf949c11-8afe-53c1-a0f9-9b6127f57cda	chr19	43372261	44083776	1	1	0
cf949c11-8afe-53c1-a0f9-9b6127f57cda	chr19	44084320	48131740	2	2	0
cf949c11-8afe-53c1-a0f9-9b6127f57cda	chr19	48132445	49557854	1	1	0
cf949c11-8afe-53c1-a0f9-9b6127f57cda	chr19	49558134	58586487	2	2	0
cf949c11-8afe-53c1-a0f9-9b6127f57cda	chr20	80664	1708975	4	2	2
cf949c11-8afe-53c1-a0f9-9b6127f57cda	chr20	1714023	3378656	6	4	2
cf949c11-8afe-53c1-a0f9-9b6127f57cda	chr20	3379008	4950946	4	2	2
cf949c11-8afe-53c1-a0f9-9b6127f57cda	chr20	4951022	5799674	6	4	2
cf949c11-8afe-53c1-a0f9-9b6127f57cda	chr20	5799874	9611616	4	2	2
cf949c11-8afe-53c1-a0f9-9b6127f57cda	chr20	9611691	9615698	1	1	0
cf949c11-8afe-53c1-a0f9-9b6127f57cda	chr20	9615890	62147583	4	2	2
cf949c11-8afe-53c1-a0f9-9b6127f57cda	chr20	62148932	64324800	3	2	1
cf949c11-8afe-53c1-a0f9-9b6127f57cda	chr21	12973348	14143656	3	3	0
cf949c11-8afe-53c1-a0f9-9b6127f57cda	chr21	14144009	14336446	1	1	0
cf949c11-8afe-53c1-a0f9-9b6127f57cda	chr21	14337093	41709152	2	2	0
cf949c11-8afe-53c1-a0f9-9b6127f57cda	chr21	41709247	46677045	1	1	0
cf949c11-8afe-53c1-a0f9-9b6127f57cda	chr22	16392123	38684510	4	2	2
cf949c11-8afe-53c1-a0f9-9b6127f57cda	chr22	38686169	50796027	1	1	0
cf949c11-8afe-53c1-a0f9-9b6127f57cda	chrX	251810	30382270	3	2	1
cf949c11-8afe-53c1-a0f9-9b6127f57cda	chrX	30383058	30393352	6	4	2
cf949c11-8afe-53c1-a0f9-9b6127f57cda	chrX	30395888	33630920	3	2	1
cf949c11-8afe-53c1-a0f9-9b6127f57cda	chrX	33631932	95141627	4	2	2
cf949c11-8afe-53c1-a0f9-9b6127f57cda	chrX	95141864	95159272	9	5	4
cf949c11-8afe-53c1-a0f9-9b6127f57cda	chrX	95160023	117057721	4	2	2
cf949c11-8afe-53c1-a0f9-9b6127f57cda	chrX	117057838	117061338	11	7	4
cf949c11-8afe-53c1-a0f9-9b6127f57cda	chrX	117062011	129202487	4	2	2
cf949c11-8afe-53c1-a0f9-9b6127f57cda	chrX	129203777	129213170	8	4	4
cf949c11-8afe-53c1-a0f9-9b6127f57cda	chrX	129213317	152523031	4	2	2
cf949c11-8afe-53c1-a0f9-9b6127f57cda	chrX	152523682	154534480	3	2	1
cf949c11-8afe-53c1-a0f9-9b6127f57cda	chrX	154536002	156004181	4	3	1
cf949c11-8afe-53c1-a0f9-9b6127f57cda	chrY	2782397	26653788	0	0	0
cf949c11-8afe-53c1-a0f9-9b6127f57cda	chrY	56872112	56872112	1	1	0
