GDC_Aliquot	Chromosome	Start	End	Copy_Number	Major_Copy_Number	Minor_Copy_Number
7affb496-0c65-53bc-97e6-798802c9251a	chr1	62920	8148861	4	2	2
7affb496-0c65-53bc-97e6-798802c9251a	chr1	8149070	14741704	5	3	2
7affb496-0c65-53bc-97e6-798802c9251a	chr1	14742501	14952800	1	1	0
7affb496-0c65-53bc-97e6-798802c9251a	chr1	14953161	57108487	5	3	2
7affb496-0c65-53bc-97e6-798802c9251a	chr1	57109318	57884869	3	3	0
7affb496-0c65-53bc-97e6-798802c9251a	chr1	57886900	121705338	5	3	2
7affb496-0c65-53bc-97e6-798802c9251a	chr1	143541857	152787202	6	4	2
7affb496-0c65-53bc-97e6-798802c9251a	chr1	152789447	152796224	0	0	0
7affb496-0c65-53bc-97e6-798802c9251a	chr1	152801429	154336204	6	4	2
7affb496-0c65-53bc-97e6-798802c9251a	chr1	154337653	155284369	4	2	2
7affb496-0c65-53bc-97e6-798802c9251a	chr1	155285726	161476338	6	4	2
7affb496-0c65-53bc-97e6-798802c9251a	chr1	161476341	232606441	4	4	0
7affb496-0c65-53bc-97e6-798802c9251a	chr1	232607587	248930189	2	2	0
7affb496-0c65-53bc-97e6-798802c9251a	chr2	12784	190288	3	3	0
7affb496-0c65-53bc-97e6-798802c9251a	chr2	191931	948741	7	4	3
7affb496-0c65-53bc-97e6-798802c9251a	chr2	953548	1704966	4	4	0
7affb496-0c65-53bc-97e6-798802c9251a	chr2	1707594	2106691	9	5	4
7affb496-0c65-53bc-97e6-798802c9251a	chr2	2117504	2422183	5	4	1
7affb496-0c65-53bc-97e6-798802c9251a	chr2	2422267	2967705	4	4	0
7affb496-0c65-53bc-97e6-798802c9251a	chr2	2970791	3432353	8	4	4
7affb496-0c65-53bc-97e6-798802c9251a	chr2	3435431	6400217	4	4	0
7affb496-0c65-53bc-97e6-798802c9251a	chr2	6401467	6690965	5	4	1
7affb496-0c65-53bc-97e6-798802c9251a	chr2	6694819	8160918	4	4	0
7affb496-0c65-53bc-97e6-798802c9251a	chr2	8162841	8335484	5	4	1
7affb496-0c65-53bc-97e6-798802c9251a	chr2	8335533	9549948	4	4	0
7affb496-0c65-53bc-97e6-798802c9251a	chr2	9551191	9639080	7	5	2
7affb496-0c65-53bc-97e6-798802c9251a	chr2	9639284	9706164	7	4	3
7affb496-0c65-53bc-97e6-798802c9251a	chr2	9706532	9729830	4	3	1
7affb496-0c65-53bc-97e6-798802c9251a	chr2	9735107	9867658	7	4	3
7affb496-0c65-53bc-97e6-798802c9251a	chr2	9868743	11317975	4	4	0
7affb496-0c65-53bc-97e6-798802c9251a	chr2	11327306	11834018	7	4	3
7affb496-0c65-53bc-97e6-798802c9251a	chr2	11835246	12580353	4	4	0
7affb496-0c65-53bc-97e6-798802c9251a	chr2	12580851	13242413	9	5	4
7affb496-0c65-53bc-97e6-798802c9251a	chr2	13243814	17130963	4	4	0
7affb496-0c65-53bc-97e6-798802c9251a	chr2	17133280	17263308	6	5	1
7affb496-0c65-53bc-97e6-798802c9251a	chr2	17263396	26558126	4	4	0
7affb496-0c65-53bc-97e6-798802c9251a	chr2	26559753	26601378	7	6	1
7affb496-0c65-53bc-97e6-798802c9251a	chr2	26614451	26969562	4	4	0
7affb496-0c65-53bc-97e6-798802c9251a	chr2	26973431	27617672	10	8	2
7affb496-0c65-53bc-97e6-798802c9251a	chr2	27620399	28397761	4	4	0
7affb496-0c65-53bc-97e6-798802c9251a	chr2	28399917	28724991	6	4	2
7affb496-0c65-53bc-97e6-798802c9251a	chr2	28727952	29399024	8	4	4
7affb496-0c65-53bc-97e6-798802c9251a	chr2	29400552	31654675	4	4	0
7affb496-0c65-53bc-97e6-798802c9251a	chr2	31664877	33804760	9	5	4
7affb496-0c65-53bc-97e6-798802c9251a	chr2	33810399	38429813	4	4	0
7affb496-0c65-53bc-97e6-798802c9251a	chr2	38430453	39369665	7	4	3
7affb496-0c65-53bc-97e6-798802c9251a	chr2	39373581	40240538	4	4	0
7affb496-0c65-53bc-97e6-798802c9251a	chr2	40240557	40252768	1	1	0
7affb496-0c65-53bc-97e6-798802c9251a	chr2	40254220	41894149	4	4	0
7affb496-0c65-53bc-97e6-798802c9251a	chr2	41894623	42995563	5	4	1
7affb496-0c65-53bc-97e6-798802c9251a	chr2	42995892	44072757	4	4	0
7affb496-0c65-53bc-97e6-798802c9251a	chr2	44074045	44695853	5	4	1
7affb496-0c65-53bc-97e6-798802c9251a	chr2	44698792	52658093	4	4	0
7affb496-0c65-53bc-97e6-798802c9251a	chr2	52664275	52919878	7	7	0
7affb496-0c65-53bc-97e6-798802c9251a	chr2	52919941	53947395	7	4	3
7affb496-0c65-53bc-97e6-798802c9251a	chr2	53948303	55538780	4	4	0
7affb496-0c65-53bc-97e6-798802c9251a	chr2	55542805	55825519	5	4	1
7affb496-0c65-53bc-97e6-798802c9251a	chr2	55826218	56116158	4	4	0
7affb496-0c65-53bc-97e6-798802c9251a	chr2	56119957	57079347	9	5	4
7affb496-0c65-53bc-97e6-798802c9251a	chr2	57081188	64581699	4	4	0
7affb496-0c65-53bc-97e6-798802c9251a	chr2	64585665	65153606	9	5	4
7affb496-0c65-53bc-97e6-798802c9251a	chr2	65156829	66438014	4	4	0
7affb496-0c65-53bc-97e6-798802c9251a	chr2	66438031	67174460	9	5	4
7affb496-0c65-53bc-97e6-798802c9251a	chr2	67177194	69153747	4	4	0
7affb496-0c65-53bc-97e6-798802c9251a	chr2	69154402	69916903	9	5	4
7affb496-0c65-53bc-97e6-798802c9251a	chr2	69921884	70595644	4	4	0
7affb496-0c65-53bc-97e6-798802c9251a	chr2	70596254	71152922	7	4	3
7affb496-0c65-53bc-97e6-798802c9251a	chr2	71154522	74495441	4	4	0
7affb496-0c65-53bc-97e6-798802c9251a	chr2	74510036	74944557	8	4	4
7affb496-0c65-53bc-97e6-798802c9251a	chr2	74944570	75183037	4	4	0
7affb496-0c65-53bc-97e6-798802c9251a	chr2	75186966	75446062	7	4	3
7affb496-0c65-53bc-97e6-798802c9251a	chr2	75446358	76451327	4	4	0
7affb496-0c65-53bc-97e6-798802c9251a	chr2	76451658	76730025	10	5	5
7affb496-0c65-53bc-97e6-798802c9251a	chr2	76730270	77690881	5	4	1
7affb496-0c65-53bc-97e6-798802c9251a	chr2	77694508	79055280	4	4	0
7affb496-0c65-53bc-97e6-798802c9251a	chr2	79056326	79709663	10	5	5
7affb496-0c65-53bc-97e6-798802c9251a	chr2	79712945	80848759	4	4	0
7affb496-0c65-53bc-97e6-798802c9251a	chr2	80849624	81324505	13	10	3
7affb496-0c65-53bc-97e6-798802c9251a	chr2	81326115	85494015	4	4	0
7affb496-0c65-53bc-97e6-798802c9251a	chr2	85502451	85749113	9	5	4
7affb496-0c65-53bc-97e6-798802c9251a	chr2	85749272	97545726	5	5	0
7affb496-0c65-53bc-97e6-798802c9251a	chr2	97550415	97738910	8	8	0
7affb496-0c65-53bc-97e6-798802c9251a	chr2	97739197	98005494	9	9	0
7affb496-0c65-53bc-97e6-798802c9251a	chr2	98008709	100212709	4	4	0
7affb496-0c65-53bc-97e6-798802c9251a	chr2	100213044	100937864	9	5	4
7affb496-0c65-53bc-97e6-798802c9251a	chr2	100941386	101934449	4	4	0
7affb496-0c65-53bc-97e6-798802c9251a	chr2	101941052	102186762	5	4	1
7affb496-0c65-53bc-97e6-798802c9251a	chr2	102192775	102528346	9	5	4
7affb496-0c65-53bc-97e6-798802c9251a	chr2	102528967	105525905	4	4	0
7affb496-0c65-53bc-97e6-798802c9251a	chr2	105529850	105694891	9	5	4
7affb496-0c65-53bc-97e6-798802c9251a	chr2	105699977	111789820	4	4	0
7affb496-0c65-53bc-97e6-798802c9251a	chr2	111793484	112430178	9	5	4
7affb496-0c65-53bc-97e6-798802c9251a	chr2	112430634	112465556	4	2	2
7affb496-0c65-53bc-97e6-798802c9251a	chr2	112466144	113771899	4	4	0
7affb496-0c65-53bc-97e6-798802c9251a	chr2	113772088	113791332	8	8	0
7affb496-0c65-53bc-97e6-798802c9251a	chr2	113792218	114658627	4	4	0
7affb496-0c65-53bc-97e6-798802c9251a	chr2	114659570	114819827	9	9	0
7affb496-0c65-53bc-97e6-798802c9251a	chr2	114824572	125362929	4	4	0
7affb496-0c65-53bc-97e6-798802c9251a	chr2	125364477	125445566	10	7	3
7affb496-0c65-53bc-97e6-798802c9251a	chr2	125446626	126159476	5	4	1
7affb496-0c65-53bc-97e6-798802c9251a	chr2	126159945	140974474	4	4	0
7affb496-0c65-53bc-97e6-798802c9251a	chr2	140976820	140990948	1	1	0
7affb496-0c65-53bc-97e6-798802c9251a	chr2	140993494	144182009	4	4	0
7affb496-0c65-53bc-97e6-798802c9251a	chr2	144183717	145352835	8	4	4
7affb496-0c65-53bc-97e6-798802c9251a	chr2	145357330	150045723	4	4	0
7affb496-0c65-53bc-97e6-798802c9251a	chr2	150046005	150246666	8	6	2
7affb496-0c65-53bc-97e6-798802c9251a	chr2	150259361	154466840	4	4	0
7affb496-0c65-53bc-97e6-798802c9251a	chr2	154467037	154781000	8	5	3
7affb496-0c65-53bc-97e6-798802c9251a	chr2	154781546	154922160	4	4	0
7affb496-0c65-53bc-97e6-798802c9251a	chr2	154923509	155436228	5	4	1
7affb496-0c65-53bc-97e6-798802c9251a	chr2	155440857	159613490	4	4	0
7affb496-0c65-53bc-97e6-798802c9251a	chr2	159618284	160094239	8	4	4
7affb496-0c65-53bc-97e6-798802c9251a	chr2	160096538	162322289	4	4	0
7affb496-0c65-53bc-97e6-798802c9251a	chr2	162328127	163178496	9	5	4
7affb496-0c65-53bc-97e6-798802c9251a	chr2	163183361	174505378	4	4	0
7affb496-0c65-53bc-97e6-798802c9251a	chr2	174505992	175019911	5	4	1
7affb496-0c65-53bc-97e6-798802c9251a	chr2	175022280	179809530	4	4	0
7affb496-0c65-53bc-97e6-798802c9251a	chr2	179812893	179863346	9	8	1
7affb496-0c65-53bc-97e6-798802c9251a	chr2	179864350	181014319	4	4	0
7affb496-0c65-53bc-97e6-798802c9251a	chr2	181015012	181270470	5	4	1
7affb496-0c65-53bc-97e6-798802c9251a	chr2	181273830	188523603	4	4	0
7affb496-0c65-53bc-97e6-798802c9251a	chr2	188525212	189015576	9	5	4
7affb496-0c65-53bc-97e6-798802c9251a	chr2	189017339	189055422	9	6	3
7affb496-0c65-53bc-97e6-798802c9251a	chr2	189059491	190576574	5	3	2
7affb496-0c65-53bc-97e6-798802c9251a	chr2	190576869	194131849	4	4	0
7affb496-0c65-53bc-97e6-798802c9251a	chr2	194133512	194501795	9	7	2
7affb496-0c65-53bc-97e6-798802c9251a	chr2	194510785	198580463	4	4	0
7affb496-0c65-53bc-97e6-798802c9251a	chr2	198586454	198675566	9	7	2
7affb496-0c65-53bc-97e6-798802c9251a	chr2	198690501	199660666	4	4	0
7affb496-0c65-53bc-97e6-798802c9251a	chr2	199664857	199993418	11	7	4
7affb496-0c65-53bc-97e6-798802c9251a	chr2	199994526	200536602	5	4	1
7affb496-0c65-53bc-97e6-798802c9251a	chr2	200536708	200959884	4	4	0
7affb496-0c65-53bc-97e6-798802c9251a	chr2	200959944	201501005	5	4	1
7affb496-0c65-53bc-97e6-798802c9251a	chr2	201507847	202030440	10	6	4
7affb496-0c65-53bc-97e6-798802c9251a	chr2	202030793	203118062	5	4	1
7affb496-0c65-53bc-97e6-798802c9251a	chr2	203120955	206295049	4	4	0
7affb496-0c65-53bc-97e6-798802c9251a	chr2	206299360	206403652	11	11	0
7affb496-0c65-53bc-97e6-798802c9251a	chr2	206410089	206438904	8	8	0
7affb496-0c65-53bc-97e6-798802c9251a	chr2	206443085	213528131	4	4	0
7affb496-0c65-53bc-97e6-798802c9251a	chr2	213537982	213887746	9	6	3
7affb496-0c65-53bc-97e6-798802c9251a	chr2	213891776	214519246	5	4	1
7affb496-0c65-53bc-97e6-798802c9251a	chr2	214519264	216397237	4	4	0
7affb496-0c65-53bc-97e6-798802c9251a	chr2	216400634	216916085	7	5	2
7affb496-0c65-53bc-97e6-798802c9251a	chr2	216920617	218132857	4	4	0
7affb496-0c65-53bc-97e6-798802c9251a	chr2	218137791	218317174	4	3	1
7affb496-0c65-53bc-97e6-798802c9251a	chr2	218320452	218956819	9	7	2
7affb496-0c65-53bc-97e6-798802c9251a	chr2	218956937	219011738	10	10	0
7affb496-0c65-53bc-97e6-798802c9251a	chr2	219014900	221446346	4	4	0
7affb496-0c65-53bc-97e6-798802c9251a	chr2	221446366	221473090	8	7	1
7affb496-0c65-53bc-97e6-798802c9251a	chr2	221473195	224958333	4	4	0
7affb496-0c65-53bc-97e6-798802c9251a	chr2	224963646	227291241	9	5	4
7affb496-0c65-53bc-97e6-798802c9251a	chr2	227291730	227348591	8	8	0
7affb496-0c65-53bc-97e6-798802c9251a	chr2	227352688	227697502	4	4	0
7affb496-0c65-53bc-97e6-798802c9251a	chr2	227699875	228287926	9	5	4
7affb496-0c65-53bc-97e6-798802c9251a	chr2	228292569	231575661	4	4	0
7affb496-0c65-53bc-97e6-798802c9251a	chr2	231576026	232406171	9	5	4
7affb496-0c65-53bc-97e6-798802c9251a	chr2	232415091	234139809	4	4	0
7affb496-0c65-53bc-97e6-798802c9251a	chr2	234141707	235385061	8	4	4
7affb496-0c65-53bc-97e6-798802c9251a	chr2	235385501	235708822	5	4	1
7affb496-0c65-53bc-97e6-798802c9251a	chr2	235708938	237087338	4	4	0
7affb496-0c65-53bc-97e6-798802c9251a	chr2	237087375	238431971	8	4	4
7affb496-0c65-53bc-97e6-798802c9251a	chr2	238434761	238741074	3	3	0
7affb496-0c65-53bc-97e6-798802c9251a	chr2	238742634	239613751	5	4	1
7affb496-0c65-53bc-97e6-798802c9251a	chr2	239614640	242147305	3	3	0
7affb496-0c65-53bc-97e6-798802c9251a	chr3	20930	182919	9	5	4
7affb496-0c65-53bc-97e6-798802c9251a	chr3	188339	274841	4	4	0
7affb496-0c65-53bc-97e6-798802c9251a	chr3	274867	875973	5	4	1
7affb496-0c65-53bc-97e6-798802c9251a	chr3	878074	1026552	4	4	0
7affb496-0c65-53bc-97e6-798802c9251a	chr3	1029678	1185385	10	5	5
7affb496-0c65-53bc-97e6-798802c9251a	chr3	1185698	4499634	4	4	0
7affb496-0c65-53bc-97e6-798802c9251a	chr3	4501324	5146805	7	4	3
7affb496-0c65-53bc-97e6-798802c9251a	chr3	5147549	5903526	4	4	0
7affb496-0c65-53bc-97e6-798802c9251a	chr3	5903834	6404745	6	5	1
7affb496-0c65-53bc-97e6-798802c9251a	chr3	6413010	7707427	9	5	4
7affb496-0c65-53bc-97e6-798802c9251a	chr3	7707455	8052054	8	5	3
7affb496-0c65-53bc-97e6-798802c9251a	chr3	8053587	9137980	4	4	0
7affb496-0c65-53bc-97e6-798802c9251a	chr3	9139719	10262839	8	4	4
7affb496-0c65-53bc-97e6-798802c9251a	chr3	10263745	11026812	4	4	0
7affb496-0c65-53bc-97e6-798802c9251a	chr3	11027871	11856451	9	5	4
7affb496-0c65-53bc-97e6-798802c9251a	chr3	11866564	12143057	4	4	0
7affb496-0c65-53bc-97e6-798802c9251a	chr3	12146180	12821887	9	9	0
7affb496-0c65-53bc-97e6-798802c9251a	chr3	12822760	13863503	4	4	0
7affb496-0c65-53bc-97e6-798802c9251a	chr3	13864044	14599907	7	5	2
7affb496-0c65-53bc-97e6-798802c9251a	chr3	14600771	14772519	5	4	1
7affb496-0c65-53bc-97e6-798802c9251a	chr3	14774246	21508220	4	4	0
7affb496-0c65-53bc-97e6-798802c9251a	chr3	21508572	21700533	7	5	2
7affb496-0c65-53bc-97e6-798802c9251a	chr3	21703548	22630285	4	4	0
7affb496-0c65-53bc-97e6-798802c9251a	chr3	22632109	22924948	5	4	1
7affb496-0c65-53bc-97e6-798802c9251a	chr3	22924972	32008698	4	4	0
7affb496-0c65-53bc-97e6-798802c9251a	chr3	32016931	32049648	7	6	1
7affb496-0c65-53bc-97e6-798802c9251a	chr3	32051777	32106225	9	8	1
7affb496-0c65-53bc-97e6-798802c9251a	chr3	32111743	32888154	4	4	0
7affb496-0c65-53bc-97e6-798802c9251a	chr3	32892613	33196363	6	4	2
7affb496-0c65-53bc-97e6-798802c9251a	chr3	33196501	37901688	4	4	0
7affb496-0c65-53bc-97e6-798802c9251a	chr3	37903926	38177166	9	9	0
7affb496-0c65-53bc-97e6-798802c9251a	chr3	38186518	50502141	4	4	0
7affb496-0c65-53bc-97e6-798802c9251a	chr3	50511464	50563840	7	7	0
7affb496-0c65-53bc-97e6-798802c9251a	chr3	50567263	51115054	8	8	0
7affb496-0c65-53bc-97e6-798802c9251a	chr3	51121752	56466723	4	4	0
7affb496-0c65-53bc-97e6-798802c9251a	chr3	56471023	56790178	9	7	2
7affb496-0c65-53bc-97e6-798802c9251a	chr3	56792085	58122788	4	4	0
7affb496-0c65-53bc-97e6-798802c9251a	chr3	58123435	59323855	7	4	3
7affb496-0c65-53bc-97e6-798802c9251a	chr3	59325451	59449432	6	4	2
7affb496-0c65-53bc-97e6-798802c9251a	chr3	59450044	59700699	7	4	3
7affb496-0c65-53bc-97e6-798802c9251a	chr3	59701698	60300757	4	4	0
7affb496-0c65-53bc-97e6-798802c9251a	chr3	60302699	60390707	8	5	3
7affb496-0c65-53bc-97e6-798802c9251a	chr3	60391445	60757498	5	4	1
7affb496-0c65-53bc-97e6-798802c9251a	chr3	60757586	63379555	4	4	0
7affb496-0c65-53bc-97e6-798802c9251a	chr3	63380145	64029897	8	5	3
7affb496-0c65-53bc-97e6-798802c9251a	chr3	64033966	67738644	4	4	0
7affb496-0c65-53bc-97e6-798802c9251a	chr3	67739197	67844982	0	0	0
7affb496-0c65-53bc-97e6-798802c9251a	chr3	67845677	68334134	4	4	0
7affb496-0c65-53bc-97e6-798802c9251a	chr3	68335017	68512941	8	6	2
7affb496-0c65-53bc-97e6-798802c9251a	chr3	68513081	68528699	7	6	1
7affb496-0c65-53bc-97e6-798802c9251a	chr3	68532059	69614957	4	4	0
7affb496-0c65-53bc-97e6-798802c9251a	chr3	69616151	69666587	7	6	1
7affb496-0c65-53bc-97e6-798802c9251a	chr3	69668178	71825309	4	4	0
7affb496-0c65-53bc-97e6-798802c9251a	chr3	71829595	72065344	9	9	0
7affb496-0c65-53bc-97e6-798802c9251a	chr3	72066573	75117567	4	4	0
7affb496-0c65-53bc-97e6-798802c9251a	chr3	75129078	75774420	8	6	2
7affb496-0c65-53bc-97e6-798802c9251a	chr3	75777035	76701652	4	4	0
7affb496-0c65-53bc-97e6-798802c9251a	chr3	76701933	77242083	8	5	3
7affb496-0c65-53bc-97e6-798802c9251a	chr3	77242163	81093695	4	4	0
7affb496-0c65-53bc-97e6-798802c9251a	chr3	81094718	82072363	7	4	3
7affb496-0c65-53bc-97e6-798802c9251a	chr3	82076149	96084078	4	4	0
7affb496-0c65-53bc-97e6-798802c9251a	chr3	96092538	97069367	10	5	5
7affb496-0c65-53bc-97e6-798802c9251a	chr3	97069776	99775250	4	4	0
7affb496-0c65-53bc-97e6-798802c9251a	chr3	99775371	100580485	9	5	4
7affb496-0c65-53bc-97e6-798802c9251a	chr3	100585258	103071436	4	4	0
7affb496-0c65-53bc-97e6-798802c9251a	chr3	103071543	103311745	9	8	1
7affb496-0c65-53bc-97e6-798802c9251a	chr3	103314882	110366920	4	4	0
7affb496-0c65-53bc-97e6-798802c9251a	chr3	110368417	110749084	4	3	1
7affb496-0c65-53bc-97e6-798802c9251a	chr3	110749273	110804108	10	8	2
7affb496-0c65-53bc-97e6-798802c9251a	chr3	110805481	110957150	9	8	1
7affb496-0c65-53bc-97e6-798802c9251a	chr3	110957830	115765806	4	4	0
7affb496-0c65-53bc-97e6-798802c9251a	chr3	115770999	116559662	0	0	0
7affb496-0c65-53bc-97e6-798802c9251a	chr3	116560153	144040376	4	4	0
7affb496-0c65-53bc-97e6-798802c9251a	chr3	144040645	144702169	10	5	5
7affb496-0c65-53bc-97e6-798802c9251a	chr3	144704778	144830047	4	3	1
7affb496-0c65-53bc-97e6-798802c9251a	chr3	144830999	145383055	4	4	0
7affb496-0c65-53bc-97e6-798802c9251a	chr3	145383236	145699552	9	7	2
7affb496-0c65-53bc-97e6-798802c9251a	chr3	145701313	148196398	4	4	0
7affb496-0c65-53bc-97e6-798802c9251a	chr3	148197729	148867677	8	5	3
7affb496-0c65-53bc-97e6-798802c9251a	chr3	148868540	149045139	4	3	1
7affb496-0c65-53bc-97e6-798802c9251a	chr3	149049291	149424125	8	5	3
7affb496-0c65-53bc-97e6-798802c9251a	chr3	149425239	151465409	4	4	0
7affb496-0c65-53bc-97e6-798802c9251a	chr3	151467074	151675421	7	6	1
7affb496-0c65-53bc-97e6-798802c9251a	chr3	151675451	153388694	4	4	0
7affb496-0c65-53bc-97e6-798802c9251a	chr3	153401124	153568474	10	8	2
7affb496-0c65-53bc-97e6-798802c9251a	chr3	153568774	154709817	4	4	0
7affb496-0c65-53bc-97e6-798802c9251a	chr3	154710496	155180338	6	5	1
7affb496-0c65-53bc-97e6-798802c9251a	chr3	155180618	158619976	4	4	0
7affb496-0c65-53bc-97e6-798802c9251a	chr3	158621752	159382021	6	4	2
7affb496-0c65-53bc-97e6-798802c9251a	chr3	159382537	159580298	9	5	4
7affb496-0c65-53bc-97e6-798802c9251a	chr3	159583554	161367817	4	4	0
7affb496-0c65-53bc-97e6-798802c9251a	chr3	161372980	162608707	10	5	5
7affb496-0c65-53bc-97e6-798802c9251a	chr3	162610176	166809886	4	4	0
7affb496-0c65-53bc-97e6-798802c9251a	chr3	166812826	166832162	8	8	0
7affb496-0c65-53bc-97e6-798802c9251a	chr3	166832345	168043097	5	5	0
7affb496-0c65-53bc-97e6-798802c9251a	chr3	168043731	168745587	8	6	2
7affb496-0c65-53bc-97e6-798802c9251a	chr3	168746747	169825920	5	5	0
7affb496-0c65-53bc-97e6-798802c9251a	chr3	169830668	170641612	8	5	3
7affb496-0c65-53bc-97e6-798802c9251a	chr3	170644830	172069981	4	4	0
7affb496-0c65-53bc-97e6-798802c9251a	chr3	172073433	172719226	9	5	4
7affb496-0c65-53bc-97e6-798802c9251a	chr3	172722479	173026084	4	4	0
7affb496-0c65-53bc-97e6-798802c9251a	chr3	173029377	173138452	9	7	2
7affb496-0c65-53bc-97e6-798802c9251a	chr3	173142421	173359429	5	5	0
7affb496-0c65-53bc-97e6-798802c9251a	chr3	173363606	173434969	10	8	2
7affb496-0c65-53bc-97e6-798802c9251a	chr3	173434993	173614850	4	4	0
7affb496-0c65-53bc-97e6-798802c9251a	chr3	173614990	173765818	4	3	1
7affb496-0c65-53bc-97e6-798802c9251a	chr3	173769635	174905791	10	5	5
7affb496-0c65-53bc-97e6-798802c9251a	chr3	174906516	175528039	5	5	0
7affb496-0c65-53bc-97e6-798802c9251a	chr3	175528068	176058360	7	5	2
7affb496-0c65-53bc-97e6-798802c9251a	chr3	176059319	176237213	10	5	5
7affb496-0c65-53bc-97e6-798802c9251a	chr3	176239435	176347901	4	3	1
7affb496-0c65-53bc-97e6-798802c9251a	chr3	176349686	177202109	10	5	5
7affb496-0c65-53bc-97e6-798802c9251a	chr3	177202684	178108259	5	5	0
7affb496-0c65-53bc-97e6-798802c9251a	chr3	178113819	179959316	10	5	5
7affb496-0c65-53bc-97e6-798802c9251a	chr3	179962525	182622175	5	5	0
7affb496-0c65-53bc-97e6-798802c9251a	chr3	182628023	182955471	6	5	1
7affb496-0c65-53bc-97e6-798802c9251a	chr3	182955893	184183601	8	5	3
7affb496-0c65-53bc-97e6-798802c9251a	chr3	184184700	186437482	5	5	0
7affb496-0c65-53bc-97e6-798802c9251a	chr3	186441320	186543908	6	5	1
7affb496-0c65-53bc-97e6-798802c9251a	chr3	186544667	190220312	5	5	0
7affb496-0c65-53bc-97e6-798802c9251a	chr3	190222452	190461246	5	4	1
7affb496-0c65-53bc-97e6-798802c9251a	chr3	190461496	192004244	4	4	0
7affb496-0c65-53bc-97e6-798802c9251a	chr3	192006865	192456849	6	4	2
7affb496-0c65-53bc-97e6-798802c9251a	chr3	192459755	192934918	10	5	5
7affb496-0c65-53bc-97e6-798802c9251a	chr3	192936960	194149526	4	4	0
7affb496-0c65-53bc-97e6-798802c9251a	chr3	194149827	195729053	6	5	1
7affb496-0c65-53bc-97e6-798802c9251a	chr3	195729069	197348850	4	4	0
7affb496-0c65-53bc-97e6-798802c9251a	chr3	197350933	197450999	7	6	1
7affb496-0c65-53bc-97e6-798802c9251a	chr3	197457745	197536925	9	5	4
7affb496-0c65-53bc-97e6-798802c9251a	chr3	197543109	198169247	4	4	0
7affb496-0c65-53bc-97e6-798802c9251a	chr4	68929	5759285	3	3	0
7affb496-0c65-53bc-97e6-798802c9251a	chr4	5759639	44326837	4	4	0
7affb496-0c65-53bc-97e6-798802c9251a	chr4	44328864	45193827	6	4	2
7affb496-0c65-53bc-97e6-798802c9251a	chr4	45197488	45967600	9	5	4
7affb496-0c65-53bc-97e6-798802c9251a	chr4	45967854	93013583	6	4	2
7affb496-0c65-53bc-97e6-798802c9251a	chr4	93015786	93359614	3	3	0
7affb496-0c65-53bc-97e6-798802c9251a	chr4	93361556	113666432	6	4	2
7affb496-0c65-53bc-97e6-798802c9251a	chr4	113669533	114077132	7	4	3
7affb496-0c65-53bc-97e6-798802c9251a	chr4	114077300	151257429	6	4	2
7affb496-0c65-53bc-97e6-798802c9251a	chr4	151260315	151580139	3	2	1
7affb496-0c65-53bc-97e6-798802c9251a	chr4	151580360	190106768	6	4	2
7affb496-0c65-53bc-97e6-798802c9251a	chr5	15532	21944442	6	4	2
7affb496-0c65-53bc-97e6-798802c9251a	chr5	21950193	24405032	9	7	2
7affb496-0c65-53bc-97e6-798802c9251a	chr5	24405734	67879827	6	4	2
7affb496-0c65-53bc-97e6-798802c9251a	chr5	67881005	165391131	4	4	0
7affb496-0c65-53bc-97e6-798802c9251a	chr5	165394573	165742761	0	0	0
7affb496-0c65-53bc-97e6-798802c9251a	chr5	165745079	165825959	5	4	1
7affb496-0c65-53bc-97e6-798802c9251a	chr5	165828980	167324171	0	0	0
7affb496-0c65-53bc-97e6-798802c9251a	chr5	167325276	167587441	4	4	0
7affb496-0c65-53bc-97e6-798802c9251a	chr5	167588269	167837563	0	0	0
7affb496-0c65-53bc-97e6-798802c9251a	chr5	167840247	167874542	4	3	1
7affb496-0c65-53bc-97e6-798802c9251a	chr5	167876234	167970535	4	4	0
7affb496-0c65-53bc-97e6-798802c9251a	chr5	167970608	167980537	4	3	1
7affb496-0c65-53bc-97e6-798802c9251a	chr5	167981361	168081512	0	0	0
7affb496-0c65-53bc-97e6-798802c9251a	chr5	168081950	181363319	4	4	0
7affb496-0c65-53bc-97e6-798802c9251a	chr6	149661	35428090	4	4	0
7affb496-0c65-53bc-97e6-798802c9251a	chr6	35435008	44395307	6	4	2
7affb496-0c65-53bc-97e6-798802c9251a	chr6	44395429	44911404	9	5	4
7affb496-0c65-53bc-97e6-798802c9251a	chr6	44913200	45979073	6	4	2
7affb496-0c65-53bc-97e6-798802c9251a	chr6	45979730	46564905	9	5	4
7affb496-0c65-53bc-97e6-798802c9251a	chr6	46565259	47858220	4	4	0
7affb496-0c65-53bc-97e6-798802c9251a	chr6	47858642	47986525	8	6	2
7affb496-0c65-53bc-97e6-798802c9251a	chr6	47993247	48572898	4	4	0
7affb496-0c65-53bc-97e6-798802c9251a	chr6	48578086	48819397	10	7	3
7affb496-0c65-53bc-97e6-798802c9251a	chr6	48824488	49761823	4	4	0
7affb496-0c65-53bc-97e6-798802c9251a	chr6	49762234	50682426	10	5	5
7affb496-0c65-53bc-97e6-798802c9251a	chr6	50683624	52637859	4	4	0
7affb496-0c65-53bc-97e6-798802c9251a	chr6	52642487	54185080	5	5	0
7affb496-0c65-53bc-97e6-798802c9251a	chr6	54187001	60467835	3	3	0
7affb496-0c65-53bc-97e6-798802c9251a	chr6	60467852	66940063	4	4	0
7affb496-0c65-53bc-97e6-798802c9251a	chr6	66942272	66978368	2	2	0
7affb496-0c65-53bc-97e6-798802c9251a	chr6	66978390	170741917	4	4	0
7affb496-0c65-53bc-97e6-798802c9251a	chr7	43259	3673562	5	3	2
7affb496-0c65-53bc-97e6-798802c9251a	chr7	3675332	19326767	6	4	2
7affb496-0c65-53bc-97e6-798802c9251a	chr7	19326885	20090814	2	2	0
7affb496-0c65-53bc-97e6-798802c9251a	chr7	20094606	110268103	6	4	2
7affb496-0c65-53bc-97e6-798802c9251a	chr7	110269802	111041554	2	2	0
7affb496-0c65-53bc-97e6-798802c9251a	chr7	111041585	111060467	1	1	0
7affb496-0c65-53bc-97e6-798802c9251a	chr7	111064646	146428083	6	4	2
7affb496-0c65-53bc-97e6-798802c9251a	chr7	146434251	146734124	1	1	0
7affb496-0c65-53bc-97e6-798802c9251a	chr7	146734721	147015270	0	0	0
7affb496-0c65-53bc-97e6-798802c9251a	chr7	147015774	147668398	1	1	0
7affb496-0c65-53bc-97e6-798802c9251a	chr7	147671644	148202586	6	4	2
7affb496-0c65-53bc-97e6-798802c9251a	chr7	148203870	148483802	3	3	0
7affb496-0c65-53bc-97e6-798802c9251a	chr7	148488336	159334314	6	4	2
7affb496-0c65-53bc-97e6-798802c9251a	chr8	81254	31495302	4	3	1
7affb496-0c65-53bc-97e6-798802c9251a	chr8	31496583	36847925	5	3	2
7affb496-0c65-53bc-97e6-798802c9251a	chr8	36852985	43912083	7	4	3
7affb496-0c65-53bc-97e6-798802c9251a	chr8	43923771	90089111	10	6	4
7affb496-0c65-53bc-97e6-798802c9251a	chr8	90089301	91116960	11	6	5
7affb496-0c65-53bc-97e6-798802c9251a	chr8	91117420	138656962	10	6	4
7affb496-0c65-53bc-97e6-798802c9251a	chr8	138658741	145072769	6	3	3
7affb496-0c65-53bc-97e6-798802c9251a	chr9	46587	14632791	1	1	0
7affb496-0c65-53bc-97e6-798802c9251a	chr9	14633288	21606787	2	2	0
7affb496-0c65-53bc-97e6-798802c9251a	chr9	21607756	21952149	1	1	0
7affb496-0c65-53bc-97e6-798802c9251a	chr9	21954954	25422249	2	2	0
7affb496-0c65-53bc-97e6-798802c9251a	chr9	25423969	25544795	3	2	1
7affb496-0c65-53bc-97e6-798802c9251a	chr9	25544993	27281060	2	2	0
7affb496-0c65-53bc-97e6-798802c9251a	chr9	27285644	28050693	5	3	2
7affb496-0c65-53bc-97e6-798802c9251a	chr9	28055605	28941461	7	5	2
7affb496-0c65-53bc-97e6-798802c9251a	chr9	28941541	29322880	3	2	1
7affb496-0c65-53bc-97e6-798802c9251a	chr9	29323403	33113123	2	2	0
7affb496-0c65-53bc-97e6-798802c9251a	chr9	33113198	33143735	2	1	1
7affb496-0c65-53bc-97e6-798802c9251a	chr9	33144106	33437557	5	3	2
7affb496-0c65-53bc-97e6-798802c9251a	chr9	33439831	34417951	2	2	0
7affb496-0c65-53bc-97e6-798802c9251a	chr9	34419754	34429884	1	1	0
7affb496-0c65-53bc-97e6-798802c9251a	chr9	34431067	34903678	6	4	2
7affb496-0c65-53bc-97e6-798802c9251a	chr9	34905627	35743281	2	2	0
7affb496-0c65-53bc-97e6-798802c9251a	chr9	35751953	35903320	7	4	3
7affb496-0c65-53bc-97e6-798802c9251a	chr9	35903401	38406194	2	2	0
7affb496-0c65-53bc-97e6-798802c9251a	chr9	38406652	38642304	4	2	2
7affb496-0c65-53bc-97e6-798802c9251a	chr9	38642563	41741113	3	3	0
7affb496-0c65-53bc-97e6-798802c9251a	chr9	60863881	71356106	4	4	0
7affb496-0c65-53bc-97e6-798802c9251a	chr9	71356167	71572302	8	6	2
7affb496-0c65-53bc-97e6-798802c9251a	chr9	71574069	72153706	4	4	0
7affb496-0c65-53bc-97e6-798802c9251a	chr9	72154315	72502626	7	6	1
7affb496-0c65-53bc-97e6-798802c9251a	chr9	72504878	74980529	4	4	0
7affb496-0c65-53bc-97e6-798802c9251a	chr9	74981962	75397543	9	5	4
7affb496-0c65-53bc-97e6-798802c9251a	chr9	75397746	75550845	4	3	1
7affb496-0c65-53bc-97e6-798802c9251a	chr9	75559870	76314170	7	4	3
7affb496-0c65-53bc-97e6-798802c9251a	chr9	76314367	78683807	4	4	0
7affb496-0c65-53bc-97e6-798802c9251a	chr9	78685801	78827769	7	4	3
7affb496-0c65-53bc-97e6-798802c9251a	chr9	78828159	86198007	4	4	0
7affb496-0c65-53bc-97e6-798802c9251a	chr9	86202623	87274550	7	4	3
7affb496-0c65-53bc-97e6-798802c9251a	chr9	87275895	87854738	4	4	0
7affb496-0c65-53bc-97e6-798802c9251a	chr9	87860173	88113726	6	5	1
7affb496-0c65-53bc-97e6-798802c9251a	chr9	88116525	89035645	4	4	0
7affb496-0c65-53bc-97e6-798802c9251a	chr9	89036506	89687084	4	3	1
7affb496-0c65-53bc-97e6-798802c9251a	chr9	89687585	89723826	7	5	2
7affb496-0c65-53bc-97e6-798802c9251a	chr9	89723865	89727210	9	9	0
7affb496-0c65-53bc-97e6-798802c9251a	chr9	89727601	89820403	3	3	0
7affb496-0c65-53bc-97e6-798802c9251a	chr9	89820610	90162263	7	5	2
7affb496-0c65-53bc-97e6-798802c9251a	chr9	90166733	91811471	4	4	0
7affb496-0c65-53bc-97e6-798802c9251a	chr9	91812204	92420342	9	5	4
7affb496-0c65-53bc-97e6-798802c9251a	chr9	92431334	93944118	4	4	0
7affb496-0c65-53bc-97e6-798802c9251a	chr9	93949127	94909094	8	4	4
7affb496-0c65-53bc-97e6-798802c9251a	chr9	94910050	95039949	5	4	1
7affb496-0c65-53bc-97e6-798802c9251a	chr9	95043529	98117017	4	4	0
7affb496-0c65-53bc-97e6-798802c9251a	chr9	98119458	98283981	7	5	2
7affb496-0c65-53bc-97e6-798802c9251a	chr9	98284016	103103609	4	4	0
7affb496-0c65-53bc-97e6-798802c9251a	chr9	103104173	103660969	5	4	1
7affb496-0c65-53bc-97e6-798802c9251a	chr9	103661182	103934883	4	4	0
7affb496-0c65-53bc-97e6-798802c9251a	chr9	103935910	104830807	6	4	2
7affb496-0c65-53bc-97e6-798802c9251a	chr9	104830901	105820675	9	5	4
7affb496-0c65-53bc-97e6-798802c9251a	chr9	105820925	106856362	6	4	2
7affb496-0c65-53bc-97e6-798802c9251a	chr9	106870072	107115309	9	5	4
7affb496-0c65-53bc-97e6-798802c9251a	chr9	107120051	107305532	3	3	0
7affb496-0c65-53bc-97e6-798802c9251a	chr9	107316535	107470829	8	6	2
7affb496-0c65-53bc-97e6-798802c9251a	chr9	107474324	114866450	4	4	0
7affb496-0c65-53bc-97e6-798802c9251a	chr9	114868396	115770004	9	5	4
7affb496-0c65-53bc-97e6-798802c9251a	chr9	115771375	122092271	4	4	0
7affb496-0c65-53bc-97e6-798802c9251a	chr9	122102106	122340315	7	4	3
7affb496-0c65-53bc-97e6-798802c9251a	chr9	122343109	125606687	3	3	0
7affb496-0c65-53bc-97e6-798802c9251a	chr9	125606945	126518608	6	3	3
7affb496-0c65-53bc-97e6-798802c9251a	chr9	126522293	130673464	3	3	0
7affb496-0c65-53bc-97e6-798802c9251a	chr9	130673971	131091727	5	3	2
7affb496-0c65-53bc-97e6-798802c9251a	chr9	131091908	131745945	3	3	0
7affb496-0c65-53bc-97e6-798802c9251a	chr9	131750820	132151518	7	4	3
7affb496-0c65-53bc-97e6-798802c9251a	chr9	132152467	132170367	2	2	0
7affb496-0c65-53bc-97e6-798802c9251a	chr9	132171498	132686189	6	3	3
7affb496-0c65-53bc-97e6-798802c9251a	chr9	132686383	134210223	3	3	0
7affb496-0c65-53bc-97e6-798802c9251a	chr9	134211280	134658852	6	3	3
7affb496-0c65-53bc-97e6-798802c9251a	chr9	134660552	135201929	3	3	0
7affb496-0c65-53bc-97e6-798802c9251a	chr9	135202513	135538252	4	3	1
7affb496-0c65-53bc-97e6-798802c9251a	chr9	135538608	136541024	6	3	3
7affb496-0c65-53bc-97e6-798802c9251a	chr9	136561387	137412474	2	2	0
7affb496-0c65-53bc-97e6-798802c9251a	chr9	137414621	138200944	5	3	2
7affb496-0c65-53bc-97e6-798802c9251a	chr10	45792	377731	0	0	0
7affb496-0c65-53bc-97e6-798802c9251a	chr10	378260	1537145	1	1	0
7affb496-0c65-53bc-97e6-798802c9251a	chr10	1538467	1833654	2	2	0
7affb496-0c65-53bc-97e6-798802c9251a	chr10	1833751	2511048	4	4	0
7affb496-0c65-53bc-97e6-798802c9251a	chr10	2512121	7455760	5	5	0
7affb496-0c65-53bc-97e6-798802c9251a	chr10	7455855	7695888	3	3	0
7affb496-0c65-53bc-97e6-798802c9251a	chr10	7696448	12329049	5	5	0
7affb496-0c65-53bc-97e6-798802c9251a	chr10	12335022	12920008	1	1	0
7affb496-0c65-53bc-97e6-798802c9251a	chr10	12922945	13905651	5	5	0
7affb496-0c65-53bc-97e6-798802c9251a	chr10	13906156	14706753	3	3	0
7affb496-0c65-53bc-97e6-798802c9251a	chr10	14711583	15346581	5	5	0
7affb496-0c65-53bc-97e6-798802c9251a	chr10	15346890	16687608	3	3	0
7affb496-0c65-53bc-97e6-798802c9251a	chr10	16690042	28870419	1	1	0
7affb496-0c65-53bc-97e6-798802c9251a	chr10	28871256	34819154	2	1	1
7affb496-0c65-53bc-97e6-798802c9251a	chr10	34823866	42766943	1	1	0
7affb496-0c65-53bc-97e6-798802c9251a	chr10	42769430	58699295	2	2	0
7affb496-0c65-53bc-97e6-798802c9251a	chr10	58700265	59317454	4	2	2
7affb496-0c65-53bc-97e6-798802c9251a	chr10	59324408	61269984	2	2	0
7affb496-0c65-53bc-97e6-798802c9251a	chr10	61270788	61281310	6	5	1
7affb496-0c65-53bc-97e6-798802c9251a	chr10	61281790	62884173	6	4	2
7affb496-0c65-53bc-97e6-798802c9251a	chr10	62885084	63236049	5	3	2
7affb496-0c65-53bc-97e6-798802c9251a	chr10	63236340	64842465	2	2	0
7affb496-0c65-53bc-97e6-798802c9251a	chr10	64845345	65081869	7	5	2
7affb496-0c65-53bc-97e6-798802c9251a	chr10	65082386	65261779	2	2	0
7affb496-0c65-53bc-97e6-798802c9251a	chr10	65265401	66034473	7	5	2
7affb496-0c65-53bc-97e6-798802c9251a	chr10	66038154	69031295	2	2	0
7affb496-0c65-53bc-97e6-798802c9251a	chr10	69031503	69447074	6	4	2
7affb496-0c65-53bc-97e6-798802c9251a	chr10	69448813	74483014	2	2	0
7affb496-0c65-53bc-97e6-798802c9251a	chr10	74487317	75481828	4	2	2
7affb496-0c65-53bc-97e6-798802c9251a	chr10	75482303	76437825	7	5	2
7affb496-0c65-53bc-97e6-798802c9251a	chr10	76438349	77196839	1	1	0
7affb496-0c65-53bc-97e6-798802c9251a	chr10	77197087	77700382	2	2	0
7affb496-0c65-53bc-97e6-798802c9251a	chr10	77702422	78108905	3	2	1
7affb496-0c65-53bc-97e6-798802c9251a	chr10	78110427	78427948	2	2	0
7affb496-0c65-53bc-97e6-798802c9251a	chr10	78432961	78474615	7	5	2
7affb496-0c65-53bc-97e6-798802c9251a	chr10	78475611	81316627	2	2	0
7affb496-0c65-53bc-97e6-798802c9251a	chr10	81334591	81542289	7	7	0
7affb496-0c65-53bc-97e6-798802c9251a	chr10	81543800	82426395	2	2	0
7affb496-0c65-53bc-97e6-798802c9251a	chr10	82431981	82453738	7	6	1
7affb496-0c65-53bc-97e6-798802c9251a	chr10	82455245	82514204	6	4	2
7affb496-0c65-53bc-97e6-798802c9251a	chr10	82517767	82601941	2	2	0
7affb496-0c65-53bc-97e6-798802c9251a	chr10	82602418	84551743	1	1	0
7affb496-0c65-53bc-97e6-798802c9251a	chr10	84553671	84681542	6	5	1
7affb496-0c65-53bc-97e6-798802c9251a	chr10	84683975	84756738	1	1	0
7affb496-0c65-53bc-97e6-798802c9251a	chr10	84766209	85172495	5	4	1
7affb496-0c65-53bc-97e6-798802c9251a	chr10	85173861	86397082	1	1	0
7affb496-0c65-53bc-97e6-798802c9251a	chr10	86397115	87420466	6	5	1
7affb496-0c65-53bc-97e6-798802c9251a	chr10	87420480	88728274	1	1	0
7affb496-0c65-53bc-97e6-798802c9251a	chr10	88728707	89777325	2	2	0
7affb496-0c65-53bc-97e6-798802c9251a	chr10	89783913	90389868	6	4	2
7affb496-0c65-53bc-97e6-798802c9251a	chr10	90391704	91043212	2	2	0
7affb496-0c65-53bc-97e6-798802c9251a	chr10	91046457	91255322	7	5	2
7affb496-0c65-53bc-97e6-798802c9251a	chr10	91259429	110080967	2	2	0
7affb496-0c65-53bc-97e6-798802c9251a	chr10	110086929	111856497	7	5	2
7affb496-0c65-53bc-97e6-798802c9251a	chr10	111857002	115887004	2	2	0
7affb496-0c65-53bc-97e6-798802c9251a	chr10	115888908	133654968	4	2	2
7affb496-0c65-53bc-97e6-798802c9251a	chr11	198510	36125091	4	4	0
7affb496-0c65-53bc-97e6-798802c9251a	chr11	36125158	36315083	2	2	0
7affb496-0c65-53bc-97e6-798802c9251a	chr11	36318123	84951266	4	4	0
7affb496-0c65-53bc-97e6-798802c9251a	chr11	84955791	86314173	0	0	0
7affb496-0c65-53bc-97e6-798802c9251a	chr11	86322540	107681196	4	4	0
7affb496-0c65-53bc-97e6-798802c9251a	chr11	107681384	107788298	8	8	0
7affb496-0c65-53bc-97e6-798802c9251a	chr11	107788514	131424122	4	4	0
7affb496-0c65-53bc-97e6-798802c9251a	chr11	131427916	131502350	0	0	0
7affb496-0c65-53bc-97e6-798802c9251a	chr11	131502654	131622951	3	3	0
7affb496-0c65-53bc-97e6-798802c9251a	chr11	131625614	132160010	0	0	0
7affb496-0c65-53bc-97e6-798802c9251a	chr11	132160863	135074876	4	4	0
7affb496-0c65-53bc-97e6-798802c9251a	chr12	51460	11798181	4	4	0
7affb496-0c65-53bc-97e6-798802c9251a	chr12	11799490	46043042	5	5	0
7affb496-0c65-53bc-97e6-798802c9251a	chr12	46045569	133201603	4	4	0
7affb496-0c65-53bc-97e6-798802c9251a	chr13	18452809	29916344	2	2	0
7affb496-0c65-53bc-97e6-798802c9251a	chr13	29916426	30245138	3	2	1
7affb496-0c65-53bc-97e6-798802c9251a	chr13	30249861	30534371	6	4	2
7affb496-0c65-53bc-97e6-798802c9251a	chr13	30534590	30856349	3	2	1
7affb496-0c65-53bc-97e6-798802c9251a	chr13	30856449	58400785	2	2	0
7affb496-0c65-53bc-97e6-798802c9251a	chr13	58406235	59136549	7	5	2
7affb496-0c65-53bc-97e6-798802c9251a	chr13	59138208	61917397	2	2	0
7affb496-0c65-53bc-97e6-798802c9251a	chr13	61917920	62208071	7	6	1
7affb496-0c65-53bc-97e6-798802c9251a	chr13	62208137	62593381	7	7	0
7affb496-0c65-53bc-97e6-798802c9251a	chr13	62594585	64954276	2	2	0
7affb496-0c65-53bc-97e6-798802c9251a	chr13	64967182	65855546	7	5	2
7affb496-0c65-53bc-97e6-798802c9251a	chr13	65858086	66399133	2	2	0
7affb496-0c65-53bc-97e6-798802c9251a	chr13	66406322	66812541	7	5	2
7affb496-0c65-53bc-97e6-798802c9251a	chr13	66815638	69628850	2	2	0
7affb496-0c65-53bc-97e6-798802c9251a	chr13	69630004	69953693	7	5	2
7affb496-0c65-53bc-97e6-798802c9251a	chr13	69956373	70544891	2	2	0
7affb496-0c65-53bc-97e6-798802c9251a	chr13	70548135	70666700	7	5	2
7affb496-0c65-53bc-97e6-798802c9251a	chr13	70670046	71936566	2	2	0
7affb496-0c65-53bc-97e6-798802c9251a	chr13	71937111	72329817	7	5	2
7affb496-0c65-53bc-97e6-798802c9251a	chr13	72331198	73482468	2	2	0
7affb496-0c65-53bc-97e6-798802c9251a	chr13	73483778	73528937	6	5	1
7affb496-0c65-53bc-97e6-798802c9251a	chr13	73531738	74131973	5	3	2
7affb496-0c65-53bc-97e6-798802c9251a	chr13	74137294	75630376	2	2	0
7affb496-0c65-53bc-97e6-798802c9251a	chr13	75630960	75888622	3	2	1
7affb496-0c65-53bc-97e6-798802c9251a	chr13	75888948	76459563	2	2	0
7affb496-0c65-53bc-97e6-798802c9251a	chr13	76459665	76856476	0	0	0
7affb496-0c65-53bc-97e6-798802c9251a	chr13	76858033	77897495	2	2	0
7affb496-0c65-53bc-97e6-798802c9251a	chr13	77898709	78215384	6	4	2
7affb496-0c65-53bc-97e6-798802c9251a	chr13	78222874	80280327	2	2	0
7affb496-0c65-53bc-97e6-798802c9251a	chr13	80288544	80470470	7	5	2
7affb496-0c65-53bc-97e6-798802c9251a	chr13	80473305	82994224	2	2	0
7affb496-0c65-53bc-97e6-798802c9251a	chr13	82998099	83574066	7	5	2
7affb496-0c65-53bc-97e6-798802c9251a	chr13	83574425	90993509	2	2	0
7affb496-0c65-53bc-97e6-798802c9251a	chr13	90993924	91632081	7	5	2
7affb496-0c65-53bc-97e6-798802c9251a	chr13	91632303	91657272	7	6	1
7affb496-0c65-53bc-97e6-798802c9251a	chr13	91658948	94760918	2	2	0
7affb496-0c65-53bc-97e6-798802c9251a	chr13	94762300	95145787	4	2	2
7affb496-0c65-53bc-97e6-798802c9251a	chr13	95156664	97066836	2	2	0
7affb496-0c65-53bc-97e6-798802c9251a	chr13	97067593	97445026	7	5	2
7affb496-0c65-53bc-97e6-798802c9251a	chr13	97445097	97830161	2	2	0
7affb496-0c65-53bc-97e6-798802c9251a	chr13	97832007	98170894	3	2	1
7affb496-0c65-53bc-97e6-798802c9251a	chr13	98171783	100490407	2	2	0
7affb496-0c65-53bc-97e6-798802c9251a	chr13	100499106	101118525	5	3	2
7affb496-0c65-53bc-97e6-798802c9251a	chr13	101123256	104287944	2	2	0
7affb496-0c65-53bc-97e6-798802c9251a	chr13	104291642	104772904	4	2	2
7affb496-0c65-53bc-97e6-798802c9251a	chr13	104773295	106830198	2	2	0
7affb496-0c65-53bc-97e6-798802c9251a	chr13	106833317	106841151	8	7	1
7affb496-0c65-53bc-97e6-798802c9251a	chr13	106841599	107026553	7	5	2
7affb496-0c65-53bc-97e6-798802c9251a	chr13	107026680	111637136	2	2	0
7affb496-0c65-53bc-97e6-798802c9251a	chr13	111637285	113100590	3	2	1
7affb496-0c65-53bc-97e6-798802c9251a	chr13	113102878	114342922	2	2	0
7affb496-0c65-53bc-97e6-798802c9251a	chr14	18239283	24344166	8	6	2
7affb496-0c65-53bc-97e6-798802c9251a	chr14	24345915	27825134	9	7	2
7affb496-0c65-53bc-97e6-798802c9251a	chr14	27826190	34225037	12	10	2
7affb496-0c65-53bc-97e6-798802c9251a	chr14	34225459	37659826	10	8	2
7affb496-0c65-53bc-97e6-798802c9251a	chr14	37665374	39682586	6	4	2
7affb496-0c65-53bc-97e6-798802c9251a	chr14	39683442	78817001	4	2	2
7affb496-0c65-53bc-97e6-798802c9251a	chr14	78818057	79016634	1	1	0
7affb496-0c65-53bc-97e6-798802c9251a	chr14	79017890	79676214	2	2	0
7affb496-0c65-53bc-97e6-798802c9251a	chr14	79679916	80007643	0	0	0
7affb496-0c65-53bc-97e6-798802c9251a	chr14	80009415	80446226	2	2	0
7affb496-0c65-53bc-97e6-798802c9251a	chr14	80448285	106877229	4	2	2
7affb496-0c65-53bc-97e6-798802c9251a	chr15	19811075	32642682	4	2	2
7affb496-0c65-53bc-97e6-798802c9251a	chr15	32642856	75709285	3	2	1
7affb496-0c65-53bc-97e6-798802c9251a	chr15	75714355	80934079	5	3	2
7affb496-0c65-53bc-97e6-798802c9251a	chr15	80934522	90443679	6	4	2
7affb496-0c65-53bc-97e6-798802c9251a	chr15	90444784	100526913	8	6	2
7affb496-0c65-53bc-97e6-798802c9251a	chr15	100530258	100885073	6	4	2
7affb496-0c65-53bc-97e6-798802c9251a	chr15	100885414	101059665	9	7	2
7affb496-0c65-53bc-97e6-798802c9251a	chr15	101062353	101928837	5	3	2
7affb496-0c65-53bc-97e6-798802c9251a	chr16	10777	4675360	3	3	0
7affb496-0c65-53bc-97e6-798802c9251a	chr16	4675449	35225338	4	4	0
7affb496-0c65-53bc-97e6-798802c9251a	chr16	35232200	35374520	8	8	0
7affb496-0c65-53bc-97e6-798802c9251a	chr16	35375297	36048855	5	5	0
7affb496-0c65-53bc-97e6-798802c9251a	chr16	46441986	82109936	4	4	0
7affb496-0c65-53bc-97e6-798802c9251a	chr16	82110082	82152516	7	7	0
7affb496-0c65-53bc-97e6-798802c9251a	chr16	82152778	83832303	8	4	4
7affb496-0c65-53bc-97e6-798802c9251a	chr16	83833340	88048345	7	4	3
7affb496-0c65-53bc-97e6-798802c9251a	chr16	88048457	90096867	6	3	3
7affb496-0c65-53bc-97e6-798802c9251a	chr17	150733	15370695	4	4	0
7affb496-0c65-53bc-97e6-798802c9251a	chr17	15373388	16224640	9	5	4
7affb496-0c65-53bc-97e6-798802c9251a	chr17	16226810	20268830	4	4	0
7affb496-0c65-53bc-97e6-798802c9251a	chr17	20269411	20488766	9	7	2
7affb496-0c65-53bc-97e6-798802c9251a	chr17	20488774	22372954	4	4	0
7affb496-0c65-53bc-97e6-798802c9251a	chr17	22374123	28514950	5	3	2
7affb496-0c65-53bc-97e6-798802c9251a	chr17	28515194	29253219	5	4	1
7affb496-0c65-53bc-97e6-798802c9251a	chr17	29254545	30211819	3	3	0
7affb496-0c65-53bc-97e6-798802c9251a	chr17	30213681	30685581	5	4	1
7affb496-0c65-53bc-97e6-798802c9251a	chr17	30686187	34333222	3	3	0
7affb496-0c65-53bc-97e6-798802c9251a	chr17	34334389	34577461	8	4	4
7affb496-0c65-53bc-97e6-798802c9251a	chr17	34582840	36157718	3	3	0
7affb496-0c65-53bc-97e6-798802c9251a	chr17	36200725	36521030	8	6	2
7affb496-0c65-53bc-97e6-798802c9251a	chr17	36521650	37034170	3	3	0
7affb496-0c65-53bc-97e6-798802c9251a	chr17	37037355	42378716	5	3	2
7affb496-0c65-53bc-97e6-798802c9251a	chr17	42379223	42620415	4	3	1
7affb496-0c65-53bc-97e6-798802c9251a	chr17	42626443	49183403	6	3	3
7affb496-0c65-53bc-97e6-798802c9251a	chr17	49186423	49205723	3	2	1
7affb496-0c65-53bc-97e6-798802c9251a	chr17	49208961	50863061	8	4	4
7affb496-0c65-53bc-97e6-798802c9251a	chr17	50867535	56555331	3	3	0
7affb496-0c65-53bc-97e6-798802c9251a	chr17	56555568	57519180	6	3	3
7affb496-0c65-53bc-97e6-798802c9251a	chr17	57519417	66109683	3	3	0
7affb496-0c65-53bc-97e6-798802c9251a	chr17	66113571	68248848	8	4	4
7affb496-0c65-53bc-97e6-798802c9251a	chr17	68249300	71030807	3	3	0
7affb496-0c65-53bc-97e6-798802c9251a	chr17	71033305	71112143	4	3	1
7affb496-0c65-53bc-97e6-798802c9251a	chr17	71113477	72539665	3	3	0
7affb496-0c65-53bc-97e6-798802c9251a	chr17	72540994	73405550	8	5	3
7affb496-0c65-53bc-97e6-798802c9251a	chr17	73406133	76741926	3	3	0
7affb496-0c65-53bc-97e6-798802c9251a	chr17	76744318	77308440	6	3	3
7affb496-0c65-53bc-97e6-798802c9251a	chr17	77310739	77415802	2	2	0
7affb496-0c65-53bc-97e6-798802c9251a	chr17	77416252	78343559	6	3	3
7affb496-0c65-53bc-97e6-798802c9251a	chr17	78347238	80090675	4	3	1
7affb496-0c65-53bc-97e6-798802c9251a	chr17	80095298	80296981	2	2	0
7affb496-0c65-53bc-97e6-798802c9251a	chr17	80299014	80705179	6	4	2
7affb496-0c65-53bc-97e6-798802c9251a	chr17	80712531	82215270	2	2	0
7affb496-0c65-53bc-97e6-798802c9251a	chr17	82219976	82578648	4	3	1
7affb496-0c65-53bc-97e6-798802c9251a	chr17	82578675	83091923	2	2	0
7affb496-0c65-53bc-97e6-798802c9251a	chr18	48133	1552741	4	4	0
7affb496-0c65-53bc-97e6-798802c9251a	chr18	1560968	2667494	6	4	2
7affb496-0c65-53bc-97e6-798802c9251a	chr18	2669497	3010611	9	5	4
7affb496-0c65-53bc-97e6-798802c9251a	chr18	3015146	4843984	4	4	0
7affb496-0c65-53bc-97e6-798802c9251a	chr18	4845604	4980178	5	4	1
7affb496-0c65-53bc-97e6-798802c9251a	chr18	4985483	5560423	8	5	3
7affb496-0c65-53bc-97e6-798802c9251a	chr18	5561278	6205035	4	4	0
7affb496-0c65-53bc-97e6-798802c9251a	chr18	6206631	6744662	5	4	1
7affb496-0c65-53bc-97e6-798802c9251a	chr18	6745714	12989723	4	4	0
7affb496-0c65-53bc-97e6-798802c9251a	chr18	12991394	13216249	8	6	2
7affb496-0c65-53bc-97e6-798802c9251a	chr18	13225201	14419092	4	4	0
7affb496-0c65-53bc-97e6-798802c9251a	chr18	14420243	15402409	6	5	1
7affb496-0c65-53bc-97e6-798802c9251a	chr18	20949392	22247629	4	4	0
7affb496-0c65-53bc-97e6-798802c9251a	chr18	22248595	25748780	2	2	0
7affb496-0c65-53bc-97e6-798802c9251a	chr18	25755361	26477836	9	6	3
7affb496-0c65-53bc-97e6-798802c9251a	chr18	26485319	26779965	2	2	0
7affb496-0c65-53bc-97e6-798802c9251a	chr18	26781045	27147677	10	7	3
7affb496-0c65-53bc-97e6-798802c9251a	chr18	27147708	38449711	2	2	0
7affb496-0c65-53bc-97e6-798802c9251a	chr18	38453002	38647495	10	7	3
7affb496-0c65-53bc-97e6-798802c9251a	chr18	38651281	41208393	2	2	0
7affb496-0c65-53bc-97e6-798802c9251a	chr18	41211226	41373945	8	6	2
7affb496-0c65-53bc-97e6-798802c9251a	chr18	41375161	45345133	2	2	0
7affb496-0c65-53bc-97e6-798802c9251a	chr18	45346184	45656965	5	3	2
7affb496-0c65-53bc-97e6-798802c9251a	chr18	45657282	49803365	2	2	0
7affb496-0c65-53bc-97e6-798802c9251a	chr18	49804510	49896673	6	4	2
7affb496-0c65-53bc-97e6-798802c9251a	chr18	49898744	51454306	3	3	0
7affb496-0c65-53bc-97e6-798802c9251a	chr18	51455770	51993894	7	4	3
7affb496-0c65-53bc-97e6-798802c9251a	chr18	51994471	52686911	2	2	0
7affb496-0c65-53bc-97e6-798802c9251a	chr18	52688694	53043531	6	3	3
7affb496-0c65-53bc-97e6-798802c9251a	chr18	53044871	57176965	2	2	0
7affb496-0c65-53bc-97e6-798802c9251a	chr18	57180074	58322139	6	4	2
7affb496-0c65-53bc-97e6-798802c9251a	chr18	58324314	58377221	2	2	0
7affb496-0c65-53bc-97e6-798802c9251a	chr18	58379772	58861664	5	3	2
7affb496-0c65-53bc-97e6-798802c9251a	chr18	58865588	59012267	2	1	1
7affb496-0c65-53bc-97e6-798802c9251a	chr18	59012550	59736845	2	2	0
7affb496-0c65-53bc-97e6-798802c9251a	chr18	59736973	60271912	3	3	0
7affb496-0c65-53bc-97e6-798802c9251a	chr18	60272557	63295904	2	2	0
7affb496-0c65-53bc-97e6-798802c9251a	chr18	63299164	63720955	6	4	2
7affb496-0c65-53bc-97e6-798802c9251a	chr18	63722675	64809073	2	2	0
7affb496-0c65-53bc-97e6-798802c9251a	chr18	64811420	65269602	6	4	2
7affb496-0c65-53bc-97e6-798802c9251a	chr18	65270244	66140526	2	2	0
7affb496-0c65-53bc-97e6-798802c9251a	chr18	66150333	68306592	8	5	3
7affb496-0c65-53bc-97e6-798802c9251a	chr18	68307675	68825888	5	3	2
7affb496-0c65-53bc-97e6-798802c9251a	chr18	68826170	69241841	7	5	2
7affb496-0c65-53bc-97e6-798802c9251a	chr18	69241914	69409742	2	2	0
7affb496-0c65-53bc-97e6-798802c9251a	chr18	69410254	69750340	7	4	3
7affb496-0c65-53bc-97e6-798802c9251a	chr18	69750534	70603903	2	2	0
7affb496-0c65-53bc-97e6-798802c9251a	chr18	70604833	70683610	7	6	1
7affb496-0c65-53bc-97e6-798802c9251a	chr18	70687368	74531796	2	2	0
7affb496-0c65-53bc-97e6-798802c9251a	chr18	74532118	74765652	3	2	1
7affb496-0c65-53bc-97e6-798802c9251a	chr18	74765915	74788488	3	3	0
7affb496-0c65-53bc-97e6-798802c9251a	chr18	74789622	77646342	1	1	0
7affb496-0c65-53bc-97e6-798802c9251a	chr18	77646677	78227152	2	2	0
7affb496-0c65-53bc-97e6-798802c9251a	chr18	78228459	78457577	7	5	2
7affb496-0c65-53bc-97e6-798802c9251a	chr18	78458048	80257174	2	2	0
7affb496-0c65-53bc-97e6-798802c9251a	chr19	90910	19016760	3	3	0
7affb496-0c65-53bc-97e6-798802c9251a	chr19	19020513	58449114	4	4	0
7affb496-0c65-53bc-97e6-798802c9251a	chr19	58458732	58586487	2	2	0
7affb496-0c65-53bc-97e6-798802c9251a	chr20	80664	32620549	7	7	0
7affb496-0c65-53bc-97e6-798802c9251a	chr20	32623933	64324800	6	6	0
7affb496-0c65-53bc-97e6-798802c9251a	chr21	12973348	40974055	4	4	0
7affb496-0c65-53bc-97e6-798802c9251a	chr21	40974241	46677045	3	3	0
7affb496-0c65-53bc-97e6-798802c9251a	chr22	16392123	50796027	5	3	2
7affb496-0c65-53bc-97e6-798802c9251a	chrX	251810	1882751	2	2	0
7affb496-0c65-53bc-97e6-798802c9251a	chrX	1892047	2432545	1	1	0
7affb496-0c65-53bc-97e6-798802c9251a	chrX	2440099	2645638	2	2	0
7affb496-0c65-53bc-97e6-798802c9251a	chrX	2645818	2649506	3	3	0
7affb496-0c65-53bc-97e6-798802c9251a	chrX	2649606	2701613	1	1	0
7affb496-0c65-53bc-97e6-798802c9251a	chrX	2703417	2743052	2	2	0
7affb496-0c65-53bc-97e6-798802c9251a	chrX	2743811	9544516	2	1	1
7affb496-0c65-53bc-97e6-798802c9251a	chrX	9558598	10350392	0	0	0
7affb496-0c65-53bc-97e6-798802c9251a	chrX	10350719	29265857	2	1	1
7affb496-0c65-53bc-97e6-798802c9251a	chrX	29267000	29332604	2	2	0
7affb496-0c65-53bc-97e6-798802c9251a	chrX	29337063	29511726	0	0	0
7affb496-0c65-53bc-97e6-798802c9251a	chrX	29511819	29517389	1	1	0
7affb496-0c65-53bc-97e6-798802c9251a	chrX	29517719	45241419	2	1	1
7affb496-0c65-53bc-97e6-798802c9251a	chrX	45251387	45696338	4	2	2
7affb496-0c65-53bc-97e6-798802c9251a	chrX	45696641	45732185	4	4	0
7affb496-0c65-53bc-97e6-798802c9251a	chrX	45735778	156004181	2	1	1
7affb496-0c65-53bc-97e6-798802c9251a	chrY	2782397	26653788	1	1	0
7affb496-0c65-53bc-97e6-798802c9251a	chrY	56872112	56872112	0	0	0
