GDC_Aliquot	Chromosome	Start	End	Copy_Number	Major_Copy_Number	Minor_Copy_Number
4897fbf0-729d-5923-b824-917722e4d6d8	chr1	62920	6732913	3	2	1
4897fbf0-729d-5923-b824-917722e4d6d8	chr1	6733180	18235416	2	1	1
4897fbf0-729d-5923-b824-917722e4d6d8	chr1	18235623	22203274	4	3	1
4897fbf0-729d-5923-b824-917722e4d6d8	chr1	22203325	27221387	3	2	1
4897fbf0-729d-5923-b824-917722e4d6d8	chr1	27225835	66075991	2	1	1
4897fbf0-729d-5923-b824-917722e4d6d8	chr1	66076483	76831533	3	2	1
4897fbf0-729d-5923-b824-917722e4d6d8	chr1	76839524	80446747	4	2	2
4897fbf0-729d-5923-b824-917722e4d6d8	chr1	80447788	84800158	5	3	2
4897fbf0-729d-5923-b824-917722e4d6d8	chr1	84801130	84812296	12	8	4
4897fbf0-729d-5923-b824-917722e4d6d8	chr1	84813978	98914659	4	2	2
4897fbf0-729d-5923-b824-917722e4d6d8	chr1	98914840	99203378	5	3	2
4897fbf0-729d-5923-b824-917722e4d6d8	chr1	99203395	102925273	4	2	2
4897fbf0-729d-5923-b824-917722e4d6d8	chr1	102927901	117540280	3	2	1
4897fbf0-729d-5923-b824-917722e4d6d8	chr1	117541246	121705338	4	3	1
4897fbf0-729d-5923-b824-917722e4d6d8	chr1	143541857	147504327	4	2	2
4897fbf0-729d-5923-b824-917722e4d6d8	chr1	147506139	151046385	4	3	1
4897fbf0-729d-5923-b824-917722e4d6d8	chr1	151046704	153322177	3	2	1
4897fbf0-729d-5923-b824-917722e4d6d8	chr1	153329051	156956045	2	1	1
4897fbf0-729d-5923-b824-917722e4d6d8	chr1	156957216	158322446	4	3	1
4897fbf0-729d-5923-b824-917722e4d6d8	chr1	158322576	161943757	3	2	1
4897fbf0-729d-5923-b824-917722e4d6d8	chr1	161945597	168726239	4	3	1
4897fbf0-729d-5923-b824-917722e4d6d8	chr1	168726371	169774100	5	4	1
4897fbf0-729d-5923-b824-917722e4d6d8	chr1	169775506	176442437	3	2	1
4897fbf0-729d-5923-b824-917722e4d6d8	chr1	176442466	177993049	2	1	1
4897fbf0-729d-5923-b824-917722e4d6d8	chr1	177994436	196740630	1	1	0
4897fbf0-729d-5923-b824-917722e4d6d8	chr1	196741937	196761905	3	3	0
4897fbf0-729d-5923-b824-917722e4d6d8	chr1	196762480	201169584	1	1	0
4897fbf0-729d-5923-b824-917722e4d6d8	chr1	201170189	204101096	2	1	1
4897fbf0-729d-5923-b824-917722e4d6d8	chr1	204102762	224462072	1	1	0
4897fbf0-729d-5923-b824-917722e4d6d8	chr1	224463245	229235770	2	1	1
4897fbf0-729d-5923-b824-917722e4d6d8	chr1	229237586	248930189	1	1	0
4897fbf0-729d-5923-b824-917722e4d6d8	chr2	12784	3123657	3	2	1
4897fbf0-729d-5923-b824-917722e4d6d8	chr2	3125781	10604748	4	2	2
4897fbf0-729d-5923-b824-917722e4d6d8	chr2	10604763	10630994	1	1	0
4897fbf0-729d-5923-b824-917722e4d6d8	chr2	10631070	29851200	4	2	2
4897fbf0-729d-5923-b824-917722e4d6d8	chr2	29852027	29864526	11	6	5
4897fbf0-729d-5923-b824-917722e4d6d8	chr2	29865015	39587815	4	2	2
4897fbf0-729d-5923-b824-917722e4d6d8	chr2	39587839	50369469	5	3	2
4897fbf0-729d-5923-b824-917722e4d6d8	chr2	50370777	56534863	4	2	2
4897fbf0-729d-5923-b824-917722e4d6d8	chr2	56537511	76693978	3	2	1
4897fbf0-729d-5923-b824-917722e4d6d8	chr2	76694538	88216193	4	2	2
4897fbf0-729d-5923-b824-917722e4d6d8	chr2	88216243	88532767	3	2	1
4897fbf0-729d-5923-b824-917722e4d6d8	chr2	88536647	111566066	4	2	2
4897fbf0-729d-5923-b824-917722e4d6d8	chr2	111574340	117225690	2	2	0
4897fbf0-729d-5923-b824-917722e4d6d8	chr2	117228379	121039709	4	2	2
4897fbf0-729d-5923-b824-917722e4d6d8	chr2	121042192	121054246	9	5	4
4897fbf0-729d-5923-b824-917722e4d6d8	chr2	121055323	140889774	3	2	1
4897fbf0-729d-5923-b824-917722e4d6d8	chr2	140890043	140990520	1	1	0
4897fbf0-729d-5923-b824-917722e4d6d8	chr2	140990948	149061723	2	1	1
4897fbf0-729d-5923-b824-917722e4d6d8	chr2	149062583	157900336	2	2	0
4897fbf0-729d-5923-b824-917722e4d6d8	chr2	157900970	162564439	2	1	1
4897fbf0-729d-5923-b824-917722e4d6d8	chr2	162564769	166439531	3	2	1
4897fbf0-729d-5923-b824-917722e4d6d8	chr2	166441259	169090724	2	2	0
4897fbf0-729d-5923-b824-917722e4d6d8	chr2	169092819	211826667	2	1	1
4897fbf0-729d-5923-b824-917722e4d6d8	chr2	211826980	212340256	0	0	0
4897fbf0-729d-5923-b824-917722e4d6d8	chr2	212340277	242147305	2	1	1
4897fbf0-729d-5923-b824-917722e4d6d8	chr3	20930	4274957	5	4	1
4897fbf0-729d-5923-b824-917722e4d6d8	chr3	4275722	5662006	4	2	2
4897fbf0-729d-5923-b824-917722e4d6d8	chr3	5662212	7656611	5	4	1
4897fbf0-729d-5923-b824-917722e4d6d8	chr3	7657752	8052054	4	3	1
4897fbf0-729d-5923-b824-917722e4d6d8	chr3	8053587	8999410	5	4	1
4897fbf0-729d-5923-b824-917722e4d6d8	chr3	8999615	9877366	4	3	1
4897fbf0-729d-5923-b824-917722e4d6d8	chr3	9879043	11515892	2	1	1
4897fbf0-729d-5923-b824-917722e4d6d8	chr3	11517628	15498437	3	2	1
4897fbf0-729d-5923-b824-917722e4d6d8	chr3	15498966	23180440	4	3	1
4897fbf0-729d-5923-b824-917722e4d6d8	chr3	23180724	28106449	5	4	1
4897fbf0-729d-5923-b824-917722e4d6d8	chr3	28107341	28112933	11	9	2
4897fbf0-729d-5923-b824-917722e4d6d8	chr3	28112974	28952741	5	4	1
4897fbf0-729d-5923-b824-917722e4d6d8	chr3	28955639	31325096	6	5	1
4897fbf0-729d-5923-b824-917722e4d6d8	chr3	31325515	36742548	5	4	1
4897fbf0-729d-5923-b824-917722e4d6d8	chr3	36742673	45035331	3	2	1
4897fbf0-729d-5923-b824-917722e4d6d8	chr3	45039709	45553178	1	1	0
4897fbf0-729d-5923-b824-917722e4d6d8	chr3	45554738	50259274	2	2	0
4897fbf0-729d-5923-b824-917722e4d6d8	chr3	50259429	54372632	2	1	1
4897fbf0-729d-5923-b824-917722e4d6d8	chr3	54373013	60070062	4	3	1
4897fbf0-729d-5923-b824-917722e4d6d8	chr3	60070188	67557925	1	1	0
4897fbf0-729d-5923-b824-917722e4d6d8	chr3	67561861	68718987	2	1	1
4897fbf0-729d-5923-b824-917722e4d6d8	chr3	68719339	73349532	1	1	0
4897fbf0-729d-5923-b824-917722e4d6d8	chr3	73349688	73825626	4	2	2
4897fbf0-729d-5923-b824-917722e4d6d8	chr3	73828198	75338404	2	1	1
4897fbf0-729d-5923-b824-917722e4d6d8	chr3	75342398	75904323	3	2	1
4897fbf0-729d-5923-b824-917722e4d6d8	chr3	75904354	78359001	1	1	0
4897fbf0-729d-5923-b824-917722e4d6d8	chr3	78360888	79518124	3	2	1
4897fbf0-729d-5923-b824-917722e4d6d8	chr3	79518479	84633693	2	1	1
4897fbf0-729d-5923-b824-917722e4d6d8	chr3	84634677	84909926	4	3	1
4897fbf0-729d-5923-b824-917722e4d6d8	chr3	84910150	85581008	2	1	1
4897fbf0-729d-5923-b824-917722e4d6d8	chr3	85589241	94442917	3	2	1
4897fbf0-729d-5923-b824-917722e4d6d8	chr3	94448358	97288504	6	3	3
4897fbf0-729d-5923-b824-917722e4d6d8	chr3	97290489	98434888	4	2	2
4897fbf0-729d-5923-b824-917722e4d6d8	chr3	98435574	100585258	5	3	2
4897fbf0-729d-5923-b824-917722e4d6d8	chr3	100589661	115812894	3	2	1
4897fbf0-729d-5923-b824-917722e4d6d8	chr3	115813265	116566093	1	1	0
4897fbf0-729d-5923-b824-917722e4d6d8	chr3	116566950	116594557	0	0	0
4897fbf0-729d-5923-b824-917722e4d6d8	chr3	116594690	116594797	6	3	3
4897fbf0-729d-5923-b824-917722e4d6d8	chr3	116597006	117280357	0	0	0
4897fbf0-729d-5923-b824-917722e4d6d8	chr3	117280764	122633831	1	1	0
4897fbf0-729d-5923-b824-917722e4d6d8	chr3	122634514	123996135	2	1	1
4897fbf0-729d-5923-b824-917722e4d6d8	chr3	123997005	125096617	3	2	1
4897fbf0-729d-5923-b824-917722e4d6d8	chr3	125096670	128471816	2	1	1
4897fbf0-729d-5923-b824-917722e4d6d8	chr3	128472098	134807393	1	1	0
4897fbf0-729d-5923-b824-917722e4d6d8	chr3	134809081	134888036	2	2	0
4897fbf0-729d-5923-b824-917722e4d6d8	chr3	134888401	138874117	1	1	0
4897fbf0-729d-5923-b824-917722e4d6d8	chr3	138874132	142244212	2	2	0
4897fbf0-729d-5923-b824-917722e4d6d8	chr3	142249395	143027045	3	2	1
4897fbf0-729d-5923-b824-917722e4d6d8	chr3	143027418	149491674	2	2	0
4897fbf0-729d-5923-b824-917722e4d6d8	chr3	149495252	153042490	3	2	1
4897fbf0-729d-5923-b824-917722e4d6d8	chr3	153043685	159004568	2	2	0
4897fbf0-729d-5923-b824-917722e4d6d8	chr3	159004751	162790480	1	1	0
4897fbf0-729d-5923-b824-917722e4d6d8	chr3	162794869	162908192	8	8	0
4897fbf0-729d-5923-b824-917722e4d6d8	chr3	162908207	164694913	1	1	0
4897fbf0-729d-5923-b824-917722e4d6d8	chr3	164709494	169210939	5	3	2
4897fbf0-729d-5923-b824-917722e4d6d8	chr3	169212223	171428837	3	2	1
4897fbf0-729d-5923-b824-917722e4d6d8	chr3	171429025	174964233	2	1	1
4897fbf0-729d-5923-b824-917722e4d6d8	chr3	174966859	175178998	0	0	0
4897fbf0-729d-5923-b824-917722e4d6d8	chr3	175180200	175546119	2	1	1
4897fbf0-729d-5923-b824-917722e4d6d8	chr3	175546279	175789370	1	1	0
4897fbf0-729d-5923-b824-917722e4d6d8	chr3	175789521	176146444	5	4	1
4897fbf0-729d-5923-b824-917722e4d6d8	chr3	176147262	187400322	2	1	1
4897fbf0-729d-5923-b824-917722e4d6d8	chr3	187400533	187736191	4	3	1
4897fbf0-729d-5923-b824-917722e4d6d8	chr3	187753578	191346087	2	1	1
4897fbf0-729d-5923-b824-917722e4d6d8	chr3	191346220	191738431	1	1	0
4897fbf0-729d-5923-b824-917722e4d6d8	chr3	191738545	198169247	3	3	0
4897fbf0-729d-5923-b824-917722e4d6d8	chr4	68929	3461725	2	1	1
4897fbf0-729d-5923-b824-917722e4d6d8	chr4	3462155	66134955	3	2	1
4897fbf0-729d-5923-b824-917722e4d6d8	chr4	66134995	130243129	2	1	1
4897fbf0-729d-5923-b824-917722e4d6d8	chr4	130243239	142312203	3	2	1
4897fbf0-729d-5923-b824-917722e4d6d8	chr4	142313440	145571597	4	3	1
4897fbf0-729d-5923-b824-917722e4d6d8	chr4	145572537	147533967	3	2	1
4897fbf0-729d-5923-b824-917722e4d6d8	chr4	147534180	149207329	2	1	1
4897fbf0-729d-5923-b824-917722e4d6d8	chr4	149208343	166300616	3	2	1
4897fbf0-729d-5923-b824-917722e4d6d8	chr4	166302214	186957439	2	1	1
4897fbf0-729d-5923-b824-917722e4d6d8	chr4	186974971	190106768	3	2	1
4897fbf0-729d-5923-b824-917722e4d6d8	chr5	15532	73316900	3	2	1
4897fbf0-729d-5923-b824-917722e4d6d8	chr5	73319095	73333071	1	1	0
4897fbf0-729d-5923-b824-917722e4d6d8	chr5	73333977	96609349	3	2	1
4897fbf0-729d-5923-b824-917722e4d6d8	chr5	96609615	96786506	1	1	0
4897fbf0-729d-5923-b824-917722e4d6d8	chr5	96788112	101416184	3	2	1
4897fbf0-729d-5923-b824-917722e4d6d8	chr5	101416483	165549880	2	1	1
4897fbf0-729d-5923-b824-917722e4d6d8	chr5	165550671	165910946	0	0	0
4897fbf0-729d-5923-b824-917722e4d6d8	chr5	165913081	181363319	2	1	1
4897fbf0-729d-5923-b824-917722e4d6d8	chr6	149661	767710	2	2	0
4897fbf0-729d-5923-b824-917722e4d6d8	chr6	767905	1875649	3	2	1
4897fbf0-729d-5923-b824-917722e4d6d8	chr6	1877724	9015180	2	2	0
4897fbf0-729d-5923-b824-917722e4d6d8	chr6	9015336	18699189	3	2	1
4897fbf0-729d-5923-b824-917722e4d6d8	chr6	18699338	21103502	2	1	1
4897fbf0-729d-5923-b824-917722e4d6d8	chr6	21104008	23304055	2	2	0
4897fbf0-729d-5923-b824-917722e4d6d8	chr6	23304217	24013453	3	2	1
4897fbf0-729d-5923-b824-917722e4d6d8	chr6	24013636	33883396	2	2	0
4897fbf0-729d-5923-b824-917722e4d6d8	chr6	33883572	36598597	3	2	1
4897fbf0-729d-5923-b824-917722e4d6d8	chr6	36598736	40399399	4	2	2
4897fbf0-729d-5923-b824-917722e4d6d8	chr6	40400783	40877184	6	3	3
4897fbf0-729d-5923-b824-917722e4d6d8	chr6	40878369	46886382	4	2	2
4897fbf0-729d-5923-b824-917722e4d6d8	chr6	46886426	48055203	5	3	2
4897fbf0-729d-5923-b824-917722e4d6d8	chr6	48057942	48760383	2	1	1
4897fbf0-729d-5923-b824-917722e4d6d8	chr6	48760477	48785561	3	2	1
4897fbf0-729d-5923-b824-917722e4d6d8	chr6	48785827	49322186	2	1	1
4897fbf0-729d-5923-b824-917722e4d6d8	chr6	49322484	50869437	6	3	3
4897fbf0-729d-5923-b824-917722e4d6d8	chr6	50869504	55326425	4	2	2
4897fbf0-729d-5923-b824-917722e4d6d8	chr6	55327548	86535682	2	2	0
4897fbf0-729d-5923-b824-917722e4d6d8	chr6	86535779	92498385	1	1	0
4897fbf0-729d-5923-b824-917722e4d6d8	chr6	92500682	92785005	4	2	2
4897fbf0-729d-5923-b824-917722e4d6d8	chr6	92785464	93008555	2	1	1
4897fbf0-729d-5923-b824-917722e4d6d8	chr6	93008882	94002641	3	2	1
4897fbf0-729d-5923-b824-917722e4d6d8	chr6	94003786	94197311	7	5	2
4897fbf0-729d-5923-b824-917722e4d6d8	chr6	94205196	96026718	4	2	2
4897fbf0-729d-5923-b824-917722e4d6d8	chr6	96027135	101151951	3	2	1
4897fbf0-729d-5923-b824-917722e4d6d8	chr6	101159857	101206087	4	3	1
4897fbf0-729d-5923-b824-917722e4d6d8	chr6	101206164	103280350	1	1	0
4897fbf0-729d-5923-b824-917722e4d6d8	chr6	103282618	103314186	8	8	0
4897fbf0-729d-5923-b824-917722e4d6d8	chr6	103317795	109262840	2	2	0
4897fbf0-729d-5923-b824-917722e4d6d8	chr6	109264859	109277761	5	4	1
4897fbf0-729d-5923-b824-917722e4d6d8	chr6	109279320	124328679	1	1	0
4897fbf0-729d-5923-b824-917722e4d6d8	chr6	124328902	124333913	0	0	0
4897fbf0-729d-5923-b824-917722e4d6d8	chr6	124336005	141005882	1	1	0
4897fbf0-729d-5923-b824-917722e4d6d8	chr6	141008501	160018034	2	2	0
4897fbf0-729d-5923-b824-917722e4d6d8	chr6	160024666	170741917	1	1	0
4897fbf0-729d-5923-b824-917722e4d6d8	chr7	43259	860398	3	2	1
4897fbf0-729d-5923-b824-917722e4d6d8	chr7	861746	9348488	4	2	2
4897fbf0-729d-5923-b824-917722e4d6d8	chr7	9348788	25731531	5	3	2
4897fbf0-729d-5923-b824-917722e4d6d8	chr7	25733784	26107599	5	4	1
4897fbf0-729d-5923-b824-917722e4d6d8	chr7	26113274	32213087	5	3	2
4897fbf0-729d-5923-b824-917722e4d6d8	chr7	32213504	37227141	4	2	2
4897fbf0-729d-5923-b824-917722e4d6d8	chr7	37228050	37262277	9	5	4
4897fbf0-729d-5923-b824-917722e4d6d8	chr7	37265922	40136125	4	2	2
4897fbf0-729d-5923-b824-917722e4d6d8	chr7	40136404	45175777	5	3	2
4897fbf0-729d-5923-b824-917722e4d6d8	chr7	45177186	45186123	9	5	4
4897fbf0-729d-5923-b824-917722e4d6d8	chr7	45186189	47367614	4	2	2
4897fbf0-729d-5923-b824-917722e4d6d8	chr7	47367829	49619414	3	2	1
4897fbf0-729d-5923-b824-917722e4d6d8	chr7	49621720	49884724	4	2	2
4897fbf0-729d-5923-b824-917722e4d6d8	chr7	49889323	49967899	2	2	0
4897fbf0-729d-5923-b824-917722e4d6d8	chr7	49968215	50482136	5	3	2
4897fbf0-729d-5923-b824-917722e4d6d8	chr7	50482161	50501582	11	6	5
4897fbf0-729d-5923-b824-917722e4d6d8	chr7	50501643	50937365	5	3	2
4897fbf0-729d-5923-b824-917722e4d6d8	chr7	50937822	53488726	4	2	2
4897fbf0-729d-5923-b824-917722e4d6d8	chr7	53488927	75745339	3	2	1
4897fbf0-729d-5923-b824-917722e4d6d8	chr7	75746794	79878032	4	2	2
4897fbf0-729d-5923-b824-917722e4d6d8	chr7	79878316	80014642	2	1	1
4897fbf0-729d-5923-b824-917722e4d6d8	chr7	80017894	86069511	1	1	0
4897fbf0-729d-5923-b824-917722e4d6d8	chr7	86070465	95536258	2	1	1
4897fbf0-729d-5923-b824-917722e4d6d8	chr7	95541318	95726594	3	2	1
4897fbf0-729d-5923-b824-917722e4d6d8	chr7	95726972	108694134	2	1	1
4897fbf0-729d-5923-b824-917722e4d6d8	chr7	108695291	109797715	1	1	0
4897fbf0-729d-5923-b824-917722e4d6d8	chr7	109797717	109801187	13	13	0
4897fbf0-729d-5923-b824-917722e4d6d8	chr7	109801572	109813853	0	0	0
4897fbf0-729d-5923-b824-917722e4d6d8	chr7	109813925	113614482	1	1	0
4897fbf0-729d-5923-b824-917722e4d6d8	chr7	113616879	113844502	4	2	2
4897fbf0-729d-5923-b824-917722e4d6d8	chr7	113845133	115825666	2	1	1
4897fbf0-729d-5923-b824-917722e4d6d8	chr7	115827190	116699446	1	1	0
4897fbf0-729d-5923-b824-917722e4d6d8	chr7	116699480	120146231	4	2	2
4897fbf0-729d-5923-b824-917722e4d6d8	chr7	120148103	123709931	2	2	0
4897fbf0-729d-5923-b824-917722e4d6d8	chr7	123713690	126989477	2	1	1
4897fbf0-729d-5923-b824-917722e4d6d8	chr7	126990577	128668332	4	2	2
4897fbf0-729d-5923-b824-917722e4d6d8	chr7	128677604	134343828	2	2	0
4897fbf0-729d-5923-b824-917722e4d6d8	chr7	134344026	134536100	3	3	0
4897fbf0-729d-5923-b824-917722e4d6d8	chr7	134541075	146596005	3	2	1
4897fbf0-729d-5923-b824-917722e4d6d8	chr7	146597289	147091133	2	2	0
4897fbf0-729d-5923-b824-917722e4d6d8	chr7	147098765	147255136	0	0	0
4897fbf0-729d-5923-b824-917722e4d6d8	chr7	147257240	148046618	3	2	1
4897fbf0-729d-5923-b824-917722e4d6d8	chr7	148047175	159334314	2	2	0
4897fbf0-729d-5923-b824-917722e4d6d8	chr8	81254	5595080	1	1	0
4897fbf0-729d-5923-b824-917722e4d6d8	chr8	5595931	10364667	0	0	0
4897fbf0-729d-5923-b824-917722e4d6d8	chr8	10365920	41196737	1	1	0
4897fbf0-729d-5923-b824-917722e4d6d8	chr8	41196748	50049657	2	1	1
4897fbf0-729d-5923-b824-917722e4d6d8	chr8	50051669	52949407	0	0	0
4897fbf0-729d-5923-b824-917722e4d6d8	chr8	52955221	54388629	3	3	0
4897fbf0-729d-5923-b824-917722e4d6d8	chr8	54389021	58209283	4	2	2
4897fbf0-729d-5923-b824-917722e4d6d8	chr8	58209503	60057014	3	3	0
4897fbf0-729d-5923-b824-917722e4d6d8	chr8	60061058	60556947	2	2	0
4897fbf0-729d-5923-b824-917722e4d6d8	chr8	60560416	62788530	1	1	0
4897fbf0-729d-5923-b824-917722e4d6d8	chr8	62790968	63711475	5	3	2
4897fbf0-729d-5923-b824-917722e4d6d8	chr8	63712169	63728354	7	5	2
4897fbf0-729d-5923-b824-917722e4d6d8	chr8	63730056	65614332	1	1	0
4897fbf0-729d-5923-b824-917722e4d6d8	chr8	65620018	70844069	2	2	0
4897fbf0-729d-5923-b824-917722e4d6d8	chr8	70844973	73510631	5	5	0
4897fbf0-729d-5923-b824-917722e4d6d8	chr8	73511094	82410249	4	4	0
4897fbf0-729d-5923-b824-917722e4d6d8	chr8	82410861	85510860	3	3	0
4897fbf0-729d-5923-b824-917722e4d6d8	chr8	85512387	88446987	5	5	0
4897fbf0-729d-5923-b824-917722e4d6d8	chr8	88447005	90246419	6	6	0
4897fbf0-729d-5923-b824-917722e4d6d8	chr8	90246739	95350181	4	4	0
4897fbf0-729d-5923-b824-917722e4d6d8	chr8	95351015	95528479	5	4	1
4897fbf0-729d-5923-b824-917722e4d6d8	chr8	95529139	96333533	4	4	0
4897fbf0-729d-5923-b824-917722e4d6d8	chr8	96334913	96867957	6	5	1
4897fbf0-729d-5923-b824-917722e4d6d8	chr8	96871105	97327309	9	5	4
4897fbf0-729d-5923-b824-917722e4d6d8	chr8	97329650	98132296	15	12	3
4897fbf0-729d-5923-b824-917722e4d6d8	chr8	98132321	100626196	5	3	2
4897fbf0-729d-5923-b824-917722e4d6d8	chr8	100626358	100756423	3	2	1
4897fbf0-729d-5923-b824-917722e4d6d8	chr8	100756447	103020726	6	3	3
4897fbf0-729d-5923-b824-917722e4d6d8	chr8	103022407	103320284	2	2	0
4897fbf0-729d-5923-b824-917722e4d6d8	chr8	103321610	104351224	3	3	0
4897fbf0-729d-5923-b824-917722e4d6d8	chr8	104351673	105274622	5	3	2
4897fbf0-729d-5923-b824-917722e4d6d8	chr8	105278880	106046727	8	4	4
4897fbf0-729d-5923-b824-917722e4d6d8	chr8	106047139	108489189	5	3	2
4897fbf0-729d-5923-b824-917722e4d6d8	chr8	108491938	109604963	8	4	4
4897fbf0-729d-5923-b824-917722e4d6d8	chr8	109605345	111097179	11	6	5
4897fbf0-729d-5923-b824-917722e4d6d8	chr8	111098602	112337774	17	12	5
4897fbf0-729d-5923-b824-917722e4d6d8	chr8	112342527	114094469	24	19	5
4897fbf0-729d-5923-b824-917722e4d6d8	chr8	114095251	115032192	11	6	5
4897fbf0-729d-5923-b824-917722e4d6d8	chr8	115032275	115737122	7	4	3
4897fbf0-729d-5923-b824-917722e4d6d8	chr8	115744883	117795937	11	6	5
4897fbf0-729d-5923-b824-917722e4d6d8	chr8	117796327	119697034	9	5	4
4897fbf0-729d-5923-b824-917722e4d6d8	chr8	119697230	119929558	6	3	3
4897fbf0-729d-5923-b824-917722e4d6d8	chr8	119931903	120651162	17	13	4
4897fbf0-729d-5923-b824-917722e4d6d8	chr8	120653119	120994524	16	11	5
4897fbf0-729d-5923-b824-917722e4d6d8	chr8	120995703	122498223	18	13	5
4897fbf0-729d-5923-b824-917722e4d6d8	chr8	122498498	122863782	15	10	5
4897fbf0-729d-5923-b824-917722e4d6d8	chr8	122867208	123142113	20	16	4
4897fbf0-729d-5923-b824-917722e4d6d8	chr8	123143646	123559837	14	7	7
4897fbf0-729d-5923-b824-917722e4d6d8	chr8	123560351	123820043	28	21	7
4897fbf0-729d-5923-b824-917722e4d6d8	chr8	123820686	123946153	25	22	3
4897fbf0-729d-5923-b824-917722e4d6d8	chr8	123946292	125316270	15	12	3
4897fbf0-729d-5923-b824-917722e4d6d8	chr8	125316453	125893095	13	9	4
4897fbf0-729d-5923-b824-917722e4d6d8	chr8	125897171	126313157	18	15	3
4897fbf0-729d-5923-b824-917722e4d6d8	chr8	126313198	128236803	14	10	4
4897fbf0-729d-5923-b824-917722e4d6d8	chr8	128241577	129010267	18	14	4
4897fbf0-729d-5923-b824-917722e4d6d8	chr8	129010623	129191358	4	2	2
4897fbf0-729d-5923-b824-917722e4d6d8	chr8	129191627	129748892	5	4	1
4897fbf0-729d-5923-b824-917722e4d6d8	chr8	129748936	130140821	5	3	2
4897fbf0-729d-5923-b824-917722e4d6d8	chr8	130143627	130424241	15	11	4
4897fbf0-729d-5923-b824-917722e4d6d8	chr8	130427271	131383467	8	4	4
4897fbf0-729d-5923-b824-917722e4d6d8	chr8	131384065	131945542	12	6	6
4897fbf0-729d-5923-b824-917722e4d6d8	chr8	131946705	133809386	8	4	4
4897fbf0-729d-5923-b824-917722e4d6d8	chr8	133809951	136905215	3	3	0
4897fbf0-729d-5923-b824-917722e4d6d8	chr8	136908840	137003578	13	10	3
4897fbf0-729d-5923-b824-917722e4d6d8	chr8	137004627	138713538	5	3	2
4897fbf0-729d-5923-b824-917722e4d6d8	chr8	138713993	140327293	3	2	1
4897fbf0-729d-5923-b824-917722e4d6d8	chr8	140329315	140625507	6	3	3
4897fbf0-729d-5923-b824-917722e4d6d8	chr8	140625549	140752499	13	9	4
4897fbf0-729d-5923-b824-917722e4d6d8	chr8	140754747	141491390	2	2	0
4897fbf0-729d-5923-b824-917722e4d6d8	chr8	141493493	144422326	3	3	0
4897fbf0-729d-5923-b824-917722e4d6d8	chr8	144422360	145072769	2	1	1
4897fbf0-729d-5923-b824-917722e4d6d8	chr9	46587	28996565	1	1	0
4897fbf0-729d-5923-b824-917722e4d6d8	chr9	28997310	30999300	2	2	0
4897fbf0-729d-5923-b824-917722e4d6d8	chr9	30999305	36834332	1	1	0
4897fbf0-729d-5923-b824-917722e4d6d8	chr9	36836761	38330117	6	3	3
4897fbf0-729d-5923-b824-917722e4d6d8	chr9	38330139	41741113	5	3	2
4897fbf0-729d-5923-b824-917722e4d6d8	chr9	60863881	102044594	2	1	1
4897fbf0-729d-5923-b824-917722e4d6d8	chr9	102047525	102055773	0	0	0
4897fbf0-729d-5923-b824-917722e4d6d8	chr9	102056636	125961762	2	1	1
4897fbf0-729d-5923-b824-917722e4d6d8	chr9	125962025	138200944	3	2	1
4897fbf0-729d-5923-b824-917722e4d6d8	chr10	45792	3010244	2	2	0
4897fbf0-729d-5923-b824-917722e4d6d8	chr10	3012303	3013852	10	8	2
4897fbf0-729d-5923-b824-917722e4d6d8	chr10	3013886	36985192	2	2	0
4897fbf0-729d-5923-b824-917722e4d6d8	chr10	36985594	43820903	2	1	1
4897fbf0-729d-5923-b824-917722e4d6d8	chr10	43821670	44244146	10	8	2
4897fbf0-729d-5923-b824-917722e4d6d8	chr10	44251611	44423507	6	3	3
4897fbf0-729d-5923-b824-917722e4d6d8	chr10	44425055	44948079	8	6	2
4897fbf0-729d-5923-b824-917722e4d6d8	chr10	44951343	44966771	1	1	0
4897fbf0-729d-5923-b824-917722e4d6d8	chr10	44968587	44982644	9	7	2
4897fbf0-729d-5923-b824-917722e4d6d8	chr10	44983233	46279715	2	2	0
4897fbf0-729d-5923-b824-917722e4d6d8	chr10	46281263	48184045	8	6	2
4897fbf0-729d-5923-b824-917722e4d6d8	chr10	48187568	48240896	2	2	0
4897fbf0-729d-5923-b824-917722e4d6d8	chr10	48241270	50297865	2	1	1
4897fbf0-729d-5923-b824-917722e4d6d8	chr10	50302023	52170778	3	2	1
4897fbf0-729d-5923-b824-917722e4d6d8	chr10	52171238	54536540	2	1	1
4897fbf0-729d-5923-b824-917722e4d6d8	chr10	54536563	54550322	7	5	2
4897fbf0-729d-5923-b824-917722e4d6d8	chr10	54556481	54720023	0	0	0
4897fbf0-729d-5923-b824-917722e4d6d8	chr10	54725483	56570760	2	2	0
4897fbf0-729d-5923-b824-917722e4d6d8	chr10	56575142	76805357	1	1	0
4897fbf0-729d-5923-b824-917722e4d6d8	chr10	76809294	77493457	2	2	0
4897fbf0-729d-5923-b824-917722e4d6d8	chr10	77493503	82877491	1	1	0
4897fbf0-729d-5923-b824-917722e4d6d8	chr10	82880364	93834258	2	2	0
4897fbf0-729d-5923-b824-917722e4d6d8	chr10	93835407	93908570	4	4	0
4897fbf0-729d-5923-b824-917722e4d6d8	chr10	93910136	130694571	2	2	0
4897fbf0-729d-5923-b824-917722e4d6d8	chr10	130694656	133654968	1	1	0
4897fbf0-729d-5923-b824-917722e4d6d8	chr11	198510	20995947	1	1	0
4897fbf0-729d-5923-b824-917722e4d6d8	chr11	20996158	30025965	2	1	1
4897fbf0-729d-5923-b824-917722e4d6d8	chr11	30029317	32442206	1	1	0
4897fbf0-729d-5923-b824-917722e4d6d8	chr11	32442622	39768601	2	1	1
4897fbf0-729d-5923-b824-917722e4d6d8	chr11	39768837	41175942	3	2	1
4897fbf0-729d-5923-b824-917722e4d6d8	chr11	41179214	42865442	2	2	0
4897fbf0-729d-5923-b824-917722e4d6d8	chr11	42865550	50171573	4	2	2
4897fbf0-729d-5923-b824-917722e4d6d8	chr11	50171657	50560016	2	2	0
4897fbf0-729d-5923-b824-917722e4d6d8	chr11	50561088	55802262	3	2	1
4897fbf0-729d-5923-b824-917722e4d6d8	chr11	55802806	56819098	2	1	1
4897fbf0-729d-5923-b824-917722e4d6d8	chr11	56819930	58563752	3	2	1
4897fbf0-729d-5923-b824-917722e4d6d8	chr11	58564395	58649861	1	1	0
4897fbf0-729d-5923-b824-917722e4d6d8	chr11	58650488	76479322	3	2	1
4897fbf0-729d-5923-b824-917722e4d6d8	chr11	76479877	79290404	5	4	1
4897fbf0-729d-5923-b824-917722e4d6d8	chr11	79290795	79564827	4	4	0
4897fbf0-729d-5923-b824-917722e4d6d8	chr11	79565399	79634979	4	3	1
4897fbf0-729d-5923-b824-917722e4d6d8	chr11	79636086	79703187	1	1	0
4897fbf0-729d-5923-b824-917722e4d6d8	chr11	79706505	80265224	5	4	1
4897fbf0-729d-5923-b824-917722e4d6d8	chr11	80267064	80903734	0	0	0
4897fbf0-729d-5923-b824-917722e4d6d8	chr11	80904623	81069056	1	1	0
4897fbf0-729d-5923-b824-917722e4d6d8	chr11	81071246	81587522	0	0	0
4897fbf0-729d-5923-b824-917722e4d6d8	chr11	81587570	84232994	1	1	0
4897fbf0-729d-5923-b824-917722e4d6d8	chr11	84234031	84736744	0	0	0
4897fbf0-729d-5923-b824-917722e4d6d8	chr11	84748428	88224269	1	1	0
4897fbf0-729d-5923-b824-917722e4d6d8	chr11	88224653	88232018	5	4	1
4897fbf0-729d-5923-b824-917722e4d6d8	chr11	88232053	132246988	1	1	0
4897fbf0-729d-5923-b824-917722e4d6d8	chr11	132248998	132253080	5	4	1
4897fbf0-729d-5923-b824-917722e4d6d8	chr11	132256277	135074876	1	1	0
4897fbf0-729d-5923-b824-917722e4d6d8	chr12	51460	11744046	1	1	0
4897fbf0-729d-5923-b824-917722e4d6d8	chr12	11744183	30571033	2	2	0
4897fbf0-729d-5923-b824-917722e4d6d8	chr12	30571206	39171956	3	3	0
4897fbf0-729d-5923-b824-917722e4d6d8	chr12	39172044	42649781	3	2	1
4897fbf0-729d-5923-b824-917722e4d6d8	chr12	42651211	48189190	4	2	2
4897fbf0-729d-5923-b824-917722e4d6d8	chr12	48189708	50735767	2	1	1
4897fbf0-729d-5923-b824-917722e4d6d8	chr12	50736424	53803988	3	2	1
4897fbf0-729d-5923-b824-917722e4d6d8	chr12	53805058	56737110	4	3	1
4897fbf0-729d-5923-b824-917722e4d6d8	chr12	56737281	57372758	2	1	1
4897fbf0-729d-5923-b824-917722e4d6d8	chr12	57373627	58978628	5	4	1
4897fbf0-729d-5923-b824-917722e4d6d8	chr12	58978800	60891953	2	1	1
4897fbf0-729d-5923-b824-917722e4d6d8	chr12	60892077	63209372	5	4	1
4897fbf0-729d-5923-b824-917722e4d6d8	chr12	63209465	64685608	9	8	1
4897fbf0-729d-5923-b824-917722e4d6d8	chr12	64685631	65632055	5	4	1
4897fbf0-729d-5923-b824-917722e4d6d8	chr12	65632206	72165144	7	6	1
4897fbf0-729d-5923-b824-917722e4d6d8	chr12	72166112	74143734	4	3	1
4897fbf0-729d-5923-b824-917722e4d6d8	chr12	74144769	74365121	8	6	2
4897fbf0-729d-5923-b824-917722e4d6d8	chr12	74368370	74697978	5	4	1
4897fbf0-729d-5923-b824-917722e4d6d8	chr12	74701254	74728536	7	5	2
4897fbf0-729d-5923-b824-917722e4d6d8	chr12	74728958	74745362	8	6	2
4897fbf0-729d-5923-b824-917722e4d6d8	chr12	74745374	75426992	9	8	1
4897fbf0-729d-5923-b824-917722e4d6d8	chr12	75445290	77550829	5	4	1
4897fbf0-729d-5923-b824-917722e4d6d8	chr12	77551317	86165123	3	2	1
4897fbf0-729d-5923-b824-917722e4d6d8	chr12	86165916	92568459	2	1	1
4897fbf0-729d-5923-b824-917722e4d6d8	chr12	92570036	93470237	1	1	0
4897fbf0-729d-5923-b824-917722e4d6d8	chr12	93470514	94726040	5	4	1
4897fbf0-729d-5923-b824-917722e4d6d8	chr12	94729162	96878618	2	1	1
4897fbf0-729d-5923-b824-917722e4d6d8	chr12	96880522	105852816	1	1	0
4897fbf0-729d-5923-b824-917722e4d6d8	chr12	105859791	109539613	2	1	1
4897fbf0-729d-5923-b824-917722e4d6d8	chr12	109539659	115814921	3	2	1
4897fbf0-729d-5923-b824-917722e4d6d8	chr12	115815030	131154577	2	1	1
4897fbf0-729d-5923-b824-917722e4d6d8	chr12	131155480	131751629	3	2	1
4897fbf0-729d-5923-b824-917722e4d6d8	chr12	131753205	133201603	2	1	1
4897fbf0-729d-5923-b824-917722e4d6d8	chr13	18452809	53032402	2	1	1
4897fbf0-729d-5923-b824-917722e4d6d8	chr13	53032680	53072003	4	3	1
4897fbf0-729d-5923-b824-917722e4d6d8	chr13	53072591	114342922	2	1	1
4897fbf0-729d-5923-b824-917722e4d6d8	chr14	18239283	23717475	3	2	1
4897fbf0-729d-5923-b824-917722e4d6d8	chr14	23718696	28645310	4	2	2
4897fbf0-729d-5923-b824-917722e4d6d8	chr14	28645471	30027202	3	2	1
4897fbf0-729d-5923-b824-917722e4d6d8	chr14	30030717	33238134	2	1	1
4897fbf0-729d-5923-b824-917722e4d6d8	chr14	33238388	36169449	2	2	0
4897fbf0-729d-5923-b824-917722e4d6d8	chr14	36170000	39428944	1	1	0
4897fbf0-729d-5923-b824-917722e4d6d8	chr14	39429045	44899744	2	2	0
4897fbf0-729d-5923-b824-917722e4d6d8	chr14	44900541	61413099	1	1	0
4897fbf0-729d-5923-b824-917722e4d6d8	chr14	61413810	75397463	2	1	1
4897fbf0-729d-5923-b824-917722e4d6d8	chr14	75398170	76572948	3	2	1
4897fbf0-729d-5923-b824-917722e4d6d8	chr14	76573886	78551022	2	1	1
4897fbf0-729d-5923-b824-917722e4d6d8	chr14	78553693	88062720	1	1	0
4897fbf0-729d-5923-b824-917722e4d6d8	chr14	88063247	93781556	2	1	1
4897fbf0-729d-5923-b824-917722e4d6d8	chr14	93782724	97749214	1	1	0
4897fbf0-729d-5923-b824-917722e4d6d8	chr14	97750567	106877229	2	1	1
4897fbf0-729d-5923-b824-917722e4d6d8	chr15	19811075	24280358	1	1	0
4897fbf0-729d-5923-b824-917722e4d6d8	chr15	24281891	24462170	0	0	0
4897fbf0-729d-5923-b824-917722e4d6d8	chr15	24467876	62972864	1	1	0
4897fbf0-729d-5923-b824-917722e4d6d8	chr15	62972934	63502557	2	1	1
4897fbf0-729d-5923-b824-917722e4d6d8	chr15	63503638	76484045	3	2	1
4897fbf0-729d-5923-b824-917722e4d6d8	chr15	76486419	95861319	5	4	1
4897fbf0-729d-5923-b824-917722e4d6d8	chr15	95865247	98504890	7	5	2
4897fbf0-729d-5923-b824-917722e4d6d8	chr15	98505102	101928837	6	4	2
4897fbf0-729d-5923-b824-917722e4d6d8	chr16	10777	7770283	2	2	0
4897fbf0-729d-5923-b824-917722e4d6d8	chr16	7770616	12540018	1	1	0
4897fbf0-729d-5923-b824-917722e4d6d8	chr16	12540532	12553324	4	2	2
4897fbf0-729d-5923-b824-917722e4d6d8	chr16	12553430	13767949	2	1	1
4897fbf0-729d-5923-b824-917722e4d6d8	chr16	13768928	14616389	1	1	0
4897fbf0-729d-5923-b824-917722e4d6d8	chr16	14617537	18957125	4	3	1
4897fbf0-729d-5923-b824-917722e4d6d8	chr16	18958833	24077346	3	2	1
4897fbf0-729d-5923-b824-917722e4d6d8	chr16	24081043	27571496	2	1	1
4897fbf0-729d-5923-b824-917722e4d6d8	chr16	27571819	27809132	6	5	1
4897fbf0-729d-5923-b824-917722e4d6d8	chr16	27809700	36048855	2	1	1
4897fbf0-729d-5923-b824-917722e4d6d8	chr16	46441986	66568164	3	2	1
4897fbf0-729d-5923-b824-917722e4d6d8	chr16	66570701	66644709	1	1	0
4897fbf0-729d-5923-b824-917722e4d6d8	chr16	66646140	76725906	2	1	1
4897fbf0-729d-5923-b824-917722e4d6d8	chr16	76726459	78916357	3	2	1
4897fbf0-729d-5923-b824-917722e4d6d8	chr16	78916559	79701216	3	3	0
4897fbf0-729d-5923-b824-917722e4d6d8	chr16	79701756	85068838	1	1	0
4897fbf0-729d-5923-b824-917722e4d6d8	chr16	85070279	87010268	2	2	0
4897fbf0-729d-5923-b824-917722e4d6d8	chr16	87010385	90096867	1	1	0
4897fbf0-729d-5923-b824-917722e4d6d8	chr17	150733	7679695	1	1	0
4897fbf0-729d-5923-b824-917722e4d6d8	chr17	7679765	7807637	6	5	1
4897fbf0-729d-5923-b824-917722e4d6d8	chr17	7814050	8680142	11	11	0
4897fbf0-729d-5923-b824-917722e4d6d8	chr17	8680500	10714023	7	7	0
4897fbf0-729d-5923-b824-917722e4d6d8	chr17	10714183	13406363	8	8	0
4897fbf0-729d-5923-b824-917722e4d6d8	chr17	13410510	13555444	0	0	0
4897fbf0-729d-5923-b824-917722e4d6d8	chr17	13558954	13719394	4	4	0
4897fbf0-729d-5923-b824-917722e4d6d8	chr17	13720527	14349760	0	0	0
4897fbf0-729d-5923-b824-917722e4d6d8	chr17	14356106	14570278	7	7	0
4897fbf0-729d-5923-b824-917722e4d6d8	chr17	14577692	15027746	11	10	1
4897fbf0-729d-5923-b824-917722e4d6d8	chr17	15027917	15214406	4	4	0
4897fbf0-729d-5923-b824-917722e4d6d8	chr17	15225079	15769632	10	5	5
4897fbf0-729d-5923-b824-917722e4d6d8	chr17	15770470	15958811	7	7	0
4897fbf0-729d-5923-b824-917722e4d6d8	chr17	15966243	16066385	22	20	2
4897fbf0-729d-5923-b824-917722e4d6d8	chr17	16067368	16481673	9	8	1
4897fbf0-729d-5923-b824-917722e4d6d8	chr17	16483531	18946538	14	7	7
4897fbf0-729d-5923-b824-917722e4d6d8	chr17	18949865	20663490	11	8	3
4897fbf0-729d-5923-b824-917722e4d6d8	chr17	20668017	20932740	1	1	0
4897fbf0-729d-5923-b824-917722e4d6d8	chr17	20935420	22492285	6	5	1
4897fbf0-729d-5923-b824-917722e4d6d8	chr17	22492759	22634458	15	12	3
4897fbf0-729d-5923-b824-917722e4d6d8	chr17	22646179	27396812	7	6	1
4897fbf0-729d-5923-b824-917722e4d6d8	chr17	27399084	28596286	5	3	2
4897fbf0-729d-5923-b824-917722e4d6d8	chr17	28601021	28936521	11	9	2
4897fbf0-729d-5923-b824-917722e4d6d8	chr17	28936989	29793943	3	2	1
4897fbf0-729d-5923-b824-917722e4d6d8	chr17	29794039	30202124	10	5	5
4897fbf0-729d-5923-b824-917722e4d6d8	chr17	30203040	30477263	2	1	1
4897fbf0-729d-5923-b824-917722e4d6d8	chr17	30478928	30932881	5	4	1
4897fbf0-729d-5923-b824-917722e4d6d8	chr17	30932934	31274290	2	2	0
4897fbf0-729d-5923-b824-917722e4d6d8	chr17	31275392	33551570	4	3	1
4897fbf0-729d-5923-b824-917722e4d6d8	chr17	33552571	34130922	13	9	4
4897fbf0-729d-5923-b824-917722e4d6d8	chr17	34131221	34365553	9	5	4
4897fbf0-729d-5923-b824-917722e4d6d8	chr17	34365687	35116153	5	4	1
4897fbf0-729d-5923-b824-917722e4d6d8	chr17	35116295	38492212	3	2	1
4897fbf0-729d-5923-b824-917722e4d6d8	chr17	38492262	41062718	1	1	0
4897fbf0-729d-5923-b824-917722e4d6d8	chr17	41063331	43577832	2	1	1
4897fbf0-729d-5923-b824-917722e4d6d8	chr17	43578591	49466791	3	2	1
4897fbf0-729d-5923-b824-917722e4d6d8	chr17	49467036	50212494	8	7	1
4897fbf0-729d-5923-b824-917722e4d6d8	chr17	50212700	51374520	4	3	1
4897fbf0-729d-5923-b824-917722e4d6d8	chr17	51374848	51609126	6	5	1
4897fbf0-729d-5923-b824-917722e4d6d8	chr17	51612132	54434453	3	2	1
4897fbf0-729d-5923-b824-917722e4d6d8	chr17	54441533	55058440	11	9	2
4897fbf0-729d-5923-b824-917722e4d6d8	chr17	55061494	56406199	14	13	1
4897fbf0-729d-5923-b824-917722e4d6d8	chr17	56417287	56862354	11	10	1
4897fbf0-729d-5923-b824-917722e4d6d8	chr17	56862376	57762288	6	5	1
4897fbf0-729d-5923-b824-917722e4d6d8	chr17	57763000	59348174	5	5	0
4897fbf0-729d-5923-b824-917722e4d6d8	chr17	59350791	60519263	6	6	0
4897fbf0-729d-5923-b824-917722e4d6d8	chr17	60521897	61393611	1	1	0
4897fbf0-729d-5923-b824-917722e4d6d8	chr17	61393790	62925023	5	5	0
4897fbf0-729d-5923-b824-917722e4d6d8	chr17	62927202	62941723	1	1	0
4897fbf0-729d-5923-b824-917722e4d6d8	chr17	62942684	62951565	2	2	0
4897fbf0-729d-5923-b824-917722e4d6d8	chr17	62953884	67038851	1	1	0
4897fbf0-729d-5923-b824-917722e4d6d8	chr17	67039008	67479822	6	6	0
4897fbf0-729d-5923-b824-917722e4d6d8	chr17	67479944	67934980	2	2	0
4897fbf0-729d-5923-b824-917722e4d6d8	chr17	67942539	68809646	4	2	2
4897fbf0-729d-5923-b824-917722e4d6d8	chr17	68809722	70530215	7	5	2
4897fbf0-729d-5923-b824-917722e4d6d8	chr17	70535451	70671113	3	2	1
4897fbf0-729d-5923-b824-917722e4d6d8	chr17	70672288	70676290	4	3	1
4897fbf0-729d-5923-b824-917722e4d6d8	chr17	70678637	70956377	9	7	2
4897fbf0-729d-5923-b824-917722e4d6d8	chr17	70956728	74547688	3	2	1
4897fbf0-729d-5923-b824-917722e4d6d8	chr17	74548524	74689025	7	5	2
4897fbf0-729d-5923-b824-917722e4d6d8	chr17	74694557	77147722	3	2	1
4897fbf0-729d-5923-b824-917722e4d6d8	chr17	77147956	77311925	6	5	1
4897fbf0-729d-5923-b824-917722e4d6d8	chr17	77313088	77401236	4	2	2
4897fbf0-729d-5923-b824-917722e4d6d8	chr17	77401305	77570226	8	7	1
4897fbf0-729d-5923-b824-917722e4d6d8	chr17	77574847	77811500	4	2	2
4897fbf0-729d-5923-b824-917722e4d6d8	chr17	77812264	78025192	8	4	4
4897fbf0-729d-5923-b824-917722e4d6d8	chr17	78025314	80977365	4	2	2
4897fbf0-729d-5923-b824-917722e4d6d8	chr17	80977377	81080876	9	7	2
4897fbf0-729d-5923-b824-917722e4d6d8	chr17	81084478	83091923	3	2	1
4897fbf0-729d-5923-b824-917722e4d6d8	chr18	48133	15402409	2	1	1
4897fbf0-729d-5923-b824-917722e4d6d8	chr18	20949392	31985071	1	1	0
4897fbf0-729d-5923-b824-917722e4d6d8	chr18	31985813	36536590	2	1	1
4897fbf0-729d-5923-b824-917722e4d6d8	chr18	36537829	36602601	3	2	1
4897fbf0-729d-5923-b824-917722e4d6d8	chr18	36602697	57105349	1	1	0
4897fbf0-729d-5923-b824-917722e4d6d8	chr18	57105716	58340060	4	2	2
4897fbf0-729d-5923-b824-917722e4d6d8	chr18	58342372	66379260	3	2	1
4897fbf0-729d-5923-b824-917722e4d6d8	chr18	66379705	68845461	1	1	0
4897fbf0-729d-5923-b824-917722e4d6d8	chr18	68846019	69527687	2	1	1
4897fbf0-729d-5923-b824-917722e4d6d8	chr18	69528205	71466593	1	1	0
4897fbf0-729d-5923-b824-917722e4d6d8	chr18	71466969	74522721	3	2	1
4897fbf0-729d-5923-b824-917722e4d6d8	chr18	74529812	74634049	7	4	3
4897fbf0-729d-5923-b824-917722e4d6d8	chr18	74636871	76161793	4	2	2
4897fbf0-729d-5923-b824-917722e4d6d8	chr18	76163198	76996606	2	1	1
4897fbf0-729d-5923-b824-917722e4d6d8	chr18	76996818	80257174	1	1	0
4897fbf0-729d-5923-b824-917722e4d6d8	chr19	90910	21594185	2	1	1
4897fbf0-729d-5923-b824-917722e4d6d8	chr19	21594280	31445834	4	2	2
4897fbf0-729d-5923-b824-917722e4d6d8	chr19	31446180	34273575	3	2	1
4897fbf0-729d-5923-b824-917722e4d6d8	chr19	34273735	37092393	4	2	2
4897fbf0-729d-5923-b824-917722e4d6d8	chr19	37095278	40410029	3	2	1
4897fbf0-729d-5923-b824-917722e4d6d8	chr19	40426611	52582223	2	2	0
4897fbf0-729d-5923-b824-917722e4d6d8	chr19	52582810	52616560	0	0	0
4897fbf0-729d-5923-b824-917722e4d6d8	chr19	52617306	55024838	2	2	0
4897fbf0-729d-5923-b824-917722e4d6d8	chr19	55026094	56708442	3	2	1
4897fbf0-729d-5923-b824-917722e4d6d8	chr19	56711602	58586487	2	2	0
4897fbf0-729d-5923-b824-917722e4d6d8	chr20	80664	1555714	2	1	1
4897fbf0-729d-5923-b824-917722e4d6d8	chr20	1555750	19973075	3	2	1
4897fbf0-729d-5923-b824-917722e4d6d8	chr20	19973957	20643806	2	1	1
4897fbf0-729d-5923-b824-917722e4d6d8	chr20	20645772	53224169	3	2	1
4897fbf0-729d-5923-b824-917722e4d6d8	chr20	53227195	54643947	4	3	1
4897fbf0-729d-5923-b824-917722e4d6d8	chr20	54647831	60279173	6	4	2
4897fbf0-729d-5923-b824-917722e4d6d8	chr20	60279229	60432007	6	5	1
4897fbf0-729d-5923-b824-917722e4d6d8	chr20	60432049	62147583	5	4	1
4897fbf0-729d-5923-b824-917722e4d6d8	chr20	62148932	64324800	4	3	1
4897fbf0-729d-5923-b824-917722e4d6d8	chr21	12973348	37552485	2	1	1
4897fbf0-729d-5923-b824-917722e4d6d8	chr21	37553998	38576582	2	2	0
4897fbf0-729d-5923-b824-917722e4d6d8	chr21	38577066	39559319	2	1	1
4897fbf0-729d-5923-b824-917722e4d6d8	chr21	39559408	39668768	3	3	0
4897fbf0-729d-5923-b824-917722e4d6d8	chr21	39671263	46677045	2	1	1
4897fbf0-729d-5923-b824-917722e4d6d8	chr22	16392123	17202666	6	3	3
4897fbf0-729d-5923-b824-917722e4d6d8	chr22	17203454	19099248	3	2	1
4897fbf0-729d-5923-b824-917722e4d6d8	chr22	19100402	22998735	5	3	2
4897fbf0-729d-5923-b824-917722e4d6d8	chr22	23002461	26263301	3	2	1
4897fbf0-729d-5923-b824-917722e4d6d8	chr22	26265534	27263068	2	1	1
4897fbf0-729d-5923-b824-917722e4d6d8	chr22	27263813	35288610	1	1	0
4897fbf0-729d-5923-b824-917722e4d6d8	chr22	35292630	36183164	2	1	1
4897fbf0-729d-5923-b824-917722e4d6d8	chr22	36183513	41721647	3	2	1
4897fbf0-729d-5923-b824-917722e4d6d8	chr22	41722750	44178524	1	1	0
4897fbf0-729d-5923-b824-917722e4d6d8	chr22	44178667	44719669	2	2	0
4897fbf0-729d-5923-b824-917722e4d6d8	chr22	44719699	44862909	0	0	0
4897fbf0-729d-5923-b824-917722e4d6d8	chr22	44863046	50796027	2	2	0
4897fbf0-729d-5923-b824-917722e4d6d8	chrX	251810	1482489	2	1	1
4897fbf0-729d-5923-b824-917722e4d6d8	chrX	1488257	4413808	5	3	2
4897fbf0-729d-5923-b824-917722e4d6d8	chrX	4413874	5456873	3	2	1
4897fbf0-729d-5923-b824-917722e4d6d8	chrX	5458526	5870473	2	1	1
4897fbf0-729d-5923-b824-917722e4d6d8	chrX	5874940	13435708	3	2	1
4897fbf0-729d-5923-b824-917722e4d6d8	chrX	13436108	15447026	6	4	2
4897fbf0-729d-5923-b824-917722e4d6d8	chrX	15448044	16569626	3	2	1
4897fbf0-729d-5923-b824-917722e4d6d8	chrX	16571637	39317989	1	1	0
4897fbf0-729d-5923-b824-917722e4d6d8	chrX	39320021	51870775	2	1	1
4897fbf0-729d-5923-b824-917722e4d6d8	chrX	51872772	57245078	3	2	1
4897fbf0-729d-5923-b824-917722e4d6d8	chrX	57248354	69564414	4	2	2
4897fbf0-729d-5923-b824-917722e4d6d8	chrX	69564985	87651133	3	2	1
4897fbf0-729d-5923-b824-917722e4d6d8	chrX	87654324	95141627	4	2	2
4897fbf0-729d-5923-b824-917722e4d6d8	chrX	95141864	95159272	10	5	5
4897fbf0-729d-5923-b824-917722e4d6d8	chrX	95160023	98029761	4	2	2
4897fbf0-729d-5923-b824-917722e4d6d8	chrX	98030130	100228507	3	2	1
4897fbf0-729d-5923-b824-917722e4d6d8	chrX	100228699	145718218	2	1	1
4897fbf0-729d-5923-b824-917722e4d6d8	chrX	145719113	146102465	3	2	1
4897fbf0-729d-5923-b824-917722e4d6d8	chrX	146103457	146552323	4	2	2
4897fbf0-729d-5923-b824-917722e4d6d8	chrX	146552815	150264033	3	2	1
4897fbf0-729d-5923-b824-917722e4d6d8	chrX	150265568	151976060	4	2	2
4897fbf0-729d-5923-b824-917722e4d6d8	chrX	151976689	156004181	3	2	1
4897fbf0-729d-5923-b824-917722e4d6d8	chrY	2782397	26653788	0	0	0
4897fbf0-729d-5923-b824-917722e4d6d8	chrY	56872112	56872112	4	4	0
